sequence_id	v_call	j_call	c_call	junction	family
0	IGHV6-1*01	IGHJ5*01	IGHA1	TGTGCAAGGGGACTTTGGTCAGAAGGTTTCGACTCCTGG	70615
1	IGHV1-8*01	IGHJ4*02	IGHA1	TGTTCGAGAGCGGGTCTCATGGCTGCCTTGGGGGACTTCTGG	14378
2	IGHV4-39*01	IGHJ5*02	IGHA1	TGTGCGAGAGGGGTCATAGTGACAGCTACAACATCGTGGTTCGACCCCTGG	58494
11	IGHV4-59*01	IGHJ4*02	IGHM	TGTGCGAGAGAGCTGCCAGCAGCTGGTCACTTTGACTCTTGG	62617
3	IGHV3-21*01	IGHJ4*02	IGHA1	TGTGCGAGAGGGGGTGTTACTACTAGGTGCTATGACTACTGG	21916
4	IGHV4-59*01	IGHJ4*02	IGHA1	TGTGCGAGAGTGGAACGCGATATTTGGAGTGAATATTTGACCATTGACAACTGG	63472
16	IGHV6-1*01	IGHJ4*02	IGHM	TGTGCAAGAGGGGTATACAATTCCTTTGACTACTGG	70032
8	IGHV3-48*04	IGHJ4*02	IGHM	TGTGTGAGGGGGACGCCTGATAAAGCGTACTTTGAGTACTGG	34155
17	IGHV4-39*01	IGHJ4*02	IGHM	TGTGCGAGACATTATAAATTTCTCAATATAGTGGCTACGATGGGCCCCTTTGACAACTGG	57331
9	IGHV4-4*07	IGHJ3*01	IGHA1	TGTGCGAGAGTGGTGGTTACTGCTACTCGTGGTGTTTTTGATCTTTGG	60121
5	IGHV4-34*01	IGHJ2*01	IGHA1	TGTGCGAGAGACTCTGGCGTGGTGCGCGGTCCTGTTGTGATCGTGGGTGGGGATCCATATTTCGATCTCTGG	50247
21	IGHV4-39*01	IGHJ4*02	IGHM	TGTGTGAGACATATGTATTACTCTGGTAGTAATGGTTATTGGTACTGG	55775
6	IGHV1-2*02	IGHJ4*02	IGHA1	TGTGTGAGAGGAGGCCGCACTAGTGTGAAATCATTACTTGTTTATGAATACTGG	5833
10	IGHV3-74*01	IGHJ4*02	IGHA1	TGCGCAAGAGGGTCGTTTCACTCTGATGAGGACGTCCTTGACTACTGG	45010
7	IGHV1-8*01	IGHJ4*02	IGHA1	TGTTCGAGAGCGGGTCTCTGGGCTGCCTTGGGGGACTTCTGG	14378
13	IGHV3-74*01	IGHJ4*02	IGHA1	TGTGTAAGAGATTTCGTGGGACCGAGGGACTACTGG	44090
26	IGHV1-2*02	IGHJ4*02	IGHM	TGTGTGACTCTAGACTATGGTGACTACGTTTTCGACTACTGG	4557
20	IGHV4-39*01	IGHJ2*01	IGHA1	TGTGCGAGACATGAAAAGAAGGACCACCATGATAGTAGTGGCACCCCCCTAAAGTGGCACTTCGATCTCTGG	53401
12	IGHV3-53*01	IGHJ3*02	IGHA1	TGTGCGCGGTCTATTAACTTGCACGAGGCTATTGATATGTGG	36641
14	IGHV3-74*01	IGHJ3*02	IGHA1	TGTGCAAGTGGCAACCCGGCGGCCGGATATGCTTTTGATATCTGG	43638
19	IGHV4-34*01	IGHJ3*01	IGHA1	TGTGCGCGAGGCTGGCGATATTGTATTAGGCCCAGCTGCAGACTTGCTTATGATCTCTGG	50404
31	IGHV4-39*01	IGHJ4*02	IGHA1	TGTGTGAGACATTCAGTTGGAACAATGATGGATTACTGG	54770
22	IGHV1-18*04	IGHJ4*02	IGHA1	TGTGCGAGAGATGCCTCCTATAATAATGGCTGGGGATTTGACTACTGG	1023
18	IGHV3-74*01	IGHJ4*02	IGHA1	TGTGCAAGAGGGCCACCAGGTTGGTACGGCTCTGACTACTGG	44589
41	IGHV1-8*01	IGHJ4*02	IGHM	TGTGCGAGAAAGGCGGTTTCGGGCAGTGGCCGGTACCCTTTTGACTTCTGG	14530
24	IGHV3-74*01	IGHJ4*02	IGHA1	TGTGCAAGAGATGGAGTGGGAGCCATTGACTTGGACTACTGG	44561
28	IGHV4-34*01	IGHJ2*01	IGHA1	TGTGCGAGAGACTCTGGCGTGGTGCGCAGTATGATTATGATCGTAGGTGGTGATCCAAACCTCGATATCTGG	50244
42	IGHV1-2*02	IGHJ3*01	IGHM	TGTGCGAGGGAAATGGGGGTCATGGCTTTTACTGTCTGG	3333
27	IGHV1-2*02	IGHJ4*02	IGHA1	TGTGCGAGCCATGGGCACTACGGTGACTCACTTGACTACTGG	4486
23	IGHV3-7*01	IGHJ6*02	IGHA1	TGTGCGAGATTGCGATATGGTGGCGGCGAACGAGATATGGACGTCTGG	41771
38	IGHV4-61*08	IGHJ4*02	IGHA1	TGTGCGAGAGATACTTTAGGGATGGCTACAATAGAAGACTGG	65057
35	IGHV1-45*02	IGHJ4*02	IGHA1	TGTGCAAGTTCGAACAACAGTCCGCACTATTCTTTTGACTATTGG	8454
34	IGHV1-2*02	IGHJ3*01	IGHA1	TGTGCGAGAGAGCTCAGGGGAAATACCTACCTGGATTCTCTTGAGTTCTGG	3485
44	IGHV1-18*04	IGHJ4*02	IGHA1	TGTGCGAGAGATACTACGTATAGTAGTGGCTGGGGATTTGACTTCTGG	1023
39	IGHV4-39*01	IGHJ4*02	IGHA1	TGTGCGAGACAAGGCCGGGGTTACAATGACCTGGACTACTGG	54871
54	IGHV4-4*08	IGHJ4*02	IGHA1	TGTGCGAGAGGGATTTACTATGACAGTAGTGGCTTTGACTTCTGG	60574
30	IGHV3-30*03	IGHJ3*01	IGHA1	TGTGCGACCCGGGAAATGTACTACTATGATGCCACTGGATTTCCGCGAGATGGCTTTGATGCCTGG	29283
37	IGHV4-34*01	IGHJ5*02	IGHA1	TGTGCGAGAGGCCAGGGATTTTGTGGTGAGACCAGGTGCTTTTACAACTGGTTCGACCCCTGG	52187
33	IGHV3-53*02	IGHJ3*02	IGHA1	TGTGCGAGAGAATTGGTTCGGGGCGATAGTGATGCTTTTGATATCTGG	36669
45	IGHV3-30*03	IGHJ4*02	IGHA1	TGTGCCGTCGGGACGACCGATGACTACAGTAACTACCCTGACTACTGG	29738
112	IGHV2-5*01	IGHJ4*02	IGHM	TGTGCACACTGGATTAGTAGTAACAGGTGCTCTACTGAATGCTACTTTGACCACTGG	16318
57	IGHV1-8*01	IGHJ4*02	IGHA1	TGTGCGAGAGGCCAATACACTGGCTCCGATTGGTATTTTGACTACTGG	14489
40	IGHV4-39*02	IGHJ3*01	IGHA1	TGTGCGAACTCCGGTGACTACAGTCATAATGCTTTTGATCTCTGG	53509
58	IGHV3-9*01	IGHJ4*02	IGHA1	TGTGTAAAAAGTGTGGTCGCAGCAGATGCCACTTACTTTGACTACTGG	47209
43	IGHV3-74*01	IGHJ4*02	IGHA1	TGTGTAAGAGGGTCTCATAACAGTTATTCTGACCACGTCCTCTTTGACTATTGG	45263
61	IGHV3-30*18	IGHJ6*02	IGHM	TGTGCGAAAGTCTGGGAATTATGGGGTACAGCAGCACCTGACCGCTACGCTATGGACGTCTGG	31430
64	IGHV4-39*01	IGHJ6*02	IGHA1	TGTGCTCGCTACTACTTCTTCGCTATCGACGTCTGG	59309
53	IGHV3-74*01	IGHJ4*02	IGHA1	TGTGCAAGATTTAAGGGAACCAGTTATGATTCCGGTGACTACTGG	44735
47	IGHV3-9*01	IGHJ6*02	IGHA1	TGTGCAAAAGATACGATGTGTTGGGGAGACATGACCAGGACATGTGATAGTTACGGTATGGACGTCTGG	48761
51	IGHV3-21*07	IGHJ4*02	IGHA1	TGTACGAGAGAGGGTTATGATGCTAATGGAGATCTTGACTACTGG	21956
46	IGHV3-48*02	IGHJ4*02	IGHA1	TGCGTGAGAGAGAGTGAGCATCACATGTTTACGTGG	33875
36	IGHV3-53*02	IGHJ5*02	IGHA1	TGTGCGAAATCTCGATACAGCCTGGGATGGTTCGACCCCTGG	37921
49	IGHV1-24*01	IGHJ4*02	IGHA1	TGTGCATCGGATGGCTACACCTATGGTTCCTTTGTCTACTGG	8037
52	IGHV3-53*01	IGHJ4*02	IGHA1	TGTGCGAGCCCCCATGGTAGTAGTGGTTATTACTATCTTGACTACTGG	37593
63	IGHV3-74*01	IGHJ2*01	IGHA1	TGTGCGAGGGTATCGCCCAACTGGTACAACGATCTCTGG	43473
55	IGHV4-34*02	IGHJ5*02	IGHA1	TGTGCGAGACGCGGAAATCCTTCGGGAAGTTATTCTAGGACGGGATTCGACCCCTGG	52099
67	IGHV4-61*01	IGHJ4*02	IGHA1	TGTGCGATTGGTTCAGATGCCTACAAGGTACACTACTGG	65008
60	IGHV4-39*01	IGHJ5*02	IGHA1	TGTGCGAGACGTATTAAGACTACGGTGACACACCATAACCCAAGAAGGTACAACTGGTTCGACCCCTGG	59209
66	IGHV3-74*01	IGHJ4*02	IGHA1	TGTATAAGTCTTAGTCCCCCACGGGCGTGG	43897
65	IGHV3-11*01	IGHJ4*02	IGHA1	TGTGCGAGAGATGCCCTTATGTACACTTTTGACTATTGG	17609
62	IGHV4-39*01	IGHJ4*02	IGHA1	TGTGCGAGACATAAGTGGTTGGGTGTTTCGATTTTTGGAGGGCCGTTTGCCTCCTGG	57029
50	IGHV3-48*02	IGHJ4*02	IGHA1	TGTGCGACACTGCAGACTACGGGGGGTCGTCGTTTTGAGTCCTGG	34207
75	IGHV4-4*07	IGHJ4*02	IGHA1	TGTGCGAGAGGATATGGGGCTGCTACTCGTGAGGCTTTGGACTACTGG	60682
106	IGHV3-15*01	IGHJ3*01	IGHM	TGTACCACAGGACTTTGTACTACTACCAGCTGCCATTGGGACGATGCTTTTGATGTCTGG	19287
68	IGHV1-8*01	IGHJ5*02	IGHA1	TGTGCGAGAAGTGCTGACCCCCTACACAACTGGTTCGAGCCCTGG	14817
56	IGHV3-74*03	IGHJ4*02	IGHA1	TGTGTGAGGACGGCATATACCAGCAGCCCGCGCGGTGACTCTTGG	44925
94	IGHV4-30-4*09	IGHJ4*02	IGHA1	TGTGCGAGAAGCCCTCGCAGAGATTCATATAATTACATTGACTCTTGG	49377
69	IGHV1-69*01	IGHJ5*02	IGHA1	TGTGCGAGAGAGAGAGATCCGCATGATGATAGTAATGGGTACAATTGGTTCGACCCCTGG	12681
15	IGHV3-74*01	IGHJ4*02	IGHG1	TGTGTAAGGCTAACCGATCCTACTTGG	43871
84	IGHV4-39*02	IGHJ4*02	IGHA1	TGTGCGGGAGATAGAAATCCACAATGGTTCTACTACTGG	54732
71	IGHV4-59*01	IGHJ4*02	IGHA1	TGTGCGAGGTCCTCAGAGTTGGGTCCCATGAAACCTCGACCTTATTTTGACTCCTGG	63568
100	IGHV3-23*01	IGHJ4*02	IGHM	TGTGCGAAAGCCTATTTAGTGGCTACGATTTGGACCAGAGAGTACTACTTTGACTACTGG	27465
96	IGHV2-5*01	IGHJ4*02	IGHA1	TGTGCGCACACGCGTTATCGTGATAGTAGTGCTGTCCCCCCCCCTGACTATTGG	16202
70	IGHV3-11*01	IGHJ4*02	IGHA1	TGTGCGAGAGATGCCCTTGTGTTTACTTTTGACTATTGG	17609
83	IGHV1-2*02	IGHJ4*02	IGHA1	TGTGCGAGGCATTTACGGGTCATAAGTGCCTGGTACTTTGACTACTGG	5215
82	IGHV4-61*01	IGHJ5*02	IGHA1	TGTGCGAGAGGGGTAGCCCCCATATTCAACAATAACTGGTTCGACCCCTGG	65641
126	IGHV4-59*01	IGHJ3*01	IGHA1	TGTGCGAGGGCCCTCCGCGGCGGTATCTCGTCTTTTGATGTCTGG	62009
102	IGHV4-39*01	IGHJ4*02	IGHA1	TGTGCGAGAGGGTTGAAAAGATATTACGATTTTTGGACGGGTTACCCCTTTGACTACTGG	57404
72	IGHV5-51*01	IGHJ4*02	IGHA1	TGTACGAGCCGCCCGAGAGAAGTAAGAGGGCAGCCGGAGTGGTTCTTCTACTGG	68061
105	IGHV5-51*01	IGHJ4*02	IGHA1	TGTGCGAGACAAGGTGGTACCCTCACTTTTGACTACTGG	66922
115	IGHV3-7*01	IGHJ1*01	IGHM	TGTACCGCCACTACAGTAGGAACGCCTGGGGTCGACTGG	38415
85	IGHV3-33*01	IGHJ4*02	IGHA1	TGTGTGAGACATAATCACCAACTGAATTATGATTATTGG	32076
92	IGHV3-21*01	IGHJ4*02	IGHA1	TGTACGAGAGAGGGTTCTGATGCTAATGGAGATCTTCAGTACTGG	21956
89	IGHV1-18*04	IGHJ4*02	IGHA1	TGTGCGAGAGACACCACCTATAGTAGTGGCTGGGGATTTGACCACTGG	1023
108	IGHV1-2*02	IGHJ4*02	IGHA1	TGTGTGAGGGATCCCGTGGAGCTGCACCTAGACCTTGACTACTGG	4945
132	IGHV4-4*07	IGHJ5*01	IGHA1	TGTGCGAGGTCTGATAGTGGGAGTTTCCAGTACCACTTCGACTCTTGG	61189
74	IGHV3-23*01	IGHJ3*02	IGHA1	TGTGCGAAAGATCGGCCCGACGCCTATTGGGACACTTTTGATACCTGG	23797
120	IGHV4-59*01	IGHJ4*02	IGHA1	TGTGCGAGGGGATATTGTAGTAGTAGCAGCTGCTATAACACCAAGTATGACGAATGG	63566
88	IGHV4-34*02	IGHJ4*02	IGHA1	TGTGCGAGATTGAAAGACTTTTGGAGTGGTTTCTCTAATAAGGCCCGCTTTGACTACTGG	51573
79	IGHV4-28*01	IGHJ4*02	IGHA1	TGTATAAACAAAGAGGGTTATGTGGGAGCTCCTGACTACTGG	48910
107	IGHV4-31*02	IGHJ3*01	IGHA1	TGTGCGAGAGATTTGGGCACCTATTGGGAGGGAAAACTTATGGTTTCCGATGCTTTTGATGTTTGG	50030
119	IGHV4-4*07	IGHJ5*01	IGHA1	TGTGCGAGAGAGAATCACTTCCCTGATAGTGCCGGCTTGGTTAACTGGTTCGACTCCTGG	61308
76	IGHV3-53*02	IGHJ3*02	IGHA1	TGTGCGAGAAATATGTGGGGGCCCGGAACTGATACTGACGCCTTTGAGATGTGG	36740
158	IGHV4-39*08	IGHJ6*02	IGHA1	TGTGCTCGCTACTACTTCTTCGCTATCGACGTCTGG	59309
86	IGHV4-39*01	IGHJ4*02	IGHA1	TGTGAGAGACAGAATAATGGCCGGGGTGGTCTGGCGTCAGAGAACTGG	55793
93	IGHV3-53*02	IGHJ4*02	IGHA1	TGTACGAGAGATCTGCTTGGTTCGGGGGTTTTTGGTGACTTTGACTACTGG	37620
140	IGHV1-24*01	IGHJ4*02	IGHA1	TGTGCGACAGATAGACTGGGCAACTACTTCGAAAACTGG	8017
134	IGHV4-59*01	IGHJ5*01	IGHA1	TGTGCGAGAGTCTCCCCTGAATATAGCAGCTCGTCCAAATGGTTCGACTCCTGG	64075
77	IGHV3-74*01	IGHJ3*01	IGHA1	TGTGCCCGAGACCCTGACATGACTACGGGCGATGGTTTTGATGTCTGG	43677
193	IGHV4-4*07	IGHJ2*01	IGHA1	TGTGTGAGAGGGTCTTCGGTGACTATTTACTACTACTTCGATCTCTGG	59998
155	IGHV1-18*04	IGHJ4*02	IGHA1	TGTGCGAGAGATACTACATATAACAATGGCTGGGGATTGGATTACTGG	1024
117	IGHV5-51*01	IGHJ4*02	IGHA1	TGTGCAAGTGGGAGGTCTTACTGGTATTTTCAATACTGG	66893
95	IGHV1-2*02	IGHJ5*02	IGHA1	TGTGCGCGAGACGGTGAGGCAGTGCCTAGAAGTAGTCGAGAGGGGGAAAACTGGTTCGACCCCTGG	7008
139	IGHV3-9*01	IGHJ5*01	IGHA1	TGTGCAAAAGATGGACATCATGCAGTGGCTGGACGTGCTGGGTGGTTTGACTCCTGG	48165
111	IGHV6-1*01	IGHJ5*02	IGHA1	TGTGGAAGAGATGGAACGAAGGGGACCGACCGCTGG	70594
137	IGHV3-11*01	IGHJ4*02	IGHA1	TGTGCGAGAAGTAATACGCATTACGATTTTTGGAGTGGTTATAGTCTGGGCTACTGG	18158
97	IGHV3-74*01	IGHJ4*02	IGHA1	TGTGTGAGAGATTTCGTGGGACCGAGGGACTACTGG	44090
159	IGHV1-2*06	IGHJ3*02	IGHA1	TGTGCGAGAGCGGAAGAGACTACGGTGTCTTCGTATGATGCTTTTCATATCTGG	3543
113	IGHV3-33*01	IGHJ5*02	IGHA1	TGTACAAGAGACATCGATACTACTAGTCACTATGACCGGTTCGACCCCTGG	32789
122	IGHV4-39*01	IGHJ5*02	IGHA1	TGTGCGAGACACTTGTCGAGCGGTAATCGTCCTTTGTACAACTGGCTCGACCCCTGG	58746
147	IGHV4-4*07	IGHJ6*02	IGHA1	TGTGCGAAGGGAGGGGAGTTAGTGGCTGGTAATCACTTCTACGCAATGGACCTGTGG	61543
145	IGHV3-23*01	IGHJ4*02	IGHA1	TGTGCGAAAGACGCCTCTGATATCAGTGGTCATTACTACCATTTTGATTACTGG	26778
91	IGHV3-7*01	IGHJ4*02	IGHA1	TGTGCGAGAGATGGGCCCTATTGTAATGGTGGTATCTGCTACGGACGTCTCTACTGG	41059
189	IGHV3-11*01	IGHJ5*02	IGHM	TGTGCGAGAGATACTGACGACGATAATGGTGGTGCAACCTATGACCTCTGG	18371
131	IGHV4-39*01	IGHJ4*02	IGHA1	TGTGCGAGACAGGGGTCGGATTTTGCTGTGGTGGCTGCTGAAGTTGACTCCTGG	56700
142	IGHV4-39*01	IGHJ3*02	IGHA1	TGTGCGGCAACTAGACCGACCTGGTATAGTGGGTACTTGGGGGCCCATGACGGTTTTGAGATCTGG	54032
152	IGHV4-59*01	IGHJ3*01	IGHA1	TGTGCGAGAGATCTCAGGGGATTCAGTAATGGTTATGGAGCTTTTGATGTCTGG	62112
127	IGHV3-20*04	IGHJ4*01	IGHA1	TGTGCGAGACAAGTGGGGGCTTCAACGTACTACTTTGACTTCTGG	21269
123	IGHV3-11*01	IGHJ6*02	IGHA1	TGTGCGGTTGTGCCCCCTGCCATTAAGGAGTTTTACTATAACTACGGTATGGACGTCTGG	18648
32	IGHV4-39*01	IGHJ4*01	IGHG1	TGTGTGAGGCATCTCGGCTACCTTACCGTTTTAATTTGG	54407
135	IGHV3-72*01	IGHJ4*02	IGHA1	TGTGCCAGAGTAGAGTGTAGTGGTAGCAGCTGCCATTTGAACTGCTGG	42521
133	IGHV4-34*02	IGHJ4*02	IGHA1	TGTGCGAGATGGGCTCCTGCCGATTGTAGTGGTGGCCGATGTTCCAACTATTTCTTTGACCACTGG	51750
87	IGHV3-7*01	IGHJ2*01	IGHA1	TGTGCGAGAAGGGTGGCAAGTGGGGGCCCGAAGGGTACGGTGGTAAATACGGACTGGTACTTCGAGCTCTGG	38542
160	IGHV3-33*01	IGHJ5*02	IGHA1	TGTGCGAGAGACAGGGATACCAATTCGCAATACAGTTGGTTCGACCCCTGG	32792
110	IGHV3-11*01	IGHJ4*02	IGHA1	TGTGCGACAGATATTTCTGTGGACACATTTGACCAATGG	17606
121	IGHV3-30*18	IGHJ5*02	IGHA1	TGTGCGAAAGACACTCGCGAGCCGGGTCACGGTTCGGAGAGTTATTGGGCGCACAATTGGTTCGACCCCTGG	30987
114	IGHV3-33*06	IGHJ4*02	IGHA1	TGTGCGAAATCAAGTCGCGATTTTCGGAGTGGCCCCCGGGACCATTACTTTGACTACTGG	32648
153	IGHV1-69*01	IGHJ6*02	IGHA1	TGTGCGAGAGATAACGGGTTTCGTTCGGGGACTTACACCGACTGGGCCTATTACAGTCTGGACGTCTGG	13617
166	IGHV4-34*01	IGHJ5*02	IGHA1	TGTGCGAGACGTGTACGAAGGTGTAGTAATAGGTGCTATGTTTGGTTCGACCCCTGG	52103
154	IGHV4-4*07	IGHJ4*02	IGHA1	TGCGCGAGAGGAAGTGACGGTGACTACTACTTTGACCACTGG	60447
141	IGHV3-74*01	IGHJ4*02	IGHA1	TGTGGAAGAGATCTGAGGACTATCTATGATAGTAGTGGTTATGACGTTGGCCACTGG	45311
148	IGHV1-46*01	IGHJ4*02	IGHA1	TGTGCGAGGATCCAACCCAGAGGGATCCGTGGATACTCCTATGGTTACCCTGACTATTGG	9603
136	IGHV1-69*01	IGHJ5*02	IGHA1	TGTGCGAGAGAGAGAGATCCGCATGATGATAGTAATGGTTACAATTGGTTCGACCCCTGG	12681
171	IGHV3-48*02	IGHJ4*02	IGHA1	TGTGCGAGAGGTCAAACCTATGTGGACCAATGG	33773
144	IGHV4-61*01	IGHJ3*02	IGHA1	TGTGCGAGGTCCCTCTACCTGAAGCCCCTTCCTGGTGTTTTTGATATATGG	64847
130	IGHV4-4*07	IGHJ5*02	IGHA1	TGTGCGGTCAGTTGGAGAAGACCGAACTACGTCGGACCTCACAACTGGTTCGACCCCTGG	61335
103	IGHV4-39*02	IGHJ5*02	IGHA1	TGTGCGAGACGGGAAGCATGGCTACAACACCTCGACCAGTGG	58049
29	IGHV3-53*01	IGHJ5*02	IGHG1	TGTGCGAGAGATCCTCCGGGTATAGCATTAGGTGGCACGGGGGCCTGG	37962
186	IGHV4-59*01	IGHJ4*02	IGHA1	TGCGCGAGAGGGGGGGACTGGAGCCTGTCTAAATGG	62359
212	IGHV4-28*07	IGHJ3*02	IGHA1	TGTGCGAGAAGTCCGGATAGATATGGCAAACCAGAGGCTTTTGATATCTGG	48907
167	IGHV1-2*02	IGHJ3*01	IGHA1	TGTGTCAGAGGCAACAGTGAGACTTACTTCTTTCAACTTGATCTCTGG	3470
138	IGHV3-30*03	IGHJ4*02	IGHA1	TGTGCGACCGATGGAAATTTGAACGACGACTTCTGG	29358
184	IGHV1-2*02	IGHJ6*02	IGHA1	TGTGCGAGAGATCCAAGGGCCCCCGTCCGCCCGGGGCTCTATTACTACTATGGTTTGGACGTCTGG	7667
151	IGHV3-9*01	IGHJ4*02	IGHA1	TGTGTAAAGGCTAGTAATGGAGATGGCTACAATTTCCTCCGTCCGGGGGACTACTGG	47832
213	IGHV1-18*04	IGHJ1*01	IGHA1	TGTGCGCGAGATCTAGTGGGATCATTTTCCCGCAAAGGATTCCAGAACTGG	23
164	IGHV3-7*01	IGHJ3*02	IGHA1	TGTGCGAGATGGGTTGGAGTGAACATTAGAGGAGGTGATGGCTTTGATATGTGG	38795
161	IGHV1-2*02	IGHJ6*02	IGHA1	TGCGCGAGAGATTTTATACGTACCGACTACTATGACGGTATGGACGTCTGG	7282
156	IGHV3-23*01	IGHJ4*02	IGHA1	TGTGCGAAAGTCCACGATTACTATTATAGAAGTGGTTTTTACTATCCGGACTACTGG	27266
125	IGHV5-51*03	IGHJ4*02	IGHA1	TGCGCCAGAGGCCGTGACTACGGTGGTAACTCGTTTGACTTCTGG	67318
143	IGHV1-69*01	IGHJ5*02	IGHA1	TGTGTATCTGTTGACTGTGGTGAAGACTGTTACTCGCCCCACTGGTTCGACCCCTGG	12675
206	IGHV3-21*06	IGHJ4*02	IGHA1	TGTGTGAGAGACGGATACAGCTACGGTGACCAGTGG	21742
181	IGHV3-23*01	IGHJ4*02	IGHA1	TGTGCGAAAGTGACCGAGCGTTTCAGTAACTACCCTATTGACTACTGG	25936
168	IGHV3-11*01	IGHJ4*02	IGHA1	TGCGCGAGAAATGACGTCGTTTTCGCCTTTGACTTCTGG	17609
221	IGHV4-39*01	IGHJ5*02	IGHA1	TGTGCGAGATCGGAACGGTTTTTCGGGGACTTACCCCAAATCAACTGGTTCGACCCCTGG	58862
170	IGHV3-7*01	IGHJ4*02	IGHA1	TGTGCGAGAGGTAGTGGGAGCTATTACAGGCACTGG	39493
169	IGHV1-18*04	IGHJ4*02	IGHA1	TGTGCGAGAGATACCACCTATAACAGCGGCTGGGGATTTGACTTTTGG	1023
150	IGHV1-18*04	IGHJ4*02	IGHA1	TGTGCCAGAGAGTTGATCGGAAGTACAGGGGGGGACCACTGG	652
201	IGHV4-30-4*09	IGHJ4*02	IGHA1	TGTACGAGAGACTCGATTTCAGTGGGAGCTAGACCCGTTTGG	49223
180	IGHV3-15*01	IGHJ4*02	IGHA1	TGTACGTCCCAGGTTAGATTTGACAGTAGTGGCTATTACTTTGTGAATCGGGACTTCTGG	20709
214	IGHV2-5*01	IGHJ4*02	IGHA1	TGTGCACACACGCGTCATCGTGATAGTAGTGCTGTCCCCCCCCCTGACTATTGG	16202
235	IGHV4-4*07	IGHJ4*02	IGHA1	TGTGCGAAAAATAAAGCCGGCATTTTGACCTACTTTGACTACTGG	60506
116	IGHV3-7*01	IGHJ5*02	IGHA1	TGTGCGAGAGATAAGCCAGGTGGGAGCTACGACCATTGG	41376
204	IGHV1-18*04	IGHJ4*02	IGHA1	TGTGCGAGAGATACATCCTATAACAATGGCTGGGGACTTGACTACTGG	1023
48	IGHV6-1*01	IGHJ4*02	IGHG1	TGTGCAAGAAGCCTCCATTACTATGATAGTAGTGGTTATTACTACTTTGACTACTGG	70508
178	IGHV6-1*01	IGHJ4*02	IGHA1	TGTGCAAGAAACGGTGGTAATGTTTACTTCGACTCCTGG	70107
163	IGHV3-49*05	IGHJ4*02	IGHA1	TGTTCTAGACTTAGAGTAGTGGTCCGGGTGCCCAAAGCCAACTATAGCAGCAACTGGTACTTTGAGGACTGG	36286
149	IGHV3-33*01	IGHJ6*02	IGHA1	TGTGCGAGGGGAAGATACAGCTACGGTACGGACTACTACTACTACGGTATGGACGTCTGG	33050
234	IGHV4-4*07	IGHJ3*02	IGHA1	TGTGCGAGAGGCTACGGTGCCCGAACGGGTGAAGGTTTCGATATCTGG	60115
239	IGHV6-1*01	IGHJ4*02	IGHA1	TGTGTAAGGCAGTTTAGCTGGTACTTTGGTTACTGG	70088
208	IGHV4-59*01	IGHJ4*02	IGHA1	TGTGCGAGAGGGGTAGGGGCCTACCATGATACTACTGGTTATTATCTTGACTCCTGG	63546
173	IGHV3-23*01	IGHJ3*02	IGHA1	TGTGCGAAAGGCTCCGGGGAGGCCCATGATGCTTTTGATATCTGG	23747
197	IGHV4-39*01	IGHJ3*02	IGHA1	TGTGCGAGCGCAGACTACGATGACTACGTTTCGGCTCCCTTTAATGCTTTTAATATCTGG	53917
104	IGHV3-30*18	IGHJ1*01	IGHA1	TGTGTGAAAGACCTCCTGTATAGCAGCAGCTGGTCTTCGGGGAGACTAGGATATTTCCAGCACTGG	29038
230	IGHV1-18*01	IGHJ4*02	IGHA1	TGTGCGAGATTTTCCCGTAATGGGAAGTACTACTGGAATGATTACTGG	1211
176	IGHV3-72*01	IGHJ4*02	IGHA1	TGTGTTAGCCTTTGGAGTGGTTATCACTATGTTGACTACTGG	42459
195	IGHV3-11*01	IGHJ4*02	IGHA1	TGTGCGAGAGATGCCGTTATGTTTACTTTTGACTACTGG	17609
179	IGHV1-69*01	IGHJ6*02	IGHA1	TGCGCGAGATTTTGTAGTGGTAATACTTGCTATTCCGGTGGGGGTGGAGCCCTACACTTCTACTACGCTATGGACGTCTGG	13953
191	IGHV3-72*01	IGHJ4*02	IGHA1	TGTGCTAAAACCAGTGACTGGCCCGCACCCATTGACTTCTGG	42401
269	IGHV2-5*01	IGHJ4*02	IGHA1	TGTGCACACGTTGACTTCGGTGACTACGTATATTACTTTGACTACTGG	16089
185	IGHV3-11*01	IGHJ6*02	IGHA1	TGTGCAAGAGGGCCTGAGGAACTCCTCTACTATTACAATATGGACGTCTGG	18531
220	IGHV3-48*02	IGHJ3*02	IGHA1	TGTACCCGAGGAAGATATAGGCTGCGCTGTGATGCGTTTGATATCTGG	33490
182	IGHV4-39*01	IGHJ6*02	IGHA1	TGTACGACTGTAAACTTCGGTGTCCCCTACACTGTGGACGCCTGG	59374
183	IGHV1-46*02	IGHJ4*02	IGHA1	TGTGCGCGAGATGGAGTGGCCACCATCGTTCCCTTTGACTACTGG	9119
209	IGHV4-59*01	IGHJ4*02	IGHA1	TGTGCGAGAGGGCGTCTGAGAGGGTATAATAGTAGTTACTACGTCTACTGG	63312
162	IGHV3-30*18	IGHJ2*01	IGHA1	TGCGCGAAAGATTCGGGGACATATTATGATTACGATTGGGGGAGCTATGACTGGTACGTCGATCTCTGG	29091
192	IGHV4-59*01	IGHJ6*02	IGHA1	TGTGCGAGAGAGGGGGGGCTTGATACTAGTGGTTATTCCGGAATGGACGTCTGG	64425
223	IGHV1-69*01	IGHJ6*02	IGHA1	TGTGCGGGGGGTGGCTACAAAGCGTACTTCTACTACGGTTTGGACGTCTGG	13018
246	IGHV4-39*08	IGHJ4*02	IGHA1	TGTGCGAGACATTCCCCTTCTGTCTACGGTGAGCCCCAACCACCTTACGACTTTGACACCTGG	57518
225	IGHV1-46*01	IGHJ4*02	IGHA1	TGTGCGATCTTGACTGGGAGCCACTACCCTGCTAATCTTGACTACTGG	9241
217	IGHV3-21*01	IGHJ4*02	IGHA1	TGTGCGAAAGAGCAACAGGTGATCCAAGATTTGAAGGACTGG	21854
90	IGHV5-51*03	IGHJ4*02	IGHA1	TGTGCGAGAGTGTCGAAACATGCGAAATATTACTTCCAAAGTGGTGATTATAAGACGCCTGAAGAACATTGG	68566
205	IGHV3-21*01	IGHJ4*02	IGHA1	TGTGCGAGAGTTCGCAGCGGTAACTGGGGGTACTTTGACTACTGG	22054
207	IGHV3-30*18	IGHJ6*02	IGHA1	TGTGCGAAGACCCGAGACGATTTTTGGAGTGGTTATGATTTCGATATGGACGTCTGG	31270
210	IGHV3-11*01	IGHJ4*02	IGHA1	TGTGTGAGAGGAGGCAGTGTCAACCTGGTCTACTGG	17575
215	IGHV3-30*18	IGHJ4*02	IGHA1	TGCGCGAAAGACCTGTCCATTCACAGTGGAGGCTGGTACGACCCCAACTTTGACGACTGG	30567
188	IGHV1-18*04	IGHJ4*02	IGHA1	TGTGCGAGAGATACGTCCTATAGCAGTGGCTGGGGGTTTGACTTTTGG	1023
266	IGHV4-61*01	IGHJ5*02	IGHA1	TGTGCGAGAGTAACATCACCCGCTCTTACGGTGACTGCGCTGTGGTACTGGTTCGACCCCTGG	65711
73	IGHV3-9*01	IGHJ4*02	IGHG1	TGTGGAAAGCCAGTTTCGGGTACTGGATTCTCCTATGGTTTTGACTCCTGG	47421
78	IGHV4-39*01	IGHJ4*02	IGHG1	TGTGCGCGATTGAATTCGGGCACGCCGTATTACGGTGACTACCCCGACCCCTTCTTTGACTACTGG	57713
231	IGHV3-72*01	IGHJ6*02	IGHA1	TGTGCTAGAGCCGGGTATTTGCACGGTTGGGACGTCTGG	42743
232	IGHV3-15*01	IGHJ4*02	IGHA1	TGTACTTCCCAGGTTAGATTTGATAGTAGTGGCTATTACTATGTGAATCGGGACTTCTGG	20709
238	IGHV1-69*18	IGHJ4*02	IGHA1	TGTGCGAGACGTTATTCTGACACGAGAGGCTATCATTATCACTTTGACTCTTGG	11803
202	IGHV3-30*18	IGHJ4*02	IGHA1	TGTGCGAAAGATATTAGAGGATATACTATGATAGTGGAAAGTGTTATTGACTACTGG	30466
177	IGHV1-46*01	IGHJ6*02	IGHA1	TGTGCGAGAGATTGGGGGCAAATAGGATCAGTTATTACCGAACCGGGGATATTCGGTATGGACGTCTGG	10165
229	IGHV3-9*01	IGHJ4*02	IGHA1	TGTGTGAAAGATTTGGATAAGATTTTGAATGGGTACAATGGATTTGACTACTGG	47681
211	IGHV1-69*01	IGHJ4*02	IGHA1	TGTGCGAACCTTAATCATTATGATAGTACTAAAATCAACTACTACTTTGACGTCTGG	11935
216	IGHV3-21*01	IGHJ4*02	IGHA1	TGTGCGAGAGTTGGTCCAGGTTATTGTACTGATGATACCTGCCCAAAAGTTTATTTTGACTACTGG	22702
248	IGHV4-59*01	IGHJ6*02	IGHA1	TGTGCGAGATCGCGAGATTGTGGTAGAACCAGCTGCAATTATGGCTACTACTACGGAATGGAGGTCTGG	64682
228	IGHV3-74*01	IGHJ1*01	IGHA1	TGTGCAAGAGCGTTTAGCAGCATCTGGAAGATGCCTGGGTACTGG	43446
251	IGHV3-30*18	IGHJ6*02	IGHA1	TGTGCGAAAGATCAGACGCTAGTTTCGCGGGTCAACTACTACGGCATGGACGTCTGG	31228
218	IGHV3-7*03	IGHJ4*02	IGHA1	TGTGGGAGAGATCTGCCCGGAGATGGGATCCCCGAAGACGACTGG	40461
298	IGHV2-5*01	IGHJ4*02	IGHA1	TGTGCGCACACGCGTTATCGTGATAGTAGTGCTGTCCCCCCCCCTGACTATTGG	16202
233	IGHV1-46*01	IGHJ4*02	IGHA1	TGTGCGAGAGCCACAGAGAGATGGATGTTATCATTTTGG	8804
250	IGHV1-2*02	IGHJ3*02	IGHA1	TGTGCGAGAACGAAGTACATAGCGGGAACTACTAAGGATGCTTTTGATATCTGG	3527
275	IGHV3-48*01	IGHJ6*02	IGHA1	TGTGCGAGAGAATTTGTAGCAGTGGCTGATGTCTATTACTACGGTATGGACGTCTGG	35367
199	IGHV3-7*01	IGHJ6*02	IGHA1	TGTGCGAGAGTCTCCCTAGGTGACCAGCTGGCCGGCAATTATTACTACTACTATGGTATGGACGTCTGG	42016
290	IGHV3-11*01	IGHJ4*02	IGHA1	TGTGCGAGAGATAAGGATGATGATAACGGTGGCACCGTCTTTGACTACTGG	18015
196	IGHV4-34*01	IGHJ4*02	IGHA1	TGTGCGAGAGGCCGGAGTGGTTACAGCTATGGCCCTCGCGGCTTCTATTTTGACACTTGG	51543
237	IGHV3-30*18	IGHJ4*02	IGHA1	TGTACGAAAGAATCGGGCGCTGGCTGGTCCTATACTTTTGACTACTGG	29726
198	IGHV3-23*01	IGHJ6*02	IGHA1	TGTGCGAAGACCCTTCCGGCTCTAAATACACGACAAAACTACTATCATGGCATGGACGTCTGG	28808
81	IGHV1-18*04	IGHJ4*02	IGHG1	TGTGCGAGAGATCACTATAATTATGGGGTCTTTGACTATTGG	688
200	IGHV3-73*02	IGHJ6*02	IGHA1	TGTACGGGAAGCAGCCCCGAGAAGTACTACTACGGTATGGACGTCTGG	43356
99	IGHV4-4*07	IGHJ4*01	IGHG1	TGTGCGAGAGAGAGCGCCCCTTTAGACTATGATGATAGTGGTTCCCACGGACCTTTTGACCAGTGG	61034
285	IGHV4-61*01	IGHJ4*02	IGHA1	TGTGCGAGAGATAACTTTGGTTCACTTGACTACTGG	64942
262	IGHV3-9*04	IGHJ3*02	IGHA1	TGTGTGAAAGATTGGCAGACTGTGACCTTTCATGACGCCTTTGATATCTGG	46424
226	IGHV5-51*01	IGHJ2*01	IGHA1	TGTGCGGGAGCTCGGGGAGCAGTGGATGAGGGGGCCAACTGGTTCTTCGATCTCTGG	66119
240	IGHV4-39*01	IGHJ6*02	IGHA1	TGTTCGAGACGTCGGAGAGACCCCTTAGACTACTACTATTATGGCATGGACGCCTGG	59632
294	IGHV3-48*04	IGHJ4*02	IGHA1	TGTTCGAAAATTAAGGATAGGAGCTCGTCAATCGGGGACTATTGG	34185
268	IGHV1-8*02	IGHJ4*02	IGHA1	TGTGCGCGAGACAGAAAGGGCCTTGCATTCTGG	14216
245	IGHV3-23*01	IGHJ4*02	IGHA1	TGTGCGAGAATCATGGATTGCGGTGGTCACTGCCCTTTTGACTACTGG	26071
258	IGHV1-69*01	IGHJ6*02	IGHA1	TGTGCGACCGACGGATATTGTGGTGGTGGTAGCTGCTACCCCTATTACTACTACGGTATGGACGTCTGG	13591
224	IGHV3-30*18	IGHJ6*02	IGHA1	TGTGCGAAAGATTTCCGACGTTGTGGCGATGGTGGCTGCTACCGGGGGAGCTCCTTCTACTACGGATTGGCCGTCTGG	31653
244	IGHV5-51*03	IGHJ6*02	IGHA1	TGTGTGAGACCTAACCGTATAACAGTGGCTGCCAAGAGGGTTCATAAATATTACGCTATGGACGTCTGG	69560
236	IGHV1-2*02	IGHJ1*01	IGHA1	TGTGTTAGAGATCTAAGAAGCATTGCATCAGCTGGCATCGCCAACTGGCTCGGTGTCTGG	3160
190	IGHV3-23*01	IGHJ4*02	IGHA1	TGTGCGAAGACCTATGGTTCGGGGAGTCCCCGCTTTGACTACTGG	25351
271	IGHV3-23*01	IGHJ4*02	IGHA1	TGTGCGAAAGATGACGGATATGATTACTCTTGGGGGACTTATTGTTCCGACTGG	26777
365	IGHV4-59*01	IGHJ4*02	IGHA1	TGTGCGAGGCAAAATGGCTACAATTTTACTTTGGACTACTGG	62733
280	IGHV3-23*01	IGHJ6*02	IGHA1	TGTGTGAAAGGGAATACTCACGTTACGATACTTTCCTCCCACTACTTCGGTATGGACGTCTGG	28826
257	IGHV1-46*01	IGHJ6*02	IGHA1	TGTGCGAGAGATCTTTTGCGAATGGAGAGAGATTTGGACTTCATTAGCTTCTACGGTATGGACGTCTGG	10176
332	IGHV4-59*11	IGHJ5*02	IGHA1	TGTGCGACCCAAGACCTCACTACTCTTGGGTTCGACATCTGG	63820
278	IGHV5-51*01	IGHJ5*02	IGHA1	TGTGCGAGACAAAGCCTCAAGTATTGTACGAGTGGTGTATGTTATAATTGGTTCGGCCCCTGG	68946
300	IGHV3-15*01	IGHJ4*02	IGHA1	TGTACGACTGACCGGAGTTATGGTTACTACTCTGCCCACTGG	19951
296	IGHV1-69*01	IGHJ4*02	IGHA1	TGTGCGAGAGATCAAGGGGGCGTTATGTCCACAATTGACTACTTTGACTACTGG	11815
118	IGHV4-59*01	IGHJ6*02	IGHG1	TGTGCGAGAATGCCATCCTGGGAAGGGAAAGAAATTTCTTACTACTACTACAACGGCTTGGACGTCTGG	64665
101	IGHV3-74*01	IGHJ4*02	IGHG1	TGTACAAGAGACTATCATATAGTAGCAGCTGGTCTAGAATATTGG	44716
265	IGHV4-4*07	IGHJ5*02	IGHA1	TGTGCGAGTTCAGGGCCAAACTTTAGCAATGGGCACTACGACGGTAACTGGTTCGCTCTCTGG	61338
277	IGHV4-4*07	IGHJ4*02	IGHA1	TGTGCGAGAGGGGCGGACTCTAGTGGGAAGTACGAGGATTACTACTTTGACTCCTGG	60943
310	IGHV1-8*01	IGHJ4*02	IGHA1	TGTGCGAGAGGCCGGGGTTTTAGGGTCCTCTCACCATCTTGTGGTGGTGACTGCTACCCCTATGACTACTGG	14748
321	IGHV3-11*01	IGHJ4*02	IGHA1	TGTGTGACAATGTACGACGACTCGGGGCCTGCCTTTGACTCCTGG	17871
109	IGHV1-2*02	IGHJ4*02	IGHG1	TGTGCGAGAGATCGGTCCGAATATAGTGGTGGTCGCTTCTATCGAAAGAGGTTTGACTACTGG	6162
281	IGHV3-48*02	IGHJ4*02	IGHA1	TGTGCGAGAGAAAGAGACTGTAATTCTACTACGTGCGACGGCTACCTTGACTACTGG	34807
286	IGHV4-59*01	IGHJ4*02	IGHA1	TGTGCGAGAGTTGAGCACGACATTTGGAGTGAATATCTCTCCTTTGACCACTGG	63476
288	IGHV1-46*01	IGHJ4*02	IGHA1	TGTGCGAGGAAGGACTACGATGACTCCGCCTTCTTTGACCACTGG	9094
344	IGHV4-4*07	IGHJ6*02	IGHA1	TGCGCGAGAGATTGGGGCCTCAACGGTTTGGACGTCTGG	61414
222	IGHV1-8*02	IGHJ4*02	IGHA1	TGTGCGCGAGACAGAAAGGGCCTTGCATTCTGG	14216
256	IGHV3-30*18	IGHJ6*02	IGHA1	TGTGCGAAGACCCGGGACGATTTTTGGAGTGGTTACGATTTCGATATGGACGTCTGG	31270
255	IGHV4-39*08	IGHJ5*02	IGHA1	TGTGCGAGACATGAGACGATTTTCGAGGCGTCAGCTGCTTGGGGTTTCGACCCCTGG	58777
264	IGHV3-30*18	IGHJ4*02	IGHA1	TGTGCGAAATGGAGTGGGGACCACCCACTATACTACCTTGACTTCTGG	29883
309	IGHV1-8*02	IGHJ4*02	IGHA1	TGTGCGCGAGACAGAAAGGGCCTTGCATTCTGG	14216
324	IGHV4-34*01	IGHJ5*02	IGHA1	TGTGCGAGACGCGGCAATCCTTCGGGGAGTTATTCTAGGAGGGGGCTCGACCCCTGG	52100
297	IGHV1-46*01	IGHJ5*02	IGHA1	TGTGCGAGAGATCCAAGCGTCGGTATTACTATGATGTCGGGGGACAACTGGTTCGACCCCTGG	9887
259	IGHV3-49*03	IGHJ4*02	IGHA1	TGTACTAGAGGTCGAAGCATGGTTCGGGGATTTATGATAACTATTCACCCGAAGGACAATTTTGACCACTGG	36288
311	IGHV1-46*01	IGHJ4*02	IGHA1	TGTGTGAGGCCTCACTGTGATGGTGAGTGCTATGGCCCACGTTTTGACCACTGG	9407
124	IGHV3-74*01	IGHJ5*02	IGHG1	TGTGCAAGAGAACAAATGCAACTGGGACCTACGACTGTGGACCTCTGG	45560
129	IGHV3-74*03	IGHJ4*02	IGHG1	TGTACTAGAGACTATTATATCTTGTCAGCTGGTCTGCAATACTGG	44716
316	IGHV4-39*01	IGHJ5*02	IGHA1	TGTGCGCGACATTTTTTCAGTGACAGGTGGTATTGGTTCGACACCTGG	58362
98	IGHV3-53*02	IGHJ4*02	IGHG1	TGTGTGAAAGAAAAGGATGGGACGGGGAGGTATGGGGAGTTTGAACATTGG	37714
330	IGHV1-69*01	IGHJ4*02	IGHA1	TGTGCGAGAATAGGGCCCAGGCGGCGCGATTTCTGGAGCGGTCATTTTGACTACTGG	11955
282	IGHV3-73*02	IGHJ4*02	IGHA1	TGTTCTCCCCTTGGAAGTTTTTTTGTTCGGGGCGTTTATTCTTGG	43146
352	IGHV5-51*03	IGHJ6*02	IGHA1	TGTGCGAGACTTAATCTGGAATTAGAGGGCTACTACTACGGTTTGGACGTCTGG	69228
331	IGHV1-46*01	IGHJ5*02	IGHA1	TGTGCGAGGAGTTCCACTGGTAGCTCCACCTGGGTCGACCCCTGG	9754
283	IGHV3-7*01	IGHJ4*02	IGHA1	TGTGCGAGTGGCTTTCCCCCTACCAGTGGCTATTACGACTACTGG	40211
312	IGHV3-30*18	IGHJ4*02	IGHM	TGTGCGAAAGATGCCTCGTATCAGTGGAACTCAACACCTGACTACTGG	29822
295	IGHV3-33*01	IGHJ4*02	IGHA1	TGTGCGAGGGGAGGAGCAGGGCTTGACAACTGG	31935
273	IGHV3-15*01	IGHJ4*02	IGHA1	TGCTCCACAGATCAATATGGTTCGGGTCGATCAGAAGACTCGTGGTACTCGGACTACTGG	20667
267	IGHV3-33*01	IGHJ6*02	IGHA1	TGTGCGAGAAACCTGTATAGTCTTTTGACCACGGGCCCATCGTCCTTCTACTACCAAGGAATGGACGTCTGG	33131
284	IGHV4-34*01	IGHJ6*02	IGHA1	TGTGCGAGAGAACAGGGAATACGTATACCGAATTCAATGACTGACGGGGGCGACGGTATGGACGTCTGG	52810
291	IGHV2-5*01	IGHJ6*02	IGHA1	TGTGTCCATACTTGGGGTCGTGTCAGCGGTGGGGGTGTAGTACCTCGGACGACTCACTTCTCTTTCTACGTTATGGACGTCTGG	16792
59	IGHV4-39*01	IGHJ5*02	IGHG3	TGCGCGAGACATATTTACGATATTTGGAGTGGTTATCCTTCTGACAATTGGTTCGACGCCTGG	59022
329	IGHV3-11*01	IGHJ4*02	IGHA1	TGTGCGAGAGAGACTAAACGCAGCTCGGCCGTTGACTACTGG	17713
355	IGHV3-49*05	IGHJ4*02	IGHA1	TGTGCACTGTTCCATAGCACTGGCTGGTACAGACACTACTTTGACTACTGG	36096
358	IGHV4-34*01	IGHJ3*02	IGHA1	TGTGTCAGAGGCGGGTTTGGGGGACGCTATAGTAGCAGCTGGTATCCTGATGCTTTTGACATCTGG	50442
406	IGHV2-5*01	IGHJ4*02	IGHA1	TGTGCACTCAGGAGTACTTCTTTGGTCCCCGAATTGGCCTTTGACTCCTGG	16183
146	IGHV4-39*01	IGHJ4*02	IGHG1	TGTGCGGGCAGTGGATACAAATATGCTTACCCCCCATTTGACTACTGG	56173
323	IGHV1-46*01	IGHJ4*02	IGHA1	TGTGCCAGAGGATTGTGGGTTCGAGACAGTGCCTACGCTTCCTTCTGG	9141
394	IGHV4-59*11	IGHJ6*02	IGHA1	TGTGCGAGTATGACCAGTGCGAGCTACTTTGCATTACATTACTCCTACTACTCTATTGACGTCTGG	64659
306	IGHV6-1*01	IGHJ5*02	IGHA1	TGTGCCAGAGATCGGGCTCTTACTCCCGGAATGGCAATTGCTACAGACAACTGGTTCGACCCCTGG	70741
357	IGHV1-46*01	IGHJ6*02	IGHA1	TGTGCGAGAGATCTTTTGAGAATGGAGAGGGACTTGGACTTCATTAGTTTCTACGGTATGGACTTCTGG	10176
404	IGHV4-30-4*09	IGHJ3*01	IGHA1	TGTGCGAGATGGGTGCACTATGGTTTACCTGCTTTTGATCTCTGG	49025
335	IGHV3-7*01	IGHJ4*02	IGHM	TGTGCGAGAGGCCCGACCTATGGTTCGAGAGTTGACTACTTTGACTCCTGG	40677
353	IGHV3-23*01	IGHJ4*02	IGHA1	TGTGCGAAGAGGGGCGTCAGTACCTCCGATTTCTACTTTGATCACTGG	25986
377	IGHV1-69*01	IGHJ3*01	IGHA1	TGTGCGAGAGATTGCCGGAACTTCTACGATGACAGTGGTCACTATGATGCTTTTGATTTGTGG	10880
338	IGHV3-23*04	IGHJ4*02	IGHA1	TGTGCGAAGGAGTCGAGTTTCGCCTACGGTCCTCTCGCATCACACTTTGACTACTGG	27155
367	IGHV1-18*04	IGHJ4*02	IGHA1	TGTGCGAGAGATACATCCTATAACAATGGCTGGGGACTTGACTACTGG	1023
334	IGHV3-7*01	IGHJ4*02	IGHA1	TGTGCGAGAGACGCGGCGATGAACGTGAAATCTCCTATGGTCCCGTTTGATTTCTGG	41040
382	IGHV3-72*01	IGHJ4*02	IGHA1	TGTAGTAGAGTGGCGTTGGTGAGGAACACGAACGACGGTCGCCCCTTTGACTACTGG	42675
304	IGHV3-30*18	IGHJ6*02	IGHA1	TGTGCGAAAGCCCCCCACAGAATGATACCAGTGTGGTACTACCGTATGGAAGTCTGG	31256
174	IGHV3-72*01	IGHJ4*02	IGHG1	TGTACCACACCCACTAATAGTGGGCGCTACTCCTTTGACCACTGG	42461
328	IGHV1-46*01	IGHJ5*02	IGHA1	TGTGCGGCCGATCCTAGGGGCTGGTCCCTTTCGGGACTCGACCCCTGG	9783
314	IGHV3-30*18	IGHJ6*02	IGHA1	TGTGCGAAAAGGAAATATGCTAGTAGCCGGTCCGAGGTCCGATATTACTACTACGGTTTGGACGTCTGG	31522
303	IGHV1-46*01	IGHJ4*02	IGHA1	TGTGTGAGGCCGCATTGTGATGGTGACTGCTTTGGCCCACGTTTTGACCACTGG	9407
289	IGHV3-30*18	IGHJ4*02	IGHA1	TGTGCAAAAATGCCCTATCCGGACGTTACCCCACCCATCCCCTACTTTGACTCGTGG	30416
322	IGHV3-33*01	IGHJ4*02	IGHA1	TGTGCGAGAGATCGCGAGAGGAACTCCGGTGACTCCCCTCTTCGCTGG	32313
359	IGHV4-30-4*09	IGHJ4*01	IGHA1	TGTGCGAGAGGACTGTTTTACCATGAAAATAATACGTTTTACAGCTACTTTGACTCCTGG	49597
340	IGHV3-11*01	IGHJ4*02	IGHA1	TGTGCGACAAAGGGAACCTACACTTACGTGGCCCCATTTGAGATCTGG	17884
372	IGHV3-20*01	IGHJ2*01	IGHA1	TGTGTAAGAAATCTTCATCAGTACGGTGACCAACGTGACTGGTTCTTCGATCTCTGG	21216
369	IGHV3-48*02	IGHJ4*02	IGHA1	TGTGCGAGAGCTAATGGGGCGCAGAATAATTACTTTGACTCCTGG	34283
400	IGHV3-48*01	IGHJ6*02	IGHA1	TGTGTGAGAGTCCACCAGTGGGAGTTGCGACCTGACTACTTCTACGGTATGGACGTCTGG	35445
412	IGHV1-18*04	IGHJ5*02	IGHA1	TGTGCGAGAGACCAATTTACTATGGTTCGGGGACGGTTCGCCCCCTGG	2116
157	IGHV3-74*01	IGHJ5*02	IGHG1	TGTGCAAGAATCAGCTGTACTAATGGTGTATGCGGTGCCTGG	45499
373	IGHV3-9*01	IGHJ1*01	IGHA1	TGTGTAAAAGACAGTCAAGAGGTGGTAACTTCGAATCTTATGACTTGG	46145
187	IGHV1-2*02	IGHJ4*02	IGHG1	TGTGCGAGAGATCGGTGGGTCGCTGATAGAAGTTTCAGCGGGCCCTACTGG	5365
356	IGHV3-9*01	IGHJ6*02	IGHA1	TGTGCAAAAGATAAGAGGGGAGACTACAATAACTACCGTTATAACTACTTCTACTATGGTATGGACGTCTGG	48789
378	IGHV2-5*01	IGHJ4*02	IGHA1	TGTGCCCACGACGATAATTGGAAATACTTGCACTTTGACTACTGG	16019
363	IGHV3-11*01	IGHJ4*02	IGHA1	TGTTCGAGAGATCCAAGGCGCCTGCCCTACTGG	17535
362	IGHV1-69*17	IGHJ6*02	IGHA1	TGTGCGAGAGATGACCCACTAACCTATTATGCTGGGTCGGAGCTCCATGACGGCAACTACTACGGAATGGACGTCTGG	13895
351	IGHV3-73*02	IGHJ4*02	IGHA1	TGTACTAGACATGAGATCTGTCGTGATGGTAGGTGCCAAGTGGGACCCTTTGACTCCTGG	43264
410	IGHV3-9*02	IGHJ6*02	IGHA1	TGTGTAAAAGAAAAGGCCGGTCCAAGGTGGCACGATTATGTAGTAGTTCCAGCTGGTGTGTTCGGCCTTTACGGTATGGACGTCTGG	48890
444	IGHV4-4*07	IGHJ6*02	IGHA1	TGTGCGCGAGGTGATTGTGCTAATGGTGTCTGTTACTCCCACTGGGACTACTACTACGGCATGAACATCTGG	61688
172	IGHV3-53*01	IGHJ4*02	IGHG1	TGTGCGAGAGAGCGTCTTGGCAGTGGCTGGTACTTTGACTACTGG	37395
361	IGHV1-46*01	IGHJ2*01	IGHA1	TGTGCGCGAGATAGGGGGCCCCTGGGTTTGTTGATACCGGAGTACTGGTACTTCGATCTCTGG	8501
315	IGHV2-5*01	IGHJ5*01	IGHA1	TGTGTTCATAGAGTGGGGGGGGAAGTGGTTCGGGGCGTTGTTACTCCCGGCTGGTTCGACCCTTGG	16653
385	IGHV3-73*02	IGHJ4*02	IGHA1	TGCAGTAGACATTTATATGGTTTGAGGACACCCTTTGACTACTGG	43119
405	IGHV1-2*02	IGHJ4*02	IGHA1	TGTGTGAGGTCTCGATCCTTTTACTTCGACCACTCG	4042
346	IGHV3-15*01	IGHJ3*01	IGHA1	TGTACCACAGATGATAAGGCGTGGCGCCACACTTCTTTTGATTTCTGG	19201
354	IGHV3-23*01	IGHJ4*02	IGHA1	TGTGCGAAGTCGAATATTGCACATCGCTTATCGCTCTGTTTTGACCAGTGG	26587
401	IGHV3-7*01	IGHJ5*02	IGHA1	TGTGTGAAAATGGGTATACTACTACCAGCTGCTTTTAACTGGTTCGACCCCTGG	41563
219	IGHV3-23*01	IGHJ4*02	IGHG1	TGTGCGAAAGATCGTGATATTATAGTGGCGACTGCTCATGGGCTGGACTCCTGG	26836
175	IGHV3-23*01	IGHJ4*02	IGHG1	TGTGCGAAAGCCGGGACTATTGGGACTTTCTACTACTTTGACCACTGG	25824
424	IGHV4-59*01	IGHJ4*02	IGHA1	TGTGCGAGAACGAGGGCCCAGTTTGAGTACTGC	62253
368	IGHV3-15*01	IGHJ1*01	IGHA1	TGTGTCACACTGCGCTTTCAAGTGAATGGGCGACACTTCCACCGCTGG	19090
381	IGHV3-21*04	IGHJ6*02	IGHA1	TGTGCGAGAGACACGTATTACTTCGATAGTAGTGGTGACTACTATCCTGGTTACTACGGTATGGACGTCTGG	23320
242	IGHV3-23*01	IGHJ4*02	IGHG1	TGTGCGAAGACACTGTGGCTGCGCTCTGTTAATGTCGCCTCTGACTACTGG	26550
419	IGHV3-7*01	IGHJ5*02	IGHA1	TGTGCGAGAGGATATTGTCGTGATGCGACGTGCTATTGGGCGTCGCACTGGTTCGACCTCTGG	41606
287	IGHV1-2*02	IGHJ5*02	IGHA1	TGTGCGAGAGACCGTGCACTGGCTGGCCCAGCTATGTACTGGTTCGACCCCTGG	6719
409	IGHV3-9*01	IGHJ4*02	IGHA1	TGTGTAAAGGGGGGGAAACTTAGTACTGGCTGGGCCCGGACAGTCTTTGACTACTGG	47833
397	IGHV1-2*02	IGHJ4*02	IGHA1	TGTGTCTCGAGAGGGAGGTGGAACAGTTGGTACGTGGCGGCCAGTTACTTTGACCACTGG	6136
407	IGHV3-13*01	IGHJ3*02	IGHA1	TGTGCAAGAGAGGGTAGAGTTGGCTACATTGATGCTTTGGAGATCTGG	18826
431	IGHV4-39*01	IGHJ5*02	IGHA1	TGTGCGAGTGCATATTGTAGTGGTGGCGGCTGCTACCACCAAAGCGGGTGGTTCGTCCCCTGG	59088
411	IGHV1-18*04	IGHJ4*02	IGHA1	TGTGTGAGAGATCGGGGGCCGTATTGTACTAGGCCTAATTGCTACTCAAGGTATTTTGACTATTGG	1946
393	IGHV4-30-4*09	IGHJ5*02	IGHA1	TGTGTGAGACTTAATCGAGAGGGTCTTGGGCGCTGGTGGTTCGACCCCTGG	49749
415	IGHV3-33*01	IGHJ5*02	IGHA1	TGTGCGAGAGATCCCAAGGGGATTTCGGGGAGTTATTCCCTGTACAACTGGTTCGACCCCTGG	32835
253	IGHV3-15*01	IGHJ3*01	IGHG1	TGTTTCGAACTACTCTGG	19136
348	IGHV3-7*01	IGHJ5*02	IGHA1	TGCGCGAGAGATTTAGCTAAACAACGGGTGGCCAATGGGGAAGCCGACCACTGG	41546
459	IGHV3-23*01	IGHJ4*02	IGHA1	TGTGCGAAAGACGCCTCTGGTATCAGTGGTCATTACTACCATTTTGATTACTGG	26778
418	IGHV3-21*01	IGHJ4*02	IGHA1	TGTGCGCGAGATTTTCCCCTCAATTGGGGGTTTGGACAATACTTCTTTGACTGGTGG	22592
227	IGHV3-74*01	IGHJ5*02	IGHG1	TGTGTAAAAGATTACTGGGGACCCGGATCCTGG	45422
387	IGHV3-15*01	IGHJ4*02	IGHA1	TGTACTTGGGCGTCCCGGTGGGAACTACGGTACTACTTTGACTACTGG	20362
254	IGHV3-9*01	IGHJ6*02	IGHG1	TGTGCAAGAGATATAAAGCGTTATGGTTCGGGGACATCCGCTATGGACGTCTGG	48458
420	IGHV3-72*01	IGHJ4*02	IGHA1	TGTGCTAGGGCCACCTATAGCTCTGGCTGGTATCTTGACTACTGG	42498
422	IGHV3-9*01	IGHJ6*02	IGHA1	TGTGTGAAGGATATGACATATAGTAGTAACTGGTATTCGGGGGCCGGTATGGACGTCTGG	48640
437	IGHV1-18*04	IGHJ3*02	IGHA1	TGTGCGAGGGCCTTTAGCGGGCTTAGTGTCGCGAAGAAGCTCGGGCAGCGACAAACGGGGGGCCGGGATGCTTTTGATATCTGG	375
436	IGHV1-2*02	IGHJ3*02	IGHA1	TGTGCGACCAAGATTGACGATTTAATTCTCGATGCTTTTGATATGTGG	3421
428	IGHV3-15*01	IGHJ6*02	IGHA1	TGTGAAAGTGGCAGTGGATATGACTACTACTACAGCGAGATGGACGTCTGG	21059
451	IGHV4-39*01	IGHJ5*01	IGHA1	TGTGCGAGACACTCCTCGGCGTCGGAGTATTTTGATTTTTGGAGTGGTTTTTGGTCAGCCTGGTTCGACTCCTGG	59257
308	IGHV4-61*01	IGHJ4*02	IGHG1	TGTGCGAGAGGGAGTGATTCCGACAAGACGGGCTACTGG	64987
360	IGHV4-61*08	IGHJ4*02	IGHA1	TGTGCGAGAGTAAATTATTTTGGTTCGGGGACTTCTGCCTGGGGGTACTACTTTGACTACTGG	65490
466	IGHV1-18*04	IGHJ4*02	IGHA1	TGTGCGAGAGATTTGGTTCGTGGATTTTGTAACTTCTGG	581
460	IGHV5-51*01	IGHJ4*02	IGHA1	TGTGCGAGGGAAATGATTCCGGCTGGGCCCCTGGACAACTGG	67262
414	IGHV1-2*02	IGHJ5*02	IGHA1	TGTGCGAGAGGTCTTGGTCGGAGAATTGACTCTCAAACACGAACTGTGCGATTCGACCCCTGG	6982
249	IGHV1-8*01	IGHJ5*02	IGHG1	TGTGCGAGAGGCGGGGGATACTATGATAGTGGTGGTTATCATATCTCCGGATTCGACCCCTGG	14967
388	IGHV4-30-4*09	IGHJ6*02	IGHA1	TGTGCGAGAGATTCGGGCGGTGGCTGGTACTTCTACGGTATGGACGTCTGG	49902
421	IGHV3-21*01	IGHJ4*02	IGHA1	TGTGCTGTTCTATTGGTCGGAACTACGAATGCGCTTGACTATTGG	22087
270	IGHV3-74*01	IGHJ4*02	IGHG1	TGTGCAAGTTGGATTAATATGATGGGCAACTGG	44027
247	IGHV4-59*01	IGHJ4*02	IGHG3	TGTGCGAGAGATCGCGGTGGGAGCTACGGAAAGAATCTTGAGTCGTGG	63084
450	IGHV3-11*01	IGHJ4*02	IGHA1	TGTGCGAGACGGGCAATCCTAAAGTTACGGGCCGAGGACTACTGG	17800
261	IGHV3-74*01	IGHJ4*02	IGHG1	TGTGCAAGAGACAATTGGTTGACCTACTGG	43910
292	IGHV3-48*01	IGHJ3*02	IGHG1	TGTGCGAGATCGACTGGGACCTATCTTTCATCGGATGGTTTTGATATCTGG	33551
434	IGHV1-46*01	IGHJ4*02	IGHA1	TGTGCGAGGCCTCATTGTGATGGTGACTGCTACGGCCCACGTTTTGACCACTGG	9407
408	IGHV3-20*04	IGHJ6*02	IGHA1	TGTGCGAGAGGATACAGTTCCCACTACTTCGACTTCGGTCTGGACGTCTGG	21348
461	IGHV3-23*01	IGHJ4*02	IGHA1	TGTGCGAAAGATACGCTCGGGGAGTTAGAACTTTGG	24408
429	IGHV3-21*01	IGHJ4*02	IGHA1	TGTGCGAGATTCTCATACAACTATGATTCCGAAGTGTATTACTTTGACTCCTGG	22493
441	IGHV3-15*01	IGHJ4*02	IGHA1	TGTACTACAGATCGGAGTTATGGTTACTACTCTGCCTACTGG	19955
457	IGHV5-51*03	IGHJ4*02	IGHA1	TGTGTGAGGCTCCCGTATTACGATTTTTGGAGTGGTTATTCTACAGGGGCCCACTTTGACTACTGG	68531
392	IGHV3-30*03	IGHJ4*02	IGHA1	TGTGCCCTCGGGAGGACCGATGACTACAGTAACTACCCTGACTACTGG	29738
475	IGHV3-9*01	IGHJ6*02	IGHA1	TGTGCAAAAGACACGGGCGGTCCAAGGTGGCACGATGTCGTAGTAGTTCCAGCTGCTGTATTCGGCCTTTACGGTATGGACGTCTGG	48890
463	IGHV4-34*01	IGHJ2*01	IGHA1	TGTGCGAGACGTCCAAGGTATTTCGATCTCTGG	50157
458	IGHV3-7*01	IGHJ4*02	IGHA1	TGTGCGAGAGGTAGTGGGAACTATTACAGGCTCTGG	39492
293	IGHV3-23*01	IGHJ4*02	IGHG1	TGTGCGAGAGATTTCGGACGCAATGAATATAATGCCGACTCCCCCCTTGACTACTGG	27314
476	IGHV3-15*01	IGHJ1*01	IGHA1	TGTACCGGCGATAGTGGGAATTACTACGAATACTTCCAACGTTGG	19083
471	IGHV3-20*04	IGHJ6*02	IGHA1	TGTGCGAGAGGCTACAGTTCCCACTACTACGACTTCGGTGTGGACGTCTGG	21349
203	IGHV4-61*08	IGHJ3*01	IGHA1	TGTGCGAGGGACGACCAGTGGGGTGATCCTTTTGATCTGTGG	64817
260	IGHV3-7*01	IGHJ4*02	IGHG1	TGTGCGTCAAACTCGGACTACCGTTTTGAATACTGG	39551
325	IGHV3-15*01	IGHJ4*02	IGHG1	TGTGCCACATGGTCCCCTCTACAATGGAATTCGGGGACTGGTTGG	20183
272	IGHV3-49*03	IGHJ3*02	IGHG1	TGTAGTAGAGATTCAGCCTACTCCAGTGGCTGGTTCGGTGCTTTTGATATGTGG	35706
499	IGHV3-11*01	IGHJ6*02	IGHA1	TGTGCGGTTGTGCCCCCTGCCATTAAGGAGTTTTACTATAACTACGCTATGGACGTCTGG	18648
370	IGHV3-48*01	IGHJ4*02	IGHG1	TGTGCGAGAGACAATGGTCACTCCGGAGACGATGACTATTGG	34053
276	IGHV4-39*01	IGHJ4*02	IGHG1	TGTGCGAGACCCTATGGGGGGGGCTACTGG	54122
165	IGHV3-9*01	IGHJ4*02	IGHE	TGTGTGAAAGACGGGGGATACAGCTATGAGCGGTCGCGCTTTGACTATTGG	47491
501	IGHV5-51*03	IGHJ4*02	IGHA1	TGTGCGAGACAGTATTGGTTCCTGGGATATTGTACTAATGCTGTATGCAAAATTCCCGACTACTGG	68490
343	IGHV1-2*02	IGHJ5*02	IGHG1	TGTGCGAGAGATGTTGTAGTGGTCATAGCTGCTACTCATGAACACTGGTTCGACCCCTGG	6905
487	IGHV1-2*02	IGHJ4*02	IGHA1	TGTGCGAGAGAGCCCCCTCAGACCGGAGGCTTTGACTTCTGG	4377
263	IGHV4-39*01	IGHJ5*02	IGHG1	TGTGCGACATCGGAACGCTTTTTGGGGGACTTACCCCAAATCAACTGGTTCGACCCCTGG	58862
455	IGHV3-23*01	IGHJ3*02	IGHA1	TGTGCGAAAGCGGCGGGTGTAGTGGTGGTAGCTGCTACTGTGTTATCGGCTGCTTTTGATATCTGG	24152
453	IGHV3-23*01	IGHJ6*02	IGHA1	TGTGCTAAAGATTTTATTGGACACTATGACATCTGGAGTGGTTATTCTAACTACGGTTTAGACGTCTGG	28909
468	IGHV3-48*02	IGHJ6*02	IGHA1	TGTGTGAGAGATTGCGGGTCCTCGGCGGAGGCTGGTTACGGTATGGACGTCTGG	35358
448	IGHV1-2*02	IGHJ4*02	IGHA1	TGCCGCATTATTCATGTGCGAGAGGAGGGGGATGGCGAACCTCTCCCCATTCTTGGGGAGGGTGGAGACGCATGGTTCTTTGACTATTGG	6345
341	IGHV1-69*01	IGHJ6*02	IGHG1	TGTGCGAGAGATGAGGATACGGAAGTGATTGGAGACCAGTACGGTATGGACGTCTGG	13156
469	IGHV3-48*01	IGHJ3*01	IGHA1	TGTGCGAGAGATTCGGAATATAGCAGTAGCTGGGTTGGACCCATTGATACCTTTGATTTGTGG	33613
472	IGHV3-7*01	IGHJ2*01	IGHA1	TGTGCGAGAAGGGTGGCAAGTGGGGGCCCGAAGGGTACGGTGGTAAATACGGACTGGTACTTCGAGCTCTGG	38542
319	IGHV3-9*01	IGHJ4*02	IGHG1	TGTGCAAAGCCAGTTTCGGGTAAAGGATACTCCTATGGTTTTGACTCCTGG	47420
503	IGHV4-59*02	IGHJ4*02	IGHA1	TGTGCGGGGGACCCAGCCACAGGTTACTTTGACTACTGG	62545
318	IGHV3-7*01	IGHJ3*01	IGHG1	TGTGCGAGACCCTCTTGGAGTAAATATTGGGATGATGCTTTTGATCTCTGG	38730
326	IGHV3-21*01	IGHJ4*02	IGHG1	TGTTCGAGAGATAGGCCTCGGGATAGTGCCTATTGGTCTGTAAGTGACTACTGG	22523
252	IGHV3-7*01	IGHJ3*01	IGHG1	TGTGCGAGCGTAGGATTTTTTTCTAGTATCAGGTTTGGTCTGATATTGGATGCTTTTGATTTCTGG	38897
301	IGHV3-9*01	IGHJ4*02	IGHG1	TGTGCAAAGCCAGTCTCGGGTACTGGATACTCCTATGGTTTTGACTACTGG	47422
482	IGHV3-72*01	IGHJ4*02	IGHA1	TGTGCTGACGTGGGAATGACTTCCGTTGCGGTCTGG	42282
462	IGHV1-24*01	IGHJ4*02	IGHA1	TGTGCCTCTCCGGCTGTTCCATGGTACTTCTTTGACTACTGG	8040
416	IGHV4-4*07	IGHJ4*02	IGHG1	TGTGCGAGAGAGCATAACCCCATAGCCTTCTACTTTGACCTCTGG	60531
302	IGHV1-24*01	IGHJ4*02	IGHG1	TGTGTCATTGATCGAAGTTACCAATTTTGTCATGATGGTAGATGCCCCCTTGGGGAATTCTACTTTGAGCACTGG	8236
490	IGHV3-23*01	IGHJ4*02	IGHA1	TGTGCGAAAAACAGTCGTGGGTATAATAGTGGTTCGGTGGACCACTGG	25552
443	IGHV2-70*01	IGHJ4*02	IGHA1	TGTGCACGGTCACGCCGCTTGGACGACGGGGAGTGGGACTTGCCTTTTGACCACTGG	17011
480	IGHV5-51*01	IGHJ4*02	IGHA1	TGTGCGAGACGGGCGCTATCAACCGGTGCTTGGGCCGACTCGCGCTTCGATTATTGG	68280
327	IGHV3-53*01	IGHJ2*01	IGHG1	TGTGCGAGAGATCAGGGGTATTACTATGGTTCGGGGAGTTATCGTAACTGGTACTTCGATCTCTGG	36580
320	IGHV1-24*01	IGHJ4*02	IGHG1	TGTGTAGCCTCCTTCTGGGGGGCTTACACTTCTACACGGGGGGGTTACTACTATGAATATTGG	8214
477	IGHV1-69*01	IGHJ4*02	IGHA1	TGTGCGACTGTGATAGGGGGCTGTAGTGGTGGTAGCTGCTACTGGGGGTACTTTGACGACTGG	12212
342	IGHV1-69*01	IGHJ6*02	IGHG1	TGTGCGACAGATATGGGCGCCGACGGCAGGATTGTACTCCGGGGAGGTGCCACCCCCCAAAATGACTACCACTACTTCGGAATGGACGTCTGG	13989
492	IGHV3-21*01	IGHJ4*02	IGHA1	TGTGCGAGAGTCGGAGACACTTATGGATCGCCGGTGGACCACTGG	22047
433	IGHV1-8*02	IGHJ4*02	IGHA1	TGTGCGCGAGACAGGAAGGGCCTTGCATTCTGG	14216
386	IGHV3-23*01	IGHJ4*02	IGHG1	TGTGCGAAAGATTGGAAATCGGGGTCAACAAAGTGTGGTGGTGACTGCCTCGACAACTGG	27451
432	IGHV1-46*01	IGHJ5*02	IGHA1	TGTGCAAAAACGGCCGCGGAGAGTCCTTGTGGCGATGACTGTTTTTCGCTTCAGTCCTGG	9862
371	IGHV3-7*01	IGHJ3*02	IGHG1	TGTGCGCGAGATGAAACCTTTTTTAGTGGTCTTTTTTACTATGATGTTCTTGATATTTGG	38852
496	IGHV1-69*18	IGHJ4*02	IGHA1	TGTGCGAGTAGACATTGTGCTGGTGGCAGTTGTTACTCCGAGTATCACTACTGG	11784
349	IGHV3-74*01	IGHJ6*02	IGHG1	TGTGCAAGAGTTCACTATGATTCGGGGACGAACGTCTGG	45766
374	IGHV4-39*01	IGHJ6*02	IGHG1	TGTGCGAGACATCACAGAACGGTGGCAGACGGACAATACTTCCACTTTGGTATGGACGTCTGG	59721
307	IGHV3-15*01	IGHJ6*02	IGHG1	TGCTCCACAGCGGACGATATTGTAGTAGTTCCACCTGATGCAAAATACTACTACTACGGCATGGACGTCTGG	21180
478	IGHV3-11*01	IGHJ2*01	IGHA1	TGTGCGAGAGAACGGGGGGGGGGATACTTCGAGCCCTGG	17251
391	IGHV1-46*02	IGHJ4*02	IGHG1	TGTGCGAGAGTACCCCGGACTACAATTACCGCAGGTGGGCCTGACTATTGG	9364
380	IGHV4-61*01	IGHJ4*02	IGHG1	TGTGTTCGAATGCCCATCGCGGTGGCTGGTCTGGATGACAAGTGG	65193
495	IGHV4-59*01	IGHJ5*02	IGHA1	TGTGCGAGATCCTTTACGCCCCGTGTGAGCGACACCTGGGTCCCCGTTCCTCGGCAATTCGGCCCCTGG	64216
484	IGHV1-8*01	IGHJ6*02	IGHA1	TGTGCGGGAGTCACCGCTCCCGATGTTGACGGTGACTACGGAATTCACACCCCCGATTTCGACCTCTGG	15224
497	IGHV3-11*01	IGHJ4*02	IGHA1	TGTGCGAGAGAGTATTCTTATGATCATGATGGTTTTTACTACGAGGGGTTTGACTTCTGG	18203
336	IGHV3-49*03	IGHJ1*01	IGHG1	TGTGCCAGAGGAGGATTTTGCACTAATGGTGTTTGTGAAACATACTTCGAACACTGG	35635
465	IGHV3-30*18	IGHJ6*02	IGHA1	TGTGTAAAAGATCAGAGAATACGCCAGGGGTTTTTAGTGGGAGCCAGTTCCTTCTACTTCTACGGTATGGATGTCTGG	31662
305	IGHV3-30*18	IGHJ6*02	IGHA1	TGTGCGAAAGCCCCCCATAGAATGGTCGCGGTGTGGTACTACGCTATGGAAGTCTGG	31257
317	IGHV5-51*01	IGHJ3*01	IGHG1	TGTGCGAGACTGTTTACTAGGTCGTATAGCAGCAGACAAGATGCTTTTGATGTGTGG	66589
241	IGHV3-13*01	IGHJ6*02	IGHG3	TGTGCAAGAGTGGGGTTCCGTAACTACTTAGGGCTTCTCTACTACTACGGTGTGGACGTCTGG	19043
383	IGHV3-21*06	IGHJ5*01	IGHG1	TGTGCGAAAGATGGGGGGGAGTTCCTGCGACAAAACTGGTTCGACTCCTGG	22805
438	IGHV3-23*01	IGHJ3*01	IGHG1	TGTTCGCAAGATGTCTCGGGGTACCCCCATCTTTGG	23679
243	IGHV5-51*01	IGHJ4*02	IGHG3	TGTGCGAGATTGAGTGGGAGCTACTACTACCTTGACTACTGG	67254
337	IGHV3-53*02	IGHJ6*02	IGHG1	TGTGCGAGAGGTCTTGCGGACTACAGTAACCCCCGCAACTACTACTACTACGCTATGGACGTCTGG	38270
350	IGHV3-21*01	IGHJ3*02	IGHG1	TGTGCGAGAATTAGGAGTGCATATGATTCTTTTGATATCTGG	21465
364	IGHV3-30*03	IGHJ4*02	IGHG1	TGCGCGAGAGACCAATATGGAAGTGGTGGGGGGTGGGGTGACTTCTGG	29769
384	IGHV5-51*01	IGHJ3*02	IGHG1	TGTGCGAGACAACAAAATTATGATTTCGTTTTCGATTACGTGTCTGCTGATCCTTTTGATATTTGG	66702
442	IGHV3-9*01	IGHJ4*02	IGHG1	TGTGCAAAAGATCCACACTCCCGAATCCCTGAGAGGAGTGGATTCTACTTTGACTACTGG	47866
395	IGHV1-2*02	IGHJ6*02	IGHG1	TGTGCGAGAGGGCCGGGGGTATCAGAGACGGATTCCGCCGATTACGACACTGCCTACTACTACTACGGTATGGACGTCTGG	7877
379	IGHV2-5*01	IGHJ5*02	IGHG1	TGTGCACACAGACGACGTGATAAGAGTGGCCTTTATTATTTCGACTGGTTCGACCCCCGG	16595
396	IGHV1-69*01	IGHJ6*02	IGHG1	TGTGCGAGAGGAGGCGGCCGCCGGGTTGTGGTGGTGATTGCTAGATTCTACTACGGTATGGATGTCTGG	13642
502	IGHV4-30-4*08	IGHJ5*02	IGHA1	TGTGCGACAGGGGCACTGGGGACTAATGGGCCCCCGTTCGACCCCTGG	49716
531	IGHV3-15*01	IGHJ4*02	IGHA1	TGTACCATAGAAGGCCTAGGTCGTCCTGCGGGATTTAACTACTGG	20116
390	IGHV1-46*01	IGHJ5*02	IGHA1	TGTGCAAAAACGGCCGCGGAAAGTCCTTGTGGCGATGACTGCTTTTCGCTTCAGTCCTGG	9862
513	IGHV3-23*01	IGHJ4*02	IGHA1	TGTGCGAAAAGGGGGGGTGGGAGTTCGGACTACTTTGACTACTGG	25070
446	IGHV4-61*03	IGHJ4*02	IGHG1	TGTGCGAGAGTTAATTATTATGGTTCGGGGACTTGGGGGTACTACTTTGACTACTGG	65436
506	IGHV3-23*01	IGHJ4*02	IGHA1	TGTGCGAAAGATCGAAAGGCTGGTGGTCAGTCACGTGGGGACTTTGACTTCTGG	26820
389	IGHV1-69*01	IGHJ6*02	IGHG1	TGTGCGAGAGGCGGGGCCGACCACTTCTACCCAATGGACGTCTGG	12890
376	IGHV1-2*02	IGHJ6*02	IGHG1	TGTGCGAGAGCAGGGGTCCTACCAGCTCCTTTTAGTTCCTCCGGTCTGGCCGTCTGG	7426
403	IGHV4-59*11	IGHJ4*02	IGHG1	TGTGCGAGAGAGTGGTCCGCCTTTGACTATTGG	62261
425	IGHV4-34*02	IGHJ1*01	IGHG3	TGTGCGAGAGGCGGGGCATATTACTATGATAAGCATCAATTCCAATACTGG	50126
514	IGHV3-48*02	IGHJ5*02	IGHA1	TGTGCGAGAGATTCGGGTTCGACGGTACTAATGGTGTATGCTATGGGGCCGTTCGACCCCTGG	35173
398	IGHV1-2*02	IGHJ5*02	IGHG3	TGTGCGCGATATCGCTATGACTACAACTACGACAGAAACAACTGGTTCGACCCCTGG	6866
512	IGHV3-23*01	IGHJ4*02	IGHA1	TGTGCGAAAGTCCCTTGTATTGGTGGTTTTTGCTCAAACGGCTACTACTTTGACTACTGG	27497
402	IGHV3-43*01	IGHJ6*02	IGHG1	TGTGTAAAAGACGCCCGGGGGGGCGACTACGATTTTTGGAGTGGTAACTACGGCTTCGACGTCTGG	33333
439	IGHV3-48*02	IGHJ1*01	IGHG1	TGTGCGAGAGATCGACAAGTGGATATACCTATGGTCAAACCTGAGCACTGG	33369
523	IGHV3-21*06	IGHJ6*02	IGHA1	TGTGCGAGAGGGTCTCAAGGATACCCAAGGGGGGGTATGGACGCCTGG	22974
417	IGHV1-69*01	IGHJ5*02	IGHG1	TGTGTGAGAGATCAGAGGTGGTTCGACCCCTGG	12392
445	IGHV4-59*12	IGHJ4*02	IGHG1	TGTGCGAGAACGCCGCGCCGCAGAGATGGCTACCAACACTTTGACTATTGG	63235
399	IGHV1-46*01	IGHJ6*02	IGHG1	TGTGCGAGAGATAGGGGGTGGGCCCAGTGGTACTACGGTTTGGACGTCTGG	10019
430	IGHV3-72*01	IGHJ4*02	IGHG1	TGTGCTAAAGATTCCAGACGTGGGGCCTACTTTGACTGCTGG	42404
452	IGHV3-23*01	IGHJ4*02	IGHG1	TGTGCGAAAGCCCGATTTGGAGAGTTACTCCGAAGCCCCTTTGACCACTGG	26448
366	IGHV3-11*01	IGHJ6*02	IGHG1	TGTGCGAGCGGGAGTTGTAGTAGTGCCACCTGCGATCACTACTACGGTATGGACGTCTGG	18643
427	IGHV5-51*01	IGHJ2*01	IGHG1	TGTGCGAGAGGGAAAACCTACTGGTACTTCGATCTCTGG	66039
509	IGHV3-11*01	IGHJ2*01	IGHA1	TGTGCGAGAGAACGGGGGGGGGGGTACTTCGATCTCTGG	17251
467	IGHV3-23*01	IGHJ3*02	IGHG1	TGTGCGAAAGATTGGCCCTATAACTTTGATAAGAGTGTTAATGGATATGATGCTCTTGATATCTGG	24149
508	IGHV1-46*01	IGHJ2*01	IGHA1	TGTGCGCGAGATAGGGGGCCCCTGGGTTTGTTGATACCGGAGTACTGGTACTTCGATCTCTGG	8501
479	IGHV4-34*01	IGHJ2*01	IGHG1	TGTGCGAGACGTCCAAGGTATTTCGATCTCTGG	50157
279	IGHV3-23*01	IGHJ3*02	IGHG3	TGTGCTAAAGGTCGTGGATTCAGGTTTATAGGGAGTGTACTTGAAATGTGG	23909
447	IGHV1-69*01	IGHJ5*02	IGHG3	TGTGCGAGAGGTAGGGGGAATGAGATGATGAACGACTGGTTCGACCCCTGG	12514
493	IGHV3-7*01	IGHJ3*02	IGHA1	TGTGCGAGGCAGAATCAGTTTAACTATGATAGAAGTGGTAATTTAATTAACGAGGTGGGTGCTTTTGATATCTGG	38912
426	IGHV3-21*02	IGHJ6*02	IGHG1	TGTGCGCGAGATTTCCACCAGGCAATTGGAGTGGTTAAGCGAGAGACGAATGACTATCACTCCTACTACAACGGTATGGACGTCTGG	23403
505	IGHV3-23*01	IGHJ4*02	IGHA1	TGTGCGAGAGATATCGCAGTTTCGATTTATAAATTGGACAACATTGTGATTGGTTTTTATTCTGACTACTGG	27844
526	IGHV3-48*01	IGHJ6*02	IGHA1	TGTGCGGGACTCCGACAGATTACGACTCCTGCAGACGTCTGG	35251
516	IGHV3-23*01	IGHJ4*02	IGHA1	TGTGCGAAAGGCGGGAGGATAGGAGTGGCTGGCTACTCTGACCGCTGG	25873
524	IGHV3-11*01	IGHJ4*02	IGHA1	TGTGCGAGAGAATCTTTGGGCAGCAGCTGGTCTCTCTGG	17618
375	IGHV1-69*01	IGHJ6*02	IGHG1	TGTGCGAGACAATTGAGGGTGGGTCTCTATGGTATGGACGTCTGG	12888
522	IGHV3-7*01	IGHJ6*02	IGHA1	TGTGCGAGCGGGATAGCAATGGCTGGCTCCTTCTATTACGGTATGGACGTCTGG	41841
485	IGHV3-11*01	IGHJ5*02	IGHG1	TGTGCGAGACGGGGGGATGGTTCGGGACCGACGTTCGACCCCTGG	18326
333	IGHV5-51*01	IGHJ4*02	IGHG3	TGTGCGAGACGGGCGGATTACTATGACCAGACTGGTCGTTACCAAAGTCCCACGTTTGACTACTGG	68502
454	IGHV3-23*05	IGHJ5*02	IGHG1	TGTGCGAAAGATCACCCCAGCAGTGGCTGGCCCGCTTTCGAGACCTGG	28019
539	IGHV4-59*01	IGHJ4*02	IGHA1	TGTGCGAGAGATGGTGGTGACTACTTTGACAACTGG	62348
456	IGHV3-48*01	IGHJ6*02	IGHG1	TGTGCGAGAAGATTTTGTGATAGAACCACCTGCTATCCCCACTTCTACTACAGTATGGACGTCTGG	35480
534	IGHV3-48*01	IGHJ4*02	IGHA1	TGTGCGAGATTTCAACGGGACTACTATTTTGACTACTGG	33977
464	IGHV1-69*01	IGHJ6*02	IGHG1	TGTGCTCTTTGTCGGACATACACCTATGGTTACGCAAGCGGTTTGGACGTCTGG	13107
470	IGHV3-23*01	IGHJ2*01	IGHG1	TGTGTGAAGGTGGGAGCCACAGACTGGTTCTTCGATGGTTGG	23534
483	IGHV3-9*01	IGHJ4*02	IGHG1	TGTGCAAAAGATCCCTATGATAGTAGTGGTTATTCCGCGTACTATTTTGACTACTGG	47739
511	IGHV3-33*01	IGHJ4*02	IGHA1	TGTGCGCGAGAGGGGAGAACGGGCGGACACTTTGACTACTGG	32105
540	IGHV4-39*01	IGHJ6*02	IGHA1	TGTGCGAGGGAGGGGCCGTACTACTACGGTATGGACGTCTGG	59346
435	IGHV3-11*01	IGHJ4*02	IGHG1	TGTGCGAGAGGGGGGCGTACCAGCTGCTATAATTGCCTCTTTGACCACTGG	18055
491	IGHV5-51*03	IGHJ5*02	IGHG3	TGTGCGCGACTGGGCCGTATAGTAACTCGAACTCGCGGGAATTGGTTCGACCCCTGG	68892
347	IGHV3-23*01	IGHJ4*02	IGHG3	TGTGCCAGAGCGGTCACCAGATGGTACCGGGGTTATTTTGACTTCTGG	25545
521	IGHV3-11*01	IGHJ4*02	IGHG1	TGTGCGAGAAGTAGCTCTCTCACTATGGGACCGATTGACTCCTGG	17794
474	IGHV3-9*01	IGHJ6*02	IGHG3	TGTGCAAAAGATATTAGGGGAGCGACTAAACGCCGTGTGTGGGGCTTTGGTGACTACTACTACTACGGTATGGACGTCTGG	48878
549	IGHV3-20*04	IGHJ2*01	IGHA1	TGTGCGCGAGGCTCTCCCCCGGGATACGGTGACTTCAATTTCTGGTACTTCGATCTCTGG	21218
481	IGHV3-72*01	IGHJ6*02	IGHG1	TGTGCTAGTCATGGTTCGGAGAGTTACAACTACTTCTACTACGGTATGGACGTCTGG	42812
504	IGHV1-18*04	IGHJ6*02	IGHG1	TGTGCGAGACACCTTCGACTACGAAATAATTTTTACTACTACTACGGTATGGACGTCTGG	2730
473	IGHV3-9*01	IGHJ4*02	IGHG1	TGTGCAAGAGGCCGAGGAATATCATCTCCTATAGGGGGTTGGGGGTACCAGTTTGACTCCTGG	47951
536	IGHV2-70*01	IGHJ5*02	IGHA1	TGTGCACGGAGTCCGGGTAACTACGGCCCTAAGTACAACTGGATCGACACCTGG	17074
552	IGHV4-34*01	IGHJ4*02	IGHA1	TGTGCGAGATTGTCAATTGTGTGGTCAGTTGACTACTGG	50671
551	IGHV3-11*01	IGHJ4*02	IGHA1	TGTGCGAGAGACCCCGAGATGACTACGGGCCCTGGCTTTGACATCTGG	17913
440	IGHV3-23*01	IGHJ5*01	IGHG1	TGTGCGAGAGCAGGGGGTGGGAGCTACTACGGGGCGGAGTGGTTCGACTCCTGG	28210
543	IGHV3-23*01	IGHJ4*02	IGHA1	TGTGCGAAGGATCGAAAGGCTGGTGGTCAGTCACGTGGGGACTTTGACTTCTGG	26820
510	IGHV3-11*01	IGHJ5*02	IGHG1	TGTGCGAGACGGGGGGATGGTTCGGGACCGACGTTCGCCCCCTGG	18326
489	IGHV3-23*01	IGHJ4*02	IGHG1	TGTGTGAAAGATGAGTCACATTGTAGTGGTGACTGCTATTATGGGGACTACTGG	27070
500	IGHV3-23*01	IGHJ4*02	IGHG1	TGTGCGAAAGATTTCAGGTATGGTGATTCCATCTACTGG	24556
541	IGHV1-2*02	IGHJ5*01	IGHA1	TGTGCGACAGACAGCGGAGTGGAGCGACTCCCGTTTGAGTCCTGG	6473
488	IGHV3-7*01	IGHJ5*02	IGHG1	TGTGTGAGAGGGTATTGCAGTGGAATTTGCTTCTGGGGAACGGACTGGTTCGACCTCTGG	41597
413	IGHV1-46*01	IGHJ6*02	IGHG3	TGTTCGAGAGAGTTTGTGGCAGCATCTGCTACGCGGGACGTCGACTTAGACTTCTTCGCTTTGGACGTCTGG	10194
553	IGHV4-61*01	IGHJ6*02	IGHA1	TGTGCGAGGGATCAACGATATCTTGACCCCTATTACGGTTTGGACGTCTGG	65793
494	IGHV3-9*01	IGHJ4*02	IGHG3	TGTGCAAGCGAGGCCGTCACTGGTCACTACGGCCCCATTGACTACTGG	47172
557	IGHV4-59*01	IGHJ3*02	IGHA1	TGTGCGAGAGCAGGAAAAGGAAATTATTACTATGACAAGGGCCAAGATGCTTTTGATATCTGG	62186
528	IGHV3-7*01	IGHJ6*02	IGHA1	TGTGCGAGAGAGCCCTTAAAGCCACGTACGGCAGCTGGAATGGACTTCTGG	41793
339	IGHV1-18*04	IGHJ4*02	IGHG3	TGTGCGAGAGATATATCGGACTATGATACTACTGGTTATCACTGGATAGAAGGCGACGAACCCAGTCCCTTAGACTTCTGG	1997
486	IGHV1-2*02	IGHJ6*02	IGHG1	TGTGCGAGAGACGGGGCAACCTATTACGATTCTTGGAATGGCCGCGGGGGGGGGACCTACGGTATGGACGTCTGG	7835
515	IGHV3-23*01	IGHJ4*02	IGHG1	TGTGCGAAAGAGGAGGTCCCGAATGATTACTGG	24311
548	IGHV3-7*01	IGHJ4*02	IGHA1	TGTGCGAGACTCCTGGATCGACGTGGATACAACTTTGGTTACGACTACTGG	40718
507	IGHV3-48*02	IGHJ5*02	IGHG1	TGTGTGGTCAGGCTCGCATATTGTGGTGGTAGCTGCTCCTGG	35062
537	IGHV4-61*01	IGHJ4*02	IGHA1	TGTGCGAGGGGTCGGCAGTGGCTGGTTCGTTTTGACTCCTGG	65101
547	IGHV3-33*01	IGHJ4*02	IGHA1	TGTGCGCGAGAGGGGAGAACGGGCGGACACTTTGACTACTGG	32105
555	IGHV3-11*01	IGHJ5*02	IGHA1	TGTGCGAGACGGGGGGATGGTTCGGGACCGACGTTCGACCCCTGG	18326
527	IGHV3-23*01	IGHJ6*02	IGHG1	TGTGCGAAGGAGAGTCCTCATGATAATAGTGGCTTTGGTTACTACCACTACGGTATGGACGTCTGG	28854
544	IGHV1-18*01	IGHJ5*02	IGHA1	TGTGCGAGAGCCGGGTTTAACAGCAACTGGTATTCCCGGGGCTGGTTCGACCCCTGG	2271
449	IGHV1-69*01	IGHJ2*01	IGHG3	TGTGCGAGGGCGGGGGTGTTTTGTGGTGGTGACTGCCTACTCGATCTCTGG	10519
518	IGHV3-9*01	IGHJ3*01	IGHG1	TGTGTAAAAAGTGCCGAGGGCAACGGCTGGCTTGGAGCTTTTCATTTCTGG	46412
564	IGHV1-46*01	IGHJ3*02	IGHA1	TGTGCGAGAGGTAGAAATGGCTACAACTGGTACGCTTTTGATATCTGG	8555
517	IGHV3-15*01	IGHJ4*02	IGHG1	TGTGCCACAGGGTTCTACGAGTATGTGGCTTCTGGATTTGAATGGTGG	20387
520	IGHV4-61*01	IGHJ5*02	IGHG1	TGCGCGAGAAATAGATTGCGCTTTCCGGCCCCGGCCACGTTCGACCCCTGG	65634
559	IGHV3-9*01	IGHJ6*02	IGHA1	TGTGTAAAAGAAAAGGCCGGTCCAAGGTGGCATGATTATGTAGTAGTTCCAGCTGGTGTGTTCGGCCTTTACGGTATGGACGTCTGG	48890
562	IGHV4-4*07	IGHJ5*02	IGHA1	TGTGCGAGAGAATCTCTTGATTGTAGTAGTACCACCTGCTATACTCGCTGGTTCGACCCCTGG	61344
563	IGHV1-46*01	IGHJ4*02	IGHA1	TGTGCGAGAGATCATTCAGTCACGGTGACTACCCCGGGACTCTGG	9046
590	IGHV3-9*01	IGHJ6*02	IGHA1	TGTGCAAAGGATACATCAGCTGTGAGCTATTACGGTATGGACGTCTGG	48303
573	IGHV4-59*12	IGHJ4*02	IGHA1	TGTGTGAGAAGCCAATACAGTTATGGCCCCATTGCTTACTGG	62793
558	IGHV3-7*01	IGHJ4*02	IGHA1	TGTGCGAGAGATCTCGATGGCTGTGTTAGCATTAACTGCCCCGCGGACTCCTGG	40931
533	IGHV5-51*01	IGHJ6*02	IGHG1	TGTGCGCGACGGAAGGCCCAGGGTAATTTCTACGGTTTGGACGTCTGG	69143
575	IGHV1-69*01	IGHJ6*02	IGHA1	TGTGCGACCGACGGATATTGTGGTGGTGGTAGCTGCTACCCCTATTACTACTACGGTATGGACGTCTGG	13591
530	IGHV3-30*18	IGHJ4*02	IGHG1	TGTGCGAAGGATAGTACCCCTCGGGGATGTTGTGGTGGAAACAAGGAGTACTGG	30360
607	IGHV3-11*01	IGHJ4*02	IGHA1	TGTGCGAGAGATGGCCCTGTGTTTGGTTTTGACTATTGG	17609
581	IGHV2-5*01	IGHJ4*02	IGHM	TGTGCACTCGCCAATCCTATGGACTCCTTTGACTACTGG	15848
546	IGHV1-69*01	IGHJ2*01	IGHA1	TGTGCTGTGGCAAGCGTGGTATATGCAAGTACGCCGACCAGCTGGTACTTCGATTTCTGG	10550
532	IGHV3-48*01	IGHJ4*02	IGHG1	TGTGCGAGAGCCCGGACTACGTTGACGGGGGACCACTATGTTGACTTCTGG	34617
580	IGHV4-31*11	IGHJ4*02	IGHA1	TGTGCGCGAGAAAGGGGGTCCACGGCGCCTCCTCGCGGGGTATTTGACGACTGG	50063
525	IGHV3-7*01	IGHJ5*02	IGHG1	TGTGTGAGAGGGTTTTGCAGTGGAACTTGCTTCTGGGGAACGGACTGGTTCGACCTCTGG	41598
538	IGHV3-11*01	IGHJ4*02	IGHG1	TGTGCGAGAATTTTCGGGATAGTGGTGCCAGTTGCTATGGCCTCAGGGAATGACTATTGG	18200
542	IGHV3-23*01	IGHJ6*02	IGHG1	TGTGCGAAGGGGGTTCCGGTAAGACTGGGAACTACTACGATTCCGCCCTCATACTACTTCTACGCTATGGACGTCTGG	28962
519	IGHV1-2*02	IGHJ6*02	IGHG3	TGTGCGAGAGATGTGTGGGATTTTAGTGGCCACGAACTCAATTACTACGGGATGTACGTCTGG	7590
586	IGHV3-23*01	IGHJ4*02	IGHA1	TGTGCCCAAGGGGGTCGGAGGCAGTGGCTGGCCCCTTTTGAATCCTGG	25546
597	IGHV4-34*01	IGHJ4*02	IGHM	TGTGCGAGACGCCCTATTATTTATTACGATTTTTGGAGTGGTTATTCGGGAAACTACTTGGACTACTGG	51760
621	IGHV3-23*01	IGHJ4*02	IGHM	TGTGCGAAAGATAGACGTGGTTATTACGAGGCAGTTGACTACTGG	25147
572	IGHV3-9*01	IGHJ6*02	IGHA1	TGTACAAAAGATATCCATCCGGGAGGTGTGGACGTCTGG	48216
582	IGHV1-45*02	IGHJ4*02	IGHA1	TGTGCAAGTTCGAACAACAGTCCGCACTATTCTTTTGACTATTGG	8454
588	IGHV3-74*01	IGHJ4*02	IGHA1	TGTGTCAGAGGGGGCGATCATATTGGGGGAATGACCGTTATACCGTATCTT	45182
1642	IGHV3-48*04	IGHJ4*02	IGHM	TGTGTGAGGGGGACGCCTGATAAAGCGTACTTTGAGTACTGG	34155
568	IGHV3-21*01	IGHJ6*02	IGHA1	TGTGCGCGAGATTATGGTGTATGTTTGCATTTCTGTTACTACGGTATGGACGTCTGG	23121
622	IGHV3-23*01	IGHJ6*02	IGHA1	TGTGCGAAGACCCTTCCGGCTCTAAATACACGACAAAACTACTATCATGGCATGGACGTCTGG	28808
561	IGHV4-39*01	IGHJ4*02	IGHG1	TGTGCGCGACCCTATGGGGGGGGATTCTGG	54122
570	IGHV3-7*04	IGHJ4*02	IGHG1	TGTGTGGGGGGTAGTGGCTGGCTGCCTGACTACTGG	39602
529	IGHV4-61*01	IGHJ4*02	IGHG3	TGTGCGAGAGTTAGGAGGAGTGGTCGACGGGCTAACTTTGACTATTGG	65266
565	IGHV3-11*01	IGHJ5*02	IGHG1	TGTGCGAGACGGGGGGATGGTTCGGGACCGACGTTCGCCCCCTGG	18326
1382	IGHV3-11*01	IGHJ5*02	IGHM	TGTGCGAGAGATACTGACGACGATAATGGTGGTGCAACCTATGACCTCTGG	18371
705	IGHV3-30*18	IGHJ6*02	IGHM	TGTGCGAAAGTCTGGGAATTATGGGGTACAGCAGCACCTGACCGCTACGCTATGGACGTCTGG	31430
602	IGHV3-11*01	IGHJ5*02	IGHA1	TGTGCGAGAGGGTCTACGGTGATATGGTCCTGG	18294
619	IGHV3-53*01	IGHJ4*02	IGHA1	TGTGCGGCCAGAAGATGGCTCTTTAATAAGAGTGGTTTGGACTATTGG	37605
554	IGHV4-59*01	IGHJ4*01	IGHG1	TGTGCGAGAGGCCGGACAGGGGACGAGACAGAAGGGTATACCACTGGCTGGTACTACTTTGACTACTGG	63720
571	IGHV3-74*01	IGHJ4*02	IGHG1	TGTGCAACAGATCTCAATGTGGACAACTACGCTAGTGATGGAGACGACTTTGACTACTGG	45318
732	IGHV3-7*01	IGHJ2*01	IGHA1	TGTGCGAGAAGGGTGGCAAGTGGGGGCCCGAAGGGTACGGTGGTAAATACGGACTGGTACTTCGAGCTCTGG	38542
1460	IGHV3-9*02	IGHJ6*02	IGHA1	TGTGTAAAAGAAAAGGCCGGTCCAAGGTGGCACGATTATGTAGTAGTTCCAGCTGGTGTGTTCGGCCTTTACGGTATGGACGTCTGG	48890
601	IGHV1-69*01	IGHJ5*02	IGHA1	TGTGGGGTCTGGTTACAGGGGAAGTGGATTGATCCCTGG	12406
556	IGHV4-59*01	IGHJ6*02	IGHG1	TGCGCGAGAGGATCCTGCAACAGGGGCGGGTGTTATAGTGCCTTCTACTACTATTACACCATGGACGTCTGG	64694
1628	IGHV1-2*02	IGHJ3*01	IGHM	TGTGCGAGGGAAATGGGGGTCATGGCTTTTACTGTCTGG	3333
806	IGHV4-39*01	IGHJ4*02	IGHM	TGTGTGAGACATATGTATTACTCTGGTAGTAATGGTTATTGGTACTGG	55775
545	IGHV1-69*01	IGHJ4*02	IGHG1	TGTGCGAGAGGTCGGAGCGACAGCTGGGGCCGCCTGAGTGACTGG	11305
614	IGHV3-48*02	IGHJ4*02	IGHA1	TGTGCGAGAGTTGTTCAAGGGGTAACCGGGGCTGACTACTGG	34139
550	IGHV3-9*01	IGHJ5*02	IGHG3	TGCTCAAAAATTTCCAATGGCTGGTTTGGGGGTTGGTTCGACCCCTGG	48097
606	IGHV4-30-4*09	IGHJ4*02	IGHA1	TGTGGGCGAATGAAAGAGTGGGACCTACTTGTGGACTACTGG	49290
604	IGHV4-34*01	IGHJ5*02	IGHD	TGTGCGAGAGCCTACTCGAGTATAGCAGCTCGTCCGTTCGACCCCTGG	51988
722	IGHV3-30*03	IGHJ4*02	IGHA1	TGTGCGACCGATGGAAATTTGAACGACGACTTCTGG	29358
1745	IGHV3-7*01	IGHJ6*02	IGHA1	TGTGCGAGAGTCTCCCTAGGTGACCAGCTGGCCGGCAATTATTACTACTACTATGGTATGGACGTCTGG	42016
578	IGHV3-30*02	IGHJ1*01	IGHA1	TGTGTGAAAGACCTCCTGTATAGCAGCAGCTGGTCTTCGGGGAGACTAGGATATTTCCAGCACTGG	29038
658	IGHV4-39*01	IGHJ4*02	IGHM	TGTGCGAGACATTATAAATTTCTCAATATAGTGGCTACGATGGGCCCCTTTGACAACTGG	57331
589	IGHV3-23*01	IGHJ4*02	IGHA1	TGTGCGAAGTCGAATATCCCACATCGCTTATCGCTCTGTTTTGACCAGTGG	26587
1221	IGHV4-34*01	IGHJ4*02	IGHA1	TGTGCGAGATGGGCTCCTGCCGATTGTAGTGGTGGCCGATGTTCCAACTATTTCTTTGACCACTGG	51750
1554	IGHV3-11*01	IGHJ5*02	IGHM	TGTGCGAGAGATACTGACGACGATAATGGTGGTGCAACCTATGACCTCTGG	18371
2070	IGHV3-11*01	IGHJ6*02	IGHA1	TGTGCGGTTGTGCCCCCTGCCATTAAGGAGTTTTACTATAACTACGGTATGGACGTCTGG	18648
598	IGHV4-61*08	IGHJ4*02	IGHA1	TGTGCGAGAGATACTTTAGGGATGGCTACAATAGAAGACTGG	65057
1422	IGHV4-39*01	IGHJ5*02	IGHA1	TGTGCGAGACACTTGTCGAGCGGTAATCGTCCTTTGTACAACTGGCTCGACCCCTGG	58746
1716	IGHV5-51*01	IGHJ4*02	IGHA1	TGTGCGAGACGGGCGCTATCAACCGGTGCTTGGGCCGACTCGCGCTTCGATTATTGG	68280
682	IGHV3-23*01	IGHJ4*02	IGHA1	TGTGCGAAAGACGCCTCTGGTATCAGTGGTCATTACTACCATTTTGATTACTGG	26778
756	IGHV4-39*02	IGHJ4*02	IGHA1	TGTGCGGGAGATAGAAATCCACAATGGTTCTACTACTGG	54732
1133	IGHV1-69*01	IGHJ5*02	IGHA1	TGTGCGACAGAGAGAGATCCGCATGATGATAGTAATGGGTACAATTGGTTCGACCCCTGG	12681
624	IGHV3-74*01	IGHJ4*02	IGHA1	TGCGCAAGAGGGTCGTTTCACTCTGATGAGGACGTCCTTGACTACTGG	45010
1334	IGHV3-30*18	IGHJ6*02	IGHA1	TGTGCGAAAGATCAGACGCTAGTTTCGCGGGTCAACTACTACGGCATGGACGTCTGG	31228
1562	IGHV1-18*04	IGHJ4*02	IGHA1	TGTGCGAGAGATTTGGTTCGTGGATTTTGTAACTTCTGG	581
613	IGHV3-7*01	IGHJ6*02	IGHA1	TGTGCGAGCGGGATAGCAATGGCTGGCTCCTTCTATTACGGTATGGACGTCTGG	41841
626	IGHV3-7*01	IGHJ4*02	IGHA1	TGTGCGAGAGATTCTCAACGACTGTTTGACTACTGG	39468
820	IGHV1-18*01	IGHJ4*02	IGHA1	TGTACGAGAGATGAGGCCTACAATATGGGCTACTGG	466
890	IGHV1-69*01	IGHJ6*02	IGHA1	TGTGCGAGAGATAACGGGTTTCGTTCGGGGACTTACACCGACTGGGCCTATTACAGTCTGGACGTCTGG	13617
1001	IGHV4-4*07	IGHJ2*01	IGHA1	TGTGTGAGAGGGTCTTCGGTGACTATTTACTACTACTTCGATCTCTGG	59998
711	IGHV3-9*01	IGHJ1*01	IGHA1	TGTGTAAAAGACAGTCAAGAGGTGGTAACTTCGAATCTTATGACTTGG	46145
733	IGHV3-7*01	IGHJ2*01	IGHA1	TGTGCGAGAAGGGTGGCAAGTGGGGGCCCGAAGGGTACGGTGGTAAATACGGACTGGTACTTCGAGCTCTGG	38542
799	IGHV4-39*01	IGHJ4*02	IGHM	TGTGCGAGACATGTCGAGATGTATTTCTATGATAGTAGTGGTTATTCCAGTATGTTTAACTACTGG	57646
1023	IGHV4-4*07	IGHJ4*02	IGHA1	TGTGCGAGAGGATATGGGGCTGCTACTCGTGAGGCTTTGGACTACTGG	60682
1142	IGHV3-30*18	IGHJ4*02	IGHM	TGTGCGAAAGATGCCTCGTATCAGTGGAACTCAACACCTGACTACTGG	29822
1308	IGHV6-1*01	IGHJ5*01	IGHA1	TGTGCAAGGGGACTTTGGTCAGAAGGTTTCGACTCCTGG	70615
1391	IGHV4-34*01	IGHJ2*01	IGHA1	TGTGCGAGAGACTCTGGCGTGGTGCGCAGTATGATTATGATCGTAGGTGGTGATCCAAACCTCGATATCTGG	50244
1484	IGHV5-51*03	IGHJ6*02	IGHA1	TGTGTGAGACCTAACCGTATAACAGTGGCTGCCAAGAGGGTTCATAAATATTACGCTATGGACGTCTGG	69560
1501	IGHV3-15*01	IGHJ4*02	IGHA1	TGTACTTCCCAGGTTAGATTTGATAGTAGTGGCTATTACTATGTGAATCGGGACTTCTGG	20709
560	IGHV4-61*01	IGHJ5*02	IGHG1	TGCGCGAGAAATAGATTGCGCTTTCCGGCCCCGGCCACGTTCGACCCCTGG	65634
620	IGHV3-23*01	IGHJ4*02	IGHA1	TGTGTGAAGACCGTGAGGTGGGAACTACCCCCATATCACTTTGACTCCTGG	26690
1032	IGHV4-61*01	IGHJ4*02	IGHA1	TGTGCGAGAGTTGGTCGTAACAGTGGCTACTTTAGGGTCTTTGACTACTGG	65342
1487	IGHV3-48*02	IGHJ4*02	IGHA1	TGTGCGAGAGAAAGAGACTGTAATTCTACTACGTGCGACGGCTACCTTGACTACTGG	34807
1559	IGHV1-18*04	IGHJ4*02	IGHA1	TGTGCGAGAGATTTGGTTCGTGGATTTTGTAACTTCTGG	581
1584	IGHV3-74*01	IGHJ4*02	IGHA1	TGTGGAAGAGATCTGAGGACTATCTATGATAGTAGTGGTTATGACGTTGGCCACTGG	45311
695	IGHV2-5*01	IGHJ4*02	IGHA1	TGTGCACACGTTGACTTCGGTGACTACGTATATTACTTTGACTACTGG	16089
825	IGHV1-18*04	IGHJ4*02	IGHA1	TTTGTGAGAGATCGGGGGCCGTATTGTACTAGGCCTAATTGCTACTCAAGGTATTTTGACTATTGG	1946
922	IGHV4-59*01	IGHJ4*02	IGHA1	TGTGCGAGGTCCTCAGAGTTGGGTCCCATGAAACCTCGACCTTATTTTGACTCCTGG	63568
1149	IGHV3-11*01	IGHJ4*02	IGHA1	TGTGCGAGAGAGACTAAACGCAGCTCGGCCGTTGACTACTGG	17713
1179	IGHV3-30*18	IGHJ6*02	IGHM	TGTGCGAAAGTCTGGGAATTATGGGGTACAGCAGCACCTGACCGTTACGCTATGGACGTCTGG	31430
1636	IGHV1-2*02	IGHJ3*01	IGHM	TGTGCGAGGGAAATGGGGGTCATGGCTTTTACTGTCTGG	3333
994	IGHV4-4*07	IGHJ5*01	IGHA1	TGTGCGAGAGAGAATCACTTCCCTGATAGTGCCTTGGTTAACTGGTTCGACTCCTGG	61291
1217	IGHV4-34*01	IGHJ4*02	IGHM	TGTAGGGCGTTTTACTATGATAATAGTGATTATGACCGGGAGACCTCCTCTTTTGACTACTGG	51594
1318	IGHV6-1*01	IGHJ5*02	IGHA1	TGTGCCAGAGATCGGGCTCTTACTCCCGGAATGGCAATTGCTACAGACAACTGGTTCGACCCCTGG	70741
1510	IGHV3-7*01	IGHJ2*01	IGHA1	TGTGCGAGAAGGGTGGCAAGTGGGGGCCCGAAGGGTACGGTGGTAAATACGGACTGGTACTTCGAGCTCTGG	38542
1938	IGHV3-48*02	IGHJ3*02	IGHA1	TGTACCCGAGGAAGATATAGGCTGCGCTGTGATGCGTTTGATATCTGG	33490
2056	IGHV4-39*01	IGHJ4*02	IGHM	TGTGCGAGACATTATAAATTTCTCAATATAGTGGCTACGATGGGCCCCTTTGACAACTGG	57331
690	IGHV4-39*01	IGHJ4*02	IGHM	TGTGCGAGACATTATAAATTTCTCAATATAGTGGCTACGATGGGCCCCTTTGACAACTGG	57331
969	IGHV4-59*01	IGHJ6*02	IGHA1	TGTGCGAGAGAGGGGGGGCTTGATACTAGTGGTTATTCCGGAATGGACGTCTGG	64425
995	IGHV4-4*07	IGHJ5*01	IGHA1	TGTGCGAGAGAGAATCACTTCCCTGATAGTGCCGGCTTGGTTAACTGGTTCGACTCCTGG	61308
1040	IGHV4-4*07	IGHJ4*02	IGHA1	TGTGCGAAAAATAAAGCCGGCATTTTGACCTACTTTGACTACTGG	60506
1267	IGHV1-8*01	IGHJ4*02	IGHA1	TGTGCGAGATGCCAATACACTGGCTCCGATTGGTATTTTGACTACTGG	14489
1451	IGHV3-20*04	IGHJ6*02	IGHA1	TGTGCGAGAGGCTACAGTTCCCACTACTACGACTTCGGTGTGGACGTCTGG	21349
1537	IGHV3-21*01	IGHJ4*02	IGHA1	TGTGCGAAAGAGCAACAGGTGATCCAAGATTTGAAGGACTGG	21854
1608	IGHV3-48*02	IGHJ4*02	IGHA1	TGTGCGACACTGCAGACTACGGGGGGTCGTCGTTTTGAGTCCTGG	34207
1812	IGHV3-74*01	IGHJ2*01	IGHA1	TGTGCGAGGGTATCGCCCAACTGGTACAACGATCTCTGG	43473
1977	IGHV3-23*01	IGHJ4*02	IGHA1	TGTGCGAGAATCATGGATTGCGGTGGTCACTGCCCTTTTGACTACTGG	26071
583	IGHV1-2*02	IGHJ6*02	IGHA1	TGCGCGAGAGATTTTATACGTACCGACTACTATGACGGTATGGACGTCTGG	7282
610	IGHV4-39*01	IGHJ4*02	IGHA1	TGTGGGCGCCACTCCGGTATTTCGGTCTTTGGAGTGGTCACAGTGGATAGGATTGACTACTGG	57596
662	IGHV1-69*17	IGHJ6*02	IGHA1	TGTGCGAGAGATGACCCACTAACCTATTATGCTGGGTCGGAGCTCCATGACGGCAACTACTACGGAATGGACGTCTGG	13895
723	IGHV1-45*02	IGHJ4*02	IGHA1	TGTGCAAGTTCGAACAACAGTCCGCACTATTCTTTTGACTATTGG	8454
1257	IGHV1-69*01	IGHJ4*02	IGHA1	TGTGCGAGAGATCAAGGGGGCGTTATGTCCACAATTGACTACTTTGACTACTGG	11815
1290	IGHV4-34*02	IGHJ4*02	IGHA1	TGTGCGAGATTGAAACACTTTTGGAGTGGTTTCTCTAATAAGGCCCGCTTTGACTACTGG	51573
1360	IGHV2-5*01	IGHJ4*02	IGHA1	TGTGCGCACACGCGTTATCGTGATAGTAGTGCTGTCCCCCCCCCTGACTATTGG	16202
1513	IGHV2-5*01	IGHJ6*02	IGHA1	TGTGTCCATACTTGGGGTCGTGTCAGCGGTGGGGGTGTAGTACCTCGGACGACTCACTTCTCTTTCTACGTTATGGACGTCTGG	16792
1560	IGHV1-18*04	IGHJ4*02	IGHA1	TGTGCGAGAGATTTGGTTCGTGGATTTTGTAACTTCTGG	581
1818	IGHV3-74*01	IGHJ4*02	IGHA1	TGTGCAAGATTTAAGGGAACCAGTTATGATTCCGGTGACTACTGG	44735
641	IGHV3-30*18	IGHJ6*02	IGHA1	TGTGTAAAAGATCAGAGAATACGCCAGGGGTTTTTAGTGGGAGCCAGTTCCTTCTACTTCTACGGTATGGATGTCTGG	31662
784	IGHV4-39*01	IGHJ4*02	IGHA1	TGTGCGAGACAAGGCCGGGGTTACAATGACCTGGACTACTGG	54871
1160	IGHV3-11*01	IGHJ4*02	IGHA1	TGTGTGAGAGGAGGCAGTGTCAACCTGGTCTACTGG	17575
1181	IGHV3-30*18	IGHJ6*02	IGHM	TGTGCGAAAGTCTGGGAATTATGGGGTACAGCAGCACCTGACCGCTACGCTATGGACGTCTGG	31430
1358	IGHV2-5*01	IGHJ4*02	IGHA1	TGTGCACACGTTGACTTCGGTGACTACGTATATTACTTTGACTACTGG	16089
1486	IGHV3-7*01	IGHJ6*02	IGHA1	TGTGCGAGAGTCTCCCTAGGTGACCAGCTGGCCGGCAATTATTACTACTACTATGGTATGGACGTCTGG	42016
1517	IGHV4-30-4*09	IGHJ4*02	IGHA1	TGTGCGAGAAGCCCTCGCAGAGATTCATATAATTACATTGACTCTTGG	49377
1557	IGHV3-7*01	IGHJ1*01	IGHM	TGTACCGCCACTACAGTAGGAACGCCTGGGGTCGACTGG	38415
1573	IGHV1-24*01	IGHJ4*02	IGHA1	TGTGCGACAGATAGACTGGGCAACTACTTCGAAAACTGG	8017
1770	IGHV3-15*01	IGHJ3*01	IGHM	TGTACCACAGGACTTTGTACTACTACCAGCTGCCATTGGGACGATGCTTTTGATGTCTGG	19287
635	IGHV3-23*01	IGHJ4*02	IGHA1	TGTGCGAGAATCATGGATTGCGGTGGTCACTGCCCTTTTGACTACTGG	26071
1081	IGHV1-46*01	IGHJ4*02	IGHA1	TGTGCGAGGCCTCATTGTGATGGTGACTGCTACGGCCCACGTTTTGACCACTGG	9407
1088	IGHV1-46*01	IGHJ4*02	IGHA1	TGTGCGAGAGATCATTCAGTCACGGTGACTACCCCGGGACTCTGG	9046
1168	IGHV3-30*07	IGHJ4*02	IGHA1	TGTGCGAGAGATCGCGAGAGGAACTCCGGTGACTCCCCTCTTCGCTGG	29915
1187	IGHV3-30*18	IGHJ6*02	IGHA1	TGTGCGAAAGATTTCCGACGTTGTGGCGATGGTGGCTGCTACCGGGGGAGCTCCTTCTACTACGGATTGGCCGTCTGG	31653
1194	IGHV3-30*03	IGHJ4*02	IGHA1	TGTGCCGTCGGGACGACCGATGACTACAGTAACTACCCTGACTACTGG	29738
1284	IGHV3-11*01	IGHJ4*02	IGHA1	TGTGCGAGAGATGCCCTTGTGTTTACTTTTGACTATTGG	17609
1398	IGHV4-39*01	IGHJ4*02	IGHA1	TGTGCGAGACATAAGTGGTTGGGTGTTTCGATTTTTGGAGGGCCGTTTGCCTTCTGG	57029
1450	IGHV3-74*01	IGHJ3*02	IGHA1	TGTGCAAGTGGCAACCCGGCGGCCGGATATGCTTTTGATATCTGG	43638
1478	IGHV4-59*11	IGHJ6*02	IGHA1	TGTGCGAGTATGACCAGTGCGAGCTACTTTGCATTACATTACTCCTACTACTCTATTGACGTCTGG	64659
1526	IGHV3-72*01	IGHJ4*02	IGHA1	TGTGCTGACGTGGGAATGACTTCCGTTGCGGTCTGG	42282
1935	IGHV3-48*02	IGHJ3*02	IGHA1	TGTACCCGAGGAAGATATAGGCTGCGCTGTGATGCGTTTGATATCTGG	33490
1936	IGHV3-48*02	IGHJ3*02	IGHA1	TGTACCCGAGGAAGATATAGGCTGCGCTGTGATGCGTTTGATATCTGG	33490
630	IGHV4-4*07	IGHJ4*01	IGHG1	TGTGCGAGAGAGAGCGCCCCTTTAGACTATGATGATAGTGGTTCCCACGGACCTTTTGACCAGTGG	61034
725	IGHV1-8*01	IGHJ5*02	IGHA1	TGTGCGAGAAGTGCTGACCCCCTACACAACTGGTTCGAGCCCTGG	14817
921	IGHV4-4*07	IGHJ5*01	IGHA1	TGTGCGAGGTCTGATAGTGGGAGTTTCCAGTACCACTTCGACTCTTGG	61189
1000	IGHV4-61*08	IGHJ4*02	IGHA1	TGTGCGAGAGATACTTTAGGGATGGCTACAATAGAAGACTGG	65057
1017	IGHV4-4*08	IGHJ4*02	IGHA1	TGTGCGAGAGGGATTTACTATGACAGTAGTGGCTTTGACTTCTGG	60574
1072	IGHV1-46*01	IGHJ4*02	IGHA1	TGTGCGAGGATCCAACCCAGAGGGATCCGTGGATACTCCTATGGTTACCCTGACTATTGG	9603
1265	IGHV1-8*01	IGHJ4*02	IGHA1	TGTGCGAGAGGCCAATACACTGGCTCCGATTGGTATTTTGACTACTGG	14489
1836	IGHV3-53*02	IGHJ4*02	IGHA1	TGTACGAGAGATCTGCTTGGTTCGGGGGTTTTTGGTGACTTTGACTACTGG	37620
837	IGHV4-59*01	IGHJ3*01	IGHA1	TGTGCGAGAGATCTCAGGGGATTCAGTAATGGTTATGGAGCTTTTGATGTCTGG	62112
851	IGHV3-11*01	IGHJ4*02	IGHA1	TGTGCGAGAGAGACTAAACGCAGCTCGGCCGTTGACTACTGG	17713
963	IGHV4-34*01	IGHJ4*02	IGHA1	TGTGCGAGAGTGAGGGATTTTTGGAGTGGTTACCGCGCTGCTTCTGACTACTGG	51374
988	IGHV4-34*01	IGHJ5*02	IGHA1	TGTGCGAGAGGCCAGGGATTTTGTGGTGAGACCAGGTGCTTTTACAACTGGTTCGACCCCTGG	52187
1196	IGHV3-30*01	IGHJ4*02	IGHA1	TGTGCCGTCGGGACGACCGATGACTACAGTAACTACCCTGACTACTGG	29738
1428	IGHV1-18*04	IGHJ4*02	IGHA1	TGTGCGAGAGATACATCCTATAACAATGGCTGGGGACTTGACTACTGG	1023
1999	IGHV3-9*01	IGHJ1*01	IGHA1	TGTGTAAAAGACAGTCAAGAGGTGGTAACTTCGAATCTTATGACTTGG	46145
2023	IGHV3-9*01	IGHJ4*02	IGHA1	TGTGTAAAGGCTAGTAATGGAGATGGCTACAATTTCCTCCGTCCGGGGGACTACTGG	47832
567	IGHV3-73*02	IGHJ6*02	IGHG1	TGTGCCCTCGCTGATTTGGATTACTACGGCATGGACGTCTGG	43344
594	IGHV4-39*01	IGHJ4*02	IGHA1	TGCGCGAGACGGGAGGGATGGCTACAATACCTTGACTATTGG	55013
734	IGHV3-7*01	IGHJ3*02	IGHA1	TGTGCGAGGCAGAATCAGTTTAACTATGATAGAAGTGGTAATTTAATTAACGAGGTGGGTGCTTTTGATATCTGG	38912
894	IGHV1-69*01	IGHJ5*02	IGHA1	TGTGTATCTGTTGACTGTGGTGAAGACTGTTACTCGCCCCACTGGTTCGACCCCTGG	12675
911	IGHV1-2*02	IGHJ6*02	IGHA1	TGTGCGAGAGATCCAAGGGCCCCCGTCCGCCCGGGGCTCTGTTACTACTATGGTTTGGACGTCTGG	7667
1051	IGHV4-61*01	IGHJ4*02	IGHA1	TGTGCGAGAGATAACTTTGGTTCACTTGACTACTGG	64942
1114	IGHV1-2*02	IGHJ4*02	IGHA1	TGTGTGAGGGATCCCGTGGAGCTGCACCTAGACCTTGACTACTGG	4945
1134	IGHV1-69*01	IGHJ5*02	IGHA1	TGTGCGAGAGAGAGAGATCCGCATGATGATAGTAATGGGTACAATTGGTTCGACCCCTGG	12681
1193	IGHV3-30*18	IGHJ5*02	IGHA1	TGTGCGAAAGACACTCGCGAGCCGGGTCACGGTTCGGAGAGTTATTGGGCGCACAATTGGTTCGACCCCTGG	30987
1219	IGHV4-34*01	IGHJ6*02	IGHM	TGTGCGAGAGACCCATTTCCCGATTACGATTTTTGGAGTGGTTATTCTCGGAAGAATTACGGTATGGACGTCTGG	52922
1232	IGHV1-69*01	IGHJ4*02	IGHA1	TGTGCGAACCTTAATCATTATGATAGTACTAAAATCAACTACTACTTTGACGTCTGG	11935
1353	IGHV1-18*04	IGHJ4*02	IGHA1	TGTGCGAGAGATACGTCCTATAGCAGTGGCTGGGGGTTTGACTTTTGG	1023
1392	IGHV4-39*01	IGHJ4*01	IGHA1	TGTGGGCGCCACTCCGGTATTTCGGTCTTTGGAGTTGTTACAGTGGATAGGATTGACTACTGG	57596
1421	IGHV4-59*01	IGHJ5*01	IGHA1	TGTGCGAGAGTCTCCCCTGAATATAGCAGCTCGTCCAAATGGTTCGACTCCTGG	64075
1888	IGHV3-74*03	IGHJ4*02	IGHA1	TGTGTGAGGACGGCATATACCAGCAGCCCGCGCGGTGACTCTTGG	44925
2069	IGHV3-74*01	IGHJ4*02	IGHA1	TGTGCAAGATTTAAGGGAACCAGTTATGATTCCGGTGACTACTGG	44735
574	IGHV1-2*02	IGHJ5*02	IGHG1	TGTGCGGAGAACGACGGAGGGGTGCGCCGCGGGTTTGACCCCTGG	6521
595	IGHV1-18*04	IGHJ1*01	IGHG1	TGTGCGAGAGATACTTATTATGATGGAAGTGGTTCTGGATACCTCCTACACTGG	26
603	IGHV3-30*02	IGHJ1*01	IGHA1	TGTGTGAAAGACCTCCTGTATAGCAGCAGCTGGTCTTCGGGGAGACTAGGATATTTCCAGCACTGG	29038
638	IGHV3-7*01	IGHJ4*02	IGHA1	TGTGCGAGTGGCTTTCCCCCTACCAGTGGCTATTACGACTACTGG	40211
706	IGHV4-34*01	IGHJ3*02	IGHA1	TGTGTCAGAGGCGGGTTTGGGGGACGCTATAGTAGCAGCTGGTATCCTGATGCTTTTGACATCTGG	50442
721	IGHV1-69*01	IGHJ5*02	IGHA1	TGTGCGAGAGAGAGAGATCCGCATGATGATAGTAATGGGTACAATTGGTTCGACCCCTGG	12681
777	IGHV4-39*02	IGHJ5*02	IGHA1	TGTGCGAGACGGGAAGCATGGCTACAACACCTCGACCAGTGG	58049
798	IGHV4-39*01	IGHJ4*02	IGHM	TGTGCGAGACATTATAAATTTCTCAATATAGTGGCTACGATGGGCCCCTTTGACAACTGG	57331
868	IGHV4-34*01	IGHJ2*01	IGHA1	TGTGCGAGAGACTCTGGCGTGGTGCGCGGTCCTGTTGTGATCGTGGGTGGGGATCCATATTTCGATCTCTGG	50247
981	IGHV4-59*01	IGHJ4*02	IGHA1	TGTGCGAGGTCCTCAGAGTTGGGTCCCATGAAACCTCGACCTTATTTTGACTCCTGG	63568
1132	IGHV1-69*01	IGHJ5*02	IGHA1	TGTGCGAGAGAGAGAGATCCGCATGATGATAGTAATGGGTACAATTGGTTCGACCCCTGG	12681
1143	IGHV3-30*18	IGHJ1*01	IGHA1	TGTGTGAAAGACCTCCTGTATAGCAGCAGCTGGTCTTCGGGGAGACTAGGATATTTCCAGCACTGG	29038
1282	IGHV3-11*01	IGHJ4*02	IGHA1	TGTGCGAGAGATGCCCTTGTGTTTACTTTTGACTATTGG	17609
1370	IGHV2-5*01	IGHJ4*02	IGHM	TGTGCACACTGGATTAGTAGTAACAGGTGCTCTACTGAATGCTACTTTGACCACTGG	16318
1493	IGHV1-46*01	IGHJ5*02	IGHA1	TGTGCGAGAGATCCAAGCGTCGGTATTACTATGATGTCGGGGGACAACTGGTTCGACCCCTGG	9887
1709	IGHV5-51*01	IGHJ4*02	IGHA1	TGCGCCAGAGGCCGTGACTACGGTGGTAACTCGTTTGACTTCTGG	67318
1810	IGHV3-73*02	IGHJ4*02	IGHA1	TGTACTAGCGGTCTGATCGGGAGTAGTGGGTTGTCGGATGACTACTGG	43172
1963	IGHV3-23*01	IGHJ3*02	IGHA1	TGTGCGAAAGGCTCCGGGGAGGCCCATGATGCTTTTGATATCTGG	23747
1026	IGHV4-59*01	IGHJ4*02	IGHA1	TGTGCGAGGGGATATTGTAGTAGTAGCAGCTGCTATAACACCAAGTATGACGAATGG	63566
1027	IGHV4-59*01	IGHJ4*02	IGHA1	TGTGCGAGGGGATATTGTAGTAGTAGCAGCTGCTATAACACCAAGTATGACGAATGG	63566
1118	IGHV1-2*02	IGHJ5*02	IGHA1	TGTGCGAGAGGTCTTGGTCGGAGAATTGACTCTCAAACACGAACTGTGCGATTCGACCCCTGG	6982
1225	IGHV4-34*02	IGHJ5*02	IGHA1	TGTGCGAGACGCGGAAATCCTTCGGGAAGTTATTCTAGGACGGGATTCGACCCCTGG	52099
1228	IGHV4-34*02	IGHJ5*02	IGHA1	TGTGCGAGACGCGGAAATCCTTCGGGAAGTTATTCTAGGACGGGATTCGACCACTGG	52099
1528	IGHV4-39*01	IGHJ5*01	IGHA1	TGTGCGAGACACTCCTCGGCGTCGGAGTATTTTGATTTTTGGAGTGGTTTTTGGTCAGCCTGGTTCGACTCCTGG	59257
1603	IGHV3-33*03	IGHJ4*02	IGHA1	TGTGCGAAAGACGCCTCTGATATCAGTGGTCATTACTACCATTTTGATTACTGG	32506
1666	IGHV3-21*07	IGHJ4*02	IGHA1	TGTACGAGAGAGGGTTATGATGCTAATGGAGATCTTGACTACTGG	21956
1773	IGHV3-48*02	IGHJ4*02	IGHA1	TGTGCGAGAGGTCAAACCTATGTGGACCAATGG	33773
1802	IGHV3-73*02	IGHJ4*02	IGHA1	TGCAGTAGACATTTATATGGTTCGAGGACACCCTTTGACTACTGG	43119
1934	IGHV3-23*01	IGHJ4*02	IGHA1	GCTGCGAAAGGCGGGAGGATAGGAGTGGCTGGCTACTCTGACCGCTGG	25873
1958	IGHV3-23*01	IGHJ3*02	IGHA1	TGTGCGAAAGATCGGCCCGACGCCTATTGGGACACTTTTGATACCTGG	23797
1974	IGHV1-18*04	IGHJ4*02	IGHA1	TGTGCGAGAGATACTACGTATAGTAGTGGCTGGGGATTTGACTTCTGG	1023
2037	IGHV3-9*01	IGHJ4*02	IGHA1	TGTGTAAAAAATGTGGTCGCAGCAGATGCCACTTACTTTGACTACTGG	47209
2059	IGHV1-2*02	IGHJ4*02	IGHM	TGTGTGACTCTAGACTATGGTGACTACGTTTTCGACTACTGG	4557
701	IGHV4-4*07	IGHJ5*02	IGHA1	TGTGCGGTCAGTTGGAGAAGACCGAACTACGTCGGACCTCACAACTGGTTCGACCCCTGG	61335
708	IGHV3-74*01	IGHJ4*02	IGHA1	TGTGTAAGAGGGTCTCATAACAGTTATTCTGACCACGTCCTCTTTGACTATTGG	45263
838	IGHV1-18*01	IGHJ4*02	IGHA1	TGTGCGAGATTTTCCCGTAATGGGAAGTACTACTGGAATGATTACTGG	1211
852	IGHV3-33*01	IGHJ5*02	IGHA1	TGTACCAGAGACATCGATACTACTAGTCACTATGACCGGTTCGACCCCTGG	32789
946	IGHV1-8*01	IGHJ4*02	IGHA1	TCGAGAGCGGGTCTCTGGGCTGCCTTGGGGGACTTCTGG	14252
1009	IGHV4-61*08	IGHJ4*02	IGHA1	TGTGCGAGAGATACTTTAGGGATGGCTACAATAGAAGACTGG	65057
1011	IGHV4-59*01	IGHJ4*02	IGHA1	TGTGCGAGAGGGGTAGGGGCCTACCATGATACTACTGGTTATTATCTTGACTCCTTG	63546
1012	IGHV4-59*01	IGHJ4*02	IGHA1	TGTGCGAGAGGGGTAGGGGCCTACCATGATACCACTGGTTATTATCTTGACTCCTGG	63546
1031	IGHV4-61*01	IGHJ3*02	IGHA1	TGTGCGAGGTCCCTCTACCTGAAGCCCCTTCCTGGTGTTTTTGATATATGG	64847
1048	IGHV4-61*01	IGHJ4*02	IGHA1	TGTGCGATTGGTTCAGATGCCTACAAGGTACACTACTGG	65008
1156	IGHV3-11*01	IGHJ4*02	IGHA1	TGTGTGAGAGGAGGCAGTGTCAACCTGGTCTACTGG	17575
1279	IGHV4-34*01	IGHJ4*02	IGHA1	TGTGCGAGAGGCCGGAGTGGTTACAGCTATGGCCCTCGCGGCTTCTATTTTGACACTTGG	51543
1306	IGHV6-1*01	IGHJ5*01	IGHA1	TGTGCAAGGGGACTTTGGTCAGAAGGTTTCGACTCCTGG	70615
1383	IGHV3-11*01	IGHJ5*02	IGHM	TGTGCGAGAGATACTGACGACGATAATGGTGGTGCAACCTATGACCTCTGG	18371
1402	IGHV4-39*01	IGHJ5*02	IGHA1	TGTGCGAGACAGAGCATCTTTCGCTGTCGTGATAACACCTGCTATTTCGGATACAACTGGTTCGACCCCTGG	59230
1844	IGHV5-51*03	IGHJ6*02	IGHA1	TGTGCGAGACTTAATCTGGAATTAGAGGGCTACTACTACGGTTTGGACGTCTGG	69228
2029	IGHV3-15*01	IGHJ6*02	IGHA1	TGTGAAAGTGGCAGTGGATATGACTACTACTACAGCGAGATGGACGTCTGG	21059
637	IGHV4-34*01	IGHJ2*01	IGHA1	TGTGCGAGAGACTCTGGCGTGGTGCGCAGTATGATTATGATCGTAGGTGGTGATCCAAACCTCGATATCTGG	50244
668	IGHV3-53*02	IGHJ3*02	IGHA1	TGTGCGAGAGAATTGGTTCGGGGCGATAGTGATGCTTTTGATATCTGG	36669
685	IGHV4-39*01	IGHJ2*01	IGHA1	TGTGCGAGACATGAAAAGAAGGACCACCATGATAGTAGTGGCACCCCCCTAAAGTGGCACTTCGATCTCTGG	53401
919	IGHV1-2*06	IGHJ3*02	IGHA1	TGTGCGAGAGCGGAAGAGACTACGGTGTCTTCGTATGATGCTTTTCATATCTGG	3543
993	IGHV4-4*07	IGHJ5*01	IGHA1	TGTGAGAGAGAGAATCACTTCCCTGATAGTGCCGGCTTGGTTAACTGGTTCGACTCCTGG	61308
1068	IGHV4-4*08	IGHJ4*02	IGHA1	TGTGCGAGAGGGATTTACTATGACAGTAGTGGCTTTGACTTCTGG	60574
1161	IGHV3-11*01	IGHJ4*02	IGHA1	TGTGTGACAATGTACGACGACTCGGGGCCTGCCTTTGACTCCTGG	17871
1277	IGHV1-69*01	IGHJ4*02	IGHA1	TGTGCGAGAGATCAAGGGGGCGTTATGTCCACAATTGACTACTTTGACTACTGG	11815
1278	IGHV4-34*01	IGHJ4*02	IGHA1	TGTGCGAGAGGCCGGAGTGGTTACAGCTATGGCCCTCGCGGCTTCTATTTTGACACTTGG	51543
1320	IGHV4-28*07	IGHJ3*02	IGHA1	TGTGCGAGAAGTCCGGATAGATATGGCAAACCAGAGGCTGATATCTGG	48905
1395	IGHV4-39*01	IGHJ4*02	IGHA1	TGTGCGAGACATAAGTGGTTGGGTGTTTCGATTTTTGGAGGGCCGTTTGCCTCCTGG	57029
1406	IGHV4-39*01	IGHJ2*01	IGHA1	TGTGCGAGACATGAAAAGAAGGACCACCATGATAGTAGTGGCACCCCCCTAAAGTGGCACTTCGATCTCTGG	53401
1416	IGHV4-59*01	IGHJ5*01	IGHA1	TGTGCGAGAGTCTCCCCTGAATATAGCAGCTCGTCCAAATGGTTCGACTCCTGG	64075
1525	IGHV3-74*01	IGHJ3*02	IGHA1	TGTGCAAGTGGCAACCCGGCGGCCGGATATGCTTTTGATATCTGG	43638
1602	IGHV3-23*01	IGHJ4*02	IGHA1	TGTGCGAAAGACGCCTCTGATATCAGTGGTCATTACTACCATTTTGATTACTGG	26778
1763	IGHV3-72*01	IGHJ4*02	IGHA1	TGTGTTAGCCTTTGGAGTGGTTATCACTATGTTGACTACTGG	42459
1771	IGHV3-48*02	IGHJ4*02	IGHA1	TGTGCGAGAGGTCAAACCTATGTGGACCAATGG	33773
1772	IGHV3-48*02	IGHJ4*02	IGHA1	TGTGCGAGAGGTCAAACCTATGTGGACCAATGG	33773
1941	IGHV3-7*01	IGHJ6*02	IGHA1	TGTGCGAGAGAGCCCTTAAAGCCACGTACGGCAGCTGGAATGGACTTCTGG	41793
982	IGHV4-34*01	IGHJ5*02	IGHA1	TGTGCGAGAGGCCAGGGATTTTGTGGTGAGACCAGGTGCTTTTACAACTGGTTCGACCCCTGG	52187
1037	IGHV4-59*01	IGHJ5*02	IGHA1	TGTGCGAGATCCTTTACGCCCCGTGTGAGCGACACCTGGGTCCCCGTTCCTCGGCAATTCGGCCCCTGG	64216
1105	IGHV1-2*02	IGHJ4*02	IGHA1	TGTGCGAGGTATTTACGGGTCATAAGTGCCTGGTACTTTGACTACTGG	5215
1123	IGHV1-8*01	IGHJ5*02	IGHA1	TGTGCGAGAAGTGCTGACCCCCTACACAACTGGTTCGAGCCCTGG	14817
1126	IGHV1-46*01	IGHJ2*01	IGHA1	TGTGCGCGAGATAGGGGGCCCCTGGGTTTGTTGATACCGGAGTACTGGTACTTCGATCTCTGG	8501
1203	IGHV3-30*18	IGHJ4*02	IGHA1	TGTGCAAAAATGCCCTATCCGGACGTTACCCCACCCATCCCCTACTTTGACTCGTGG	30416
1237	IGHV1-8*01	IGHJ5*02	IGHA1	TGTGCGAGAAGTGCTGACCCCCTACACAACTGGTTCGAGCCCTGG	14817
1244	IGHV1-2*02	IGHJ4*02	IGHA1	TGTGTGAGGTCTCGATCCTTTTACTTCGACCACTCG	4042
1276	IGHV3-11*01	IGHJ4*02	IGHA1	TGTGTGACAATGTACGACGACTCGGGGCCTGCCTTTGACTCCTGG	17871
1352	IGHV1-18*04	IGHJ4*02	IGHA1	TGTGCGAGAGATACCACCTATAACAGCGGCTGGGGATTTGACTTTTGG	1023
1357	IGHV1-18*04	IGHJ4*02	IGHA1	TGTGCGAGAGATACCACCTATAACAGCGGCTGGGGATTTGACTTTTGG	1023
1470	IGHV1-18*04	IGHJ4*02	IGHA1	TGTGTGAGAGATCGGGGGCCGTATTGTACTAGGCCTAATTGCTACTCAAGGTATTTTGACTATTGG	1946
1551	IGHV3-7*01	IGHJ6*02	IGHA1	TGTGCGAGATTGCGATATGGTGGCGGCGAACGAGATATGGACGTCTGG	41771
1757	IGHV3-7*01	IGHJ4*02	IGHA1	TGTGCGAGAGACGCGGCGATTAACGTGAAATCTCCTATGGTCCCGTTTGATTTCTGG	41040
1796	IGHV3-53*01	IGHJ4*02	IGHA1	TGTGCGAGCCCCCATGGTAGTAGTGGTTATTACTATCTTGACTACTGG	37593
1824	IGHV3-74*01	IGHJ4*02	IGHA1	TGTGCAAGAGGGCCACCAGGTTGGTACGGCTCTGACTACTGG	44589
680	IGHV3-11*01	IGHJ6*02	IGHA1	TGTGCGGTTGTGCCCCCTGCCATTAAGGAGTTTTACTATAACTACGGTATGGACGTCTGG	18648
786	IGHV4-39*01	IGHJ5*02	IGHA1	TGTGCGAGACGTATTAAGACTACGGTGACACACCATAACCCAAGAAGGTACAACTGGTTCGACCCCTGG	59209
789	IGHV4-39*01	IGHJ4*02	IGHA1	TGTGCGAGACAAGGCCGGGGTTACAATGATCTGGACTACTGG	54871
895	IGHV1-69*01	IGHJ5*02	IGHA1	TGTGTATCTGTTGACTGTGGTGAAGACTGTTACTCGCCCCACTGGTTCGACCCCTGG	12675
962	IGHV4-34*01	IGHJ3*02	IGHA1	TGTGTCAGAGGCGGGTTTTGGGGACGCTATAGTAGCAGCTGGTATCCTGATGCTTTTGACATCTGG	50442
968	IGHV4-34*01	IGHJ5*02	IGHA1	TGTGCGAGAGGCCAGGGATTTTGTGGTGAGACCAGGTGCTTTTACAACTGGTTCGACCCCTGG	52187
1022	IGHV4-4*07	IGHJ4*02	IGHA1	TGTGCGAGAGGATATGGGGCTGCTACTCGTGAGGCTTTGGACTGG	60569
1150	IGHV3-11*01	IGHJ4*02	IGHA1	TGTGCGAGAGAGACTAAACGCAGCTCGGCCGTTGACTACTGG	17713
1166	IGHV3-30*18	IGHJ4*02	IGHM	TGTGCGAAAGATGCCTCGTATCAGTGGAACTCAACACCTGACTACTGG	29822
1171	IGHV3-33*06	IGHJ4*02	IGHA1	TGTGCGAAATCAAGTCGCGATTTTCGGAGTGGCCCCCGGGACCATTACTTTGACTACTGG	32648
1300	IGHV6-1*01	IGHJ4*02	IGHA1	TGTGTAAGGCAGTTTAGCTGGTACTTTGGTTACTGG	70088
1301	IGHV6-1*01	IGHJ5*01	IGHA1	TGTGCAAGGGGACTTTGGTCAGAAGGTTTCGACTCCTGG	70615
1384	IGHV3-11*01	IGHJ5*02	IGHM	TGTGCGAGAGATACTGACGACGATAATGGTGGTGCAACCTATGACCTCTGG	18371
1444	IGHV1-46*01	IGHJ2*01	IGHA1	TGTGCGCGAGATAGGGGGCCCCTGGGTTTGTTGATACCGGAGTACTGGTACTTCGATCTCTGG	8501
1485	IGHV5-51*03	IGHJ4*02	IGHA1	TGTGTGAGGCTCCCGTATTACGATTTTTGGAGTGGTTATTCTACAGGGGCCCACTTTGACTACTGG	68531
1572	IGHV1-24*01	IGHJ4*02	IGHA1	TGTGCGACAGATAGACTGGGCAACTACTTCGAAAACTGG	8017
1670	IGHV3-21*07	IGHJ4*02	IGHA1	TGTACGAGAGAGGGTTATGATGCTAATGGAGATCTTGACTACTGG	21956
1842	IGHV3-72*01	IGHJ4*02	IGHA1	TGTGCCAGAGTAGAGTGTAGTGGTAGCAGCTGCCATTTGAACTGCTGG	42521
1916	IGHV3-72*01	IGHJ4*02	IGHA1	TGTGCTAAAACCAGTGACTGGCCCGCACCCATTGACTTCTGG	42401
1947	IGHV3-23*01	IGHJ3*02	IGHA1	TGTGCGAAAGATCGGCCCGACGCCTATTGGGACACTTTTGATACCTGG	23797
1996	IGHV3-53*02	IGHJ3*02	IGHA1	TGTGCGAGAAATATGTGGGGGCCCGGAACTGATACTGACGCCCTTGAGATGTGG	36740
579	IGHV3-33*01	IGHJ4*02	IGHG1	TGTGTGAGAGATGGGGCAGCTCGAGACCTTGACTACTGG	32075
617	IGHV3-11*01	IGHJ4*02	IGHA1	TGTTCGAGAGATCCAAGGCGCCTGCCCTACTGG	17535
640	IGHV1-69*01	IGHJ6*02	IGHA1	TGTGCGAGAGATAACGGGTTTCGTTCGGGGACTTACACCGACTGGGCCTATTACAGTCTGGACGTCTGG	13617
743	IGHV4-4*07	IGHJ6*02	IGHA1	TGTGCGAAGGGAGGGGAGTTAGTGGCTGGTAATCACTTCTACGCAATGGACCTGTGG	61543
753	IGHV4-39*01	IGHJ4*02	IGHA1	TGTGCGAGAGGGTTGAAAAGATATTACGATTTTTGGACGGGTTACCCCTTTGACTACTGG	57404
839	IGHV1-18*01	IGHJ4*02	IGHA1	TGTGCGAGATTTTCCCGTAATGGGAAGTACTACTGGAATGATTACTGG	1211
891	IGHV1-69*01	IGHJ4*02	IGHA1	TGTGCGACTGTGATAGGGGGCTGTAGTGGTGGTAGCTGCTACTGGGGGTACTTTGACGACTGG	12212
967	IGHV4-30-4*09	IGHJ4*01	IGHA1	TGTGCGAGAGGACTGTTTTACCATGAAAATAATACGTTTTACAGCTACTTTGACTCCTGG	49597
1016	IGHV4-4*08	IGHJ4*02	IGHA1	TGTGTGAGAGGGATTTACTATGACAGTAGTGGCTTTGACTTCTGG	60574
1059	IGHV4-4*07	IGHJ6*02	IGHA1	TGTGCGAAGGGAGGGGAGTTAGTGGCTGGTAATCACTTCTACGCAATGGACCTGTGG	61543
1071	IGHV4-28*01	IGHJ4*02	IGHA1	TGTATAAACAAAGAGGGTTATGTGGGAGCTCCTGACTACTGG	48910
1094	IGHV1-46*01	IGHJ4*02	IGHA1	TGTGCGAGGATCCAACCCAGAGGGATCCGTGGATACTCCTATGGTTACCCTGACTATTGG	9603
1111	IGHV1-8*01	IGHJ5*02	IGHA1	TGTGCGAGAGGCCGCCTAGTGTTGACCTGG	14765
1138	IGHV1-8*01	IGHJ3*01	IGHM	TGTGCGAGAGCCTCCCCTTGTGATGGTGACTGCTCATCCATCGTCTACGGTGCTTTTGATGTCTGG	14138
1283	IGHV3-11*01	IGHJ4*02	IGHA1	TGTGCGAGAGATGCCCTTGTGTTTACTTTTGACTATTGG	17609
1311	IGHV6-1*01	IGHJ4*02	IGHA1	TGTGCAAGAAACGGTGGTAATGTTTACTTCGACTCCTGG	70107
1386	IGHV3-11*01	IGHJ5*02	IGHM	TGTGCGAGAGATACTGACGACGATAATGGTGGTGCAACCTATGACCTCTGG	18371
1387	IGHV3-11*01	IGHJ5*02	IGHM	TGTGCGAGAGATACTGACGACGATAATGGTGGTGCAACCTATGACCTCTGG	18371
1532	IGHV3-21*01	IGHJ4*02	IGHA1	TGTGCGAGAGTTCGCAGCGGTAACTGGGGGTACTTTGACTACTGG	22054
1566	IGHV3-7*01	IGHJ5*02	IGHA1	TGTGCGAGAGGATATTGTCGTGATGCGACGTGCTATTGGGCGTCGCACTGGTTCGACCTCTGG	41606
1822	IGHV3-74*01	IGHJ4*02	IGHA1	TGTGCAAGAGGGCCACCAGGTTGGTACGGCTCTGACTACTGG	44589
1879	IGHV3-74*01	IGHJ4*02	IGHA1	TGTGTGAGAGATTTCGTGGGACCGAGGGACTACTGG	44090
1951	IGHV3-7*01	IGHJ2*01	IGHA1	TGTGCGAGAAGGGTGGCCAGTGGGGGCCCGAAGGGTACGGTGGTAAATACGGACTGGTACTTCGAGCTCTGG	38542
1966	IGHV3-23*01	IGHJ3*02	IGHA1	TGTGCGAAAGGCTCCGGGGAGGCCCATGATGCTTTTGATATCTGG	23747
727	IGHV4-39*08	IGHJ4*02	IGHA1	TGTGCGAGACATTCCCCTTCTGTCTACGGTGAGCCCCAACCACCTTACGACTTTGACACCTGG	57518
819	IGHV4-59*01	IGHJ4*02	IGHM	TGTGCGAGAGAGCTGCCAGCAGCTGGTCACTTTGACTCTTGG	62617
833	IGHV1-18*04	IGHJ5*02	IGHA1	TGTGTGAGAGATCGGTCTGTAATGGCCCCGTTCGACCCCTGG	2061
867	IGHV3-33*01	IGHJ4*02	IGHA1	TGTGTGAGACATAATCACCAACTGAATTATGATTATTGG	32076
892	IGHV1-69*01	IGHJ4*02	IGHA1	CGTGCGACTGTGATAGGGGGCTGTAGTGGTGGTAGCTGCTACTGGGGGTACTTTGACGACTGG	12212
910	IGHV1-2*02	IGHJ1*01	IGHA1	TGTGTTAGAGATCTAAGAAGCATTGCATCAGCTGGCATCGCCAACTGGCTCGGTGTCTGG	3160
1078	IGHV1-2*02	IGHJ1*01	IGHA1	TGTGTTAGAGATCTAAGAAGCATTGCATCAGCTGGCATCGCCAACTGGCTCGGTGTCTGG	3160
1090	IGHV1-69*18	IGHJ4*02	IGHA1	TGTGCGAGTAGACATTGTGCTGGTGGCAGTTGTTACTCCGAGTATCACTACTGG	11784
1095	IGHV1-46*01	IGHJ4*02	IGHA1	TGTGCGAGGATCCAACCCAGAGGGATCCGTGGATACTCCTATGGTTACCCTGACTATTGG	9603
1169	IGHV3-33*01	IGHJ5*02	IGHA1	TGTGCGAGAGATCCCAAGGGGATTTCGGGGAGTTATTCCCTGTACAACTGGTTCGACCCCTGG	32835
1249	IGHV1-2*02	IGHJ3*02	IGHA1	TGTGCGAGAACGAAGTACATAGCGGGAACTACTAAGGATGCTTTTGATATCTGG	3527
1344	IGHV1-46*01	IGHJ5*02	IGHA1	TGTGCGAGGAGTTCCACTGGTAGCTCCACCTGGGTCGACCCCTGG	9754
1412	IGHV4-39*01	IGHJ6*02	IGHA1	TGTTCGAGACGTCGGAGAGACCCCTTAGACTACTACTATTATGGCATGGACGCCTGG	59632
1500	IGHV3-30*18	IGHJ6*02	IGHA1	TGTGCGAAAAGGAAATATGCTAGTAGCCGGTCCGAGGTCCGATATTACTACTACGGTTTGGACGTCTGG	31522
1504	IGHV6-1*01	IGHJ5*02	IGHA1	TGTGCCAGAGATCGGGCTCTTACTCCCGGAATGGCAATTGCTACAGACAACTGGTTCGACCCCTGG	70741
1544	IGHV3-72*01	IGHJ4*02	IGHA1	TGTAGTAGAGTGGCGTTGGTGAGGAACACGAACGACGGTCGCCCCTTTGACTACTGG	42675
1587	IGHV3-74*01	IGHJ4*02	IGHA1	TGTGGAAGAGATCTTAGGACTATCTATGATAGTAGTGGTTATGACGTTGGCCACTGG	45311
1671	IGHV3-73*01	IGHJ4*02	IGHA1	TGCAGTAGACATTTATATGGTTTGAGGACACCCTTTGACTACTGG	43119
1756	IGHV3-7*01	IGHJ4*02	IGHA1	TGTGCGAGAGACGCGGCGATGAACGTGAAATCTCCTATGGTCCCGTTTGATTTCTGG	41040
1776	IGHV3-15*01	IGHJ4*02	IGHA1	TGTACGTCCCAGGTTAGATTTGACAGTAGTGGCTATTACTTTGTGAATCGGGACTTCTGG	20709
1785	IGHV3-21*01	IGHJ4*02	IGHA1	TGTGCTGTTCTATTGGTCGGAACTACGAATGCGCTTGACTATTGG	22087
1833	IGHV3-73*02	IGHJ6*02	IGHA1	TGTACTAAAGGAGGAATTGCAGTTCGTCCGAAGTACGGTATGGACGTCTGG	43369
1946	IGHV3-74*01	IGHJ4*02	IGHA1	TGTATAAGTCTTAGTCCCCCACGGGCGTGG	43897
1967	IGHV3-48*01	IGHJ6*02	IGHA1	TGTGCGAGAGAATTTGTAGCAGTGGCTGATGTCTATTACTACGGTATGGACGTCTGG	35367
2053	IGHV3-23*01	IGHJ4*02	IGHA1	TGTGCGAAAGTGACCGAGCGTTTCAGTAACTACCCTATTGACTACTGG	25936
625	IGHV3-72*01	IGHJ4*02	IGHG1	TGTGCTAGAGATTCCCGACGTGGGGCCTTCTTTGACTACTGG	42403
728	IGHV4-39*08	IGHJ4*02	IGHA1	TGTGCGAGACATTCCCCTTCTGTCTACGGTGAGCCCCAACCACCTTACGACTTTGACACCTGG	57518
791	IGHV4-39*01	IGHJ4*02	IGHA1	TGTGCGAGACAAGGCCGGGGTTACAATGACCTGGACTACTGG	54871
824	IGHV1-46*01	IGHJ5*02	IGHA1	TGTGCGGCCGATCCTAGGGGCTGGTCCCTTTCGGGACTCGACCCCTGG	9783
882	IGHV1-46*01	IGHJ5*02	IGHA1	TGTGCAAAAACGGCCGCGGAGAGTCCTTGTGGCGATGACTGTTTTTCGCTTCAGTCCTGG	9862
893	IGHV1-69*01	IGHJ5*02	IGHA1	TGTGTATCTGTTGACTGTGGTGAAGACTGTTACTCGCCCCACTGGTTCGACCCCTGG	12675
899	IGHV3-11*01	IGHJ4*02	IGHA1	TGTGCGACAAAGGGAACCTACACTTACGTGGCCCCATTTGAGATCTGG	17884
942	IGHV1-46*01	IGHJ6*02	IGHA1	TGTGCGAGAGATCTTTTGAGAATGGAGAGGGACTTGGACTTCATTAGTTTCTACGGTATGGACTTCTGG	10176
957	IGHV4-34*01	IGHJ6*02	IGHA1	TGTGCGAGAGAACAGGGAATACGTATACCGAATTCAATGACTGACGGGGGCGACGGTATGGACGTCTGG	52810
971	IGHV4-39*02	IGHJ3*01	IGHA1	TGTGCGAACTCCGGTGACTACAGTCATAATGCTTTTGATCTCTGG	53509
1050	IGHV4-4*07	IGHJ5*02	IGHM	TGTGCGAGACTGGTCCCCGATTGTGGTGGTGGTAGTTGCACCTCCGTACTTAGTTGGTTCGACCCCTGG	61385
1146	IGHV3-11*01	IGHJ4*02	IGHA1	TGTTCGAGAGATCCAAGGCGCCTGCCCTACTGG	17535
1222	IGHV4-34*02	IGHJ4*02	IGHA1	TGTGCGAGATGGGCTCCTGCCGATTGTAGTGGTGGCCGATGTTCCAACTATTTCTTTGACCACTGG	51750
1350	IGHV4-39*01	IGHJ3*02	IGHA1	TGTGCGAGCGCAGACTACGATGACTACGTTTCGGCTCCCTTTAATGCTTTTAATATCTGG	53917
1351	IGHV1-18*04	IGHJ4*02	IGHA1	TGTGCGAGAGATACTACATATAACAATGGCTGGGGATTGGATTACTGG	1024
1394	IGHV1-18*04	IGHJ4*02	IGHA1	TGTGCGAGAGATGCCTCCTATAATAATGGCTGGGGATTTGACTACTGG	1023
1437	IGHV1-18*04	IGHJ4*02	IGHA1	CGTGCCAGAGAGTTGATCGGAAGTACAGGGGGGGACCACTGG	652
1505	IGHV4-28*07	IGHJ3*02	IGHA1	TGTGCGAGAAGTCCGGATAGATATGGCAAACCAGAGGCTTTTGATATCTGG	48907
1590	IGHV3-73*02	IGHJ4*02	IGHA1	TGTACTAGACATGAGATCTGTCGTGATGGTAGGTGCCAAGTGGGACCCTTTGACTCCTGG	43264
1646	IGHV3-21*06	IGHJ4*02	IGHA1	TGTGTGAGAGACGGATACAGCTACGGTGACCAGTGG	21742
1715	IGHV5-51*01	IGHJ4*02	IGHA1	TGTGCGAGACGGGCGCTATCAACCGGTGCTTGGGCCGACTCGCGCTTCGATTATTGG	68280
1814	IGHV3-74*01	IGHJ2*01	IGHA1	TGTGCGAGGGTATCGCCCAACTGGTACAACGATCTCTGG	43473
1850	IGHV3-20*01	IGHJ6*02	IGHA1	TACTTCGACTTCGGTCTGGACGTCTGG	21338
1923	IGHV3-23*01	IGHJ4*02	IGHA1	TGTGCGAAGTCAAATATTGCACATCGCTTATCGCTCTGTTTTGACCAGTGG	26587
1942	IGHV3-20*04	IGHJ6*02	IGHA1	TGTGCGAGAGGCTACAGTTCCCACTACTACGACTTCGGTGTGGACGTCTGG	21349
2034	IGHV3-9*01	IGHJ6*02	IGHA1	TGTGTGAAGGATATGACACATAGTAGTAACTGGTATTCGGGGGCCGGTATGGACGTCTGG	48640
2054	IGHV3-21*01	IGHJ4*02	IGHA1	TGTGCGAGAGTTGGTCCAGGTTATTGTACTGATGATACCTGCCCAAAAGTTTATTTTGACTACTGG	22702
2060	IGHV3-7*01	IGHJ3*02	IGHA1	TGTGCGAGATGGGTTGGAGTGAACATTAGAGGAGGTGATGGCTTTGATATGTGG	38795
669	IGHV4-34*01	IGHJ3*01	IGHA1	TGTGCGCGAGGCTGGCGATATTGTATTAGGCCCAGCTGCAGACTTGCTTATGATCTCTGG	50404
673	IGHV4-61*08	IGHJ4*02	IGHA1	TGTGCGAGAGATACTTTAGGGATGGCTACAATAGAAGACTGG	65057
858	IGHV2-70*01	IGHJ4*02	IGHA1	TGTGCACGGTCACGCCGCTTGGACGACGGGGAGTGGGACTTGCCTTTTGACCACTGG	17011
878	IGHV1-46*02	IGHJ4*02	IGHA1	TGTGCGCGAGACGGAGTGGCCACCATCGTTCCCTTTGACTACTGG	9119
918	IGHV3-11*01	IGHJ4*02	IGHA1	TGTGCGACAAAGGGAACCTACACTTACGTGGCCCCATTTGAGATCTGG	17884
1038	IGHV4-59*01	IGHJ5*02	IGHA1	TGTGCGAGATCCTTTACGCCCCGTGTGAGCGACACCTGGGTCCCCGTTCCTCGGCAATTCGGCCCCTGG	64216
1057	IGHV4-4*07	IGHJ6*02	IGHA1	TGTGCGAAAGGAGGGGAGTTAGTGGCTGGTAATCACTTCTACGCAATGGACCTGTGG	61543
1157	IGHV3-11*01	IGHJ4*02	IGHA1	TGTGTGAGAGGAGGCAGTGTCAACCTGGTCTACTGG	17575
1170	IGHV3-33*06	IGHJ4*02	IGHA1	TTTGCGAAATCAAGTCGCGATTTTCGGAGTGGCCCCCGGGACCATTACTTTGACTACTGG	32648
1239	IGHV1-2*02	IGHJ4*02	IGHA1	TGCCGCATTATTCATGTGCGAGAGGAGGGGGATGGCGAACCTCTCCCCATTCTTGGAGAGGGTGGAGACGCATGGTTCTTTGACTATTGG	6345
1258	IGHV1-69*01	IGHJ4*02	IGHA1	TGTGCGAGAGATCAAGGGGGCGTTATGTCCACAATTGACTACTTTGACTACTGG	11815
1315	IGHV6-1*01	IGHJ4*02	IGHA1	TGTGCAAGAAACGGTGGTAATGTTTACTTCGACTCCTGG	70107
1354	IGHV1-18*04	IGHJ4*02	IGHA1	TGTGCGAGAGATACGTCCTATAGCAGTGGCTGGGGGTTTGACTTTTGG	1023
1396	IGHV4-39*01	IGHJ4*02	IGHA1	TGTGCGAGACATAAGTGGTTGGGTGTTTCGATTTTTGGAGGGCCGTTTGCCTCCTGG	57029
1433	IGHV1-18*04	IGHJ4*02	IGHA1	TGTGCGAGAGATACATCCTATAACAATGGCTGGGGACTTGACTACTGG	1023
1531	IGHV3-74*01	IGHJ3*01	IGHA1	TGTGCCCGAGACCCTGACATGACTACGGGCGATGGTTTTGATGTCTGG	43677
1597	IGHV5-51*01	IGHJ5*02	IGHA1	TGTGCGAGACAAAGCCTCAAGTATTGTACGAGTGGTGTATGTTATAATTGGTTCGGCCCCTGG	68946
1742	IGHV3-21*05	IGHJ4*02	IGHA1	TGTGCGAGAGTCGGAGACACTTATGGATCGCCGGTGGACCACTGG	22047
1847	IGHV5-51*03	IGHJ6*02	IGHA1	TGTGCGAGACTTAATCTGGAATTAGAGGGCTACTACTACGGTTTGGACGTCTGG	69228
1943	IGHV3-20*04	IGHJ6*02	IGHA1	TGTGCGAGAGGCTACAGTTCCCACTACTACGACTTCGGTGTGGACGTCTGG	21349
2017	IGHV3-9*04	IGHJ3*02	IGHA1	TGTGTGAAAGATTGGCAGACTGTGACCTTTCATGACGCCTTTGATATCTGG	46424
646	IGHV4-39*01	IGHJ4*02	IGHA1	TGTGCGAGAGGGTTGAAAAGATATTACGATTTTTGGACGGGTTACCCCTTTGACTACTGG	57404
889	IGHV1-69*01	IGHJ6*02	IGHA1	TGTGCGAGAGATAACGGGTTTCGTTCGGGGACTTACACCGACTGGGCCTATTACAGTCTGGACGTCTGG	13617
979	IGHV4-59*01	IGHJ4*02	IGHA1	TGTGCGAGGTCCTCAGAGTTGGGTCCCATGAAACCTCGACCTTATTTTGACTCCTGG	63568
1042	IGHV4-4*07	IGHJ4*02	IGHA1	TGTGCGAAAAATAAAGCCGGCATTTTGACCTACTTTGACTACTGG	60506
1234	IGHV3-30*18	IGHJ1*01	IGHA1	TGTGTGAAAGACCTCCTGTATAGCAGCAGCTGGTCTTCGGGGAGACTAGGATATTTCCAGCACTGG	29038
1251	IGHV3-30*03	IGHJ4*02	IGHA1	TGTGCGACCGATGGAAATTTGAACGACGACTTCTGG	29358
1355	IGHV1-18*04	IGHJ4*02	IGHA1	TGTGCGAGAGATACGTCCTATAGCAGTGGCTGGGGGTTTGACTTTTGG	1023
1443	IGHV3-11*01	IGHJ6*02	IGHA1	TGTGCGGTTGTGCCCCCTGCCATTAAGGAGTTTTACTATAACTACGGTATGGACGTCTGG	18648
1479	IGHV4-61*01	IGHJ3*02	IGHA1	TGTGCGAGGTCCCTCTACCTGAAGCCCCTTCCTGGTGTTTTTGATATATGG	64847
1657	IGHV3-74*01	IGHJ4*02	IGHA1	TGTATAAGTCTTAGTCCCCCACGGGCGTGG	43897
1662	IGHV3-21*04	IGHJ6*02	IGHA1	TGTGCGAGAGACACGTATTACTTCGATAGTAGTGGTGACTACTATCCTGGTTACTACGGTATGGACGTCTGG	23320
1969	IGHV3-48*01	IGHJ6*02	IGHA1	TGTGCGAGAGAATTTGTAGCAGTGGCTGATGTCTATTACTACGGTATCGACGTCTGG	35367
1991	IGHV3-48*02	IGHJ4*02	IGHA1	TGCGTGAGAGAGAGTGAGCATCACATGTTTACGTGG	33875
678	IGHV3-48*02	IGHJ4*02	IGHA1	TGTGCGAGAGAAAGAGACTGTAATTCTACTACGTGCGACGGCTACCTTGACTACTGG	34807
697	IGHV4-61*01	IGHJ4*02	IGHA1	TGTGCGATTGGTTCAGATGCCTACAAGGTACACTACTGG	65008
983	IGHV4-34*01	IGHJ5*02	IGHA1	TGTGCGAGAGGCCAGGGATTTTGTGGTGAGACCAGTTGCTTTTACAACTGGTTCGACCCCTGG	52187
1144	IGHV3-30*18	IGHJ1*01	IGHA1	TGTGTGAAAGACCTCCTGTATAGCAGCAGCTGGTCTTCGGGGAGACTAGGATATTTCCAGCACTGG	29038
1348	IGHV3-30*02	IGHJ2*01	IGHA1	TGCGCGAAAGATTCGGGGACATATTATGATTACGATTGGGGGAGCTATGACTGGTACGTCGATCTCTGG	29091
1449	IGHV3-7*01	IGHJ6*02	IGHA1	TGTGCGAGAGAGCCCTTAAAGCCACGTACGGCAGCTGGAATGGACTTCTGG	41793
1524	IGHV3-7*01	IGHJ5*02	IGHA1	TGTGTGAAAATGGGTATACTACTACCAGCTGTTTTTAACTGGTTCGACCCCTGG	41563
1598	IGHV5-51*01	IGHJ5*02	IGHA1	TGTGCGAGACAAAGCCTCAAGTATTGTACGAGTGGTGTATGTTATAATTGGTTCGGCCCCTGG	68946
1667	IGHV3-21*07	IGHJ4*02	IGHA1	TGTACGAGAGAGGGTTATGATGCTAATGGAGATCTTGACTACTGG	21956
1691	IGHV3-23*01	IGHJ4*02	IGHA1	TGTGCGAAAAACAGTCGTGGGTATAATAGTGGTTCGGTGGACCACTGG	25552
1766	IGHV3-15*01	IGHJ3*01	IGHM	TGTACCACAGGACTTTGTACTACTACCAGCTGCCATTGGGACGATGCTTTTGATGTCTGG	19287
1792	IGHV3-21*01	IGHJ4*02	IGHA1	TGTACGAGAGAGGGTTCTGATGCTAATGGAGATCTTCAGTACTGG	21956
1803	IGHV3-73*02	IGHJ6*02	IGHA1	TGTACGGGAAGCAGCCCCGAGAAGTACTACTACGGTATGGACGTCTGG	43356
1871	IGHV3-7*01	IGHJ4*02	IGHM	TGTGCGAGAGGCCCGACCTATGGTTCGAGAGTTGACTACTTTGACTCCTGG	40677
1917	IGHV3-72*01	IGHJ4*02	IGHA1	TGTGCTAAAACCAGTGACTGGCCCGCACCCATTGACTTCTGG	42401
1950	IGHV3-7*01	IGHJ2*01	IGHA1	TGTGCGAGAAGGGTGGCAAGTGGGGGCCCGAAGGGTACGGTGGTAAATACGGACTGGTACTTCGAGCTCTGG	38542
2019	IGHV3-9*01	IGHJ3*02	IGHA1	TGTGCAAAATCGCGTGGATTCAGCTTTGGGGTTGATGCTTTTGATATGTGG	46402
2036	IGHV3-9*01	IGHJ6*02	IGHA1	TGTGCAAAAGACAAGAGGGGAGACTACAGTAACTACCGGTTTAACCACTACTACTACGGGATGGACTTCTGG	48788
2058	IGHV3-21*01	IGHJ4*02	IGHA1	TGTGCGAGAGTTCGCAGCGGTAACTGGGGGTACTTTGACTACTGG	22054
623	IGHV3-23*01	IGHJ4*02	IGHG1	TGCCTATCGACCCGAAGACCCCCTGGCTTTGACTACTGG	24492
941	IGHV1-46*01	IGHJ6*02	IGHA1	TGTGCGAGAGATCTTTTGAGAATGGAGAGGGACTTGGACTTCATTAGTTTCTACGGTATGGACTTCTGG	10176
1047	IGHV4-61*01	IGHJ4*02	IGHA1	TGTGCGATTGGTTCAGATGCCTATAAGGTACACTACTGG	65008
1079	IGHV1-2*02	IGHJ1*01	IGHA1	TGTGTTAGAGATCTAAGAAGCATTGCATCAGCTGGCATCGCCAACTGGCTCGGTGTCTGG	3160
1211	IGHV1-46*01	IGHJ4*02	IGHA1	TGTGCCAGAGGATTGTGGGTTCGAGACAGTGCCTACGCTTCCTTCTGG	9141
1259	IGHV1-46*01	IGHJ5*02	IGHA1	TGTGCGAGAGATCCAAGCGTCGGTATTACTATGATGTCGGGGGACAACTGGTTCGACCCCTGG	9887
1275	IGHV3-11*01	IGHJ4*02	IGHA1	TGTGCGAGAGATGCCGTTATGTTTACTTTTGACTACTGG	17609
1343	IGHV4-61*01	IGHJ5*02	IGHA1	TGTGCGAGAGGGGTAGCCCCCATATTCAACAATAACTGGTTCGACCCCTGG	65641
1359	IGHV2-5*01	IGHJ4*02	IGHA1	TGTGCACACGTTGACTTCGGTGACTACGTATATTACTTTGACTACTGG	16089
1400	IGHV4-39*01	IGHJ4*02	IGHA1	TGTGCGAGACATAAGTGGTTGGGTGTTTCGATTTTTGGAGGGCCGTTTGCCTCCTGG	57029
1426	IGHV3-9*02	IGHJ6*02	IGHA1	TGTGTAAAAGAAAAGGCCGGTCCAAGGTGGCACGATTATGTAGTAGTTCCAGCTGGTGTGTTCGGCCTTTACGGTATGGACGTCTGG	48890
1555	IGHV3-7*01	IGHJ1*01	IGHM	TGTACCGCCACTACAGTAGGAACGCCTGGGGTCGACTGG	38415
1779	IGHV3-15*01	IGHJ4*02	IGHA1	TGTACTACAGATCGGAGTTATGGTTACTACTCTGCCTACTGG	19955
1784	IGHV3-21*01	IGHJ6*02	IGHA1	TGTGCGAAAGGAACCATAGCTGGAACGACCCCCGGTATGGACGTCTGG	22958
1794	IGHV3-53*01	IGHJ4*02	IGHA1	TGTGCGAGCCCCCATGGTAGTAGTGGTTATTACTATCTTGACTACTGG	37593
1809	IGHV3-73*02	IGHJ4*02	IGHA1	TGTACTAGCGGTCTGATCGGGAGTAGTGGGTTGTCGGATGACTACTGG	43172
1839	IGHV3-53*02	IGHJ4*02	IGHA1	TGTACGAGAGATCTGCTTGGTTCGGGGGTTTTTGGTGACTTTGACTACTGG	37620
1845	IGHV5-51*03	IGHJ6*02	IGHA1	TGTGCGAGACTTAATCTGGAATTAGAGGGCTACTACTACGGTTTGGACGTCTGG	69228
1859	IGHV5-51*03	IGHJ4*02	IGHA1	TGTGTGAGGCTCCCGTATTACGATTTTTGGAGTGGTTATTCTACAGGGGCCCACTTTGACTACTGG	68531
2062	IGHV1-2*02	IGHJ6*02	IGHA1	TGTGCGAGAGATCCAAGGGCCCCCGTCCGCCCGGGGCTCTATTACTACTATGGTTTGGACGTCTGG	7667
692	IGHV4-4*07	IGHJ5*02	IGHA1	TGTGCGGTCAGTTGGAGAAGACCGAACTACGTCGGACCTCACAACTGGTTCGACCCCTGG	61335
699	IGHV4-4*07	IGHJ5*02	IGHA1	TGTGCGGTCAGTTGGAGAAGACCGAACTACGTCGGACCTCACAACTGGTTCGACCCCTGG	61335
872	IGHV3-30*18	IGHJ6*02	IGHA1	TGTGCGAAGACCCGGGACGATTTTTGGAGTGGTTACGATTTCGATATGGACGTCTGG	31270
1029	IGHV4-61*01	IGHJ3*02	IGHA1	TGTGCGAGGTCCCTCTACCTGAAGCCCCTTCCTGGTGTTTTTGATATATGG	64847
1076	IGHV1-46*01	IGHJ4*02	IGHA1	TGTGCGAGGCCTCATTGTGATGGTGACTGCTACGGCCCACGTTTTGACCACTGG	9407
1129	IGHV1-46*01	IGHJ4*02	IGHA1	TGTGCGAGGAAGGACTACGATGACTCCGCCTTCTTTGACCACTGG	9094
1197	IGHV3-30*18	IGHJ4*02	IGHA1	TGTGCGAAAGATATTAGAGGATATACTATGATAGTGGAAAGTGTTTTTGACTACTGG	30466
1226	IGHV4-34*02	IGHJ5*02	IGHA1	TGTGCGAGACGCGGAAATCCTTCGGGAAGTTATTCTATGACGGGATTCGACCCCTGG	52099
1312	IGHV6-1*01	IGHJ4*02	IGHA1	TGTGCAAGAAACGGTGGTAATGTTTACTTCGACTCCTGG	70107
1372	IGHV4-39*01	IGHJ5*02	IGHA1	TGTGCGCGACATTTTTTCAGTGACAGGTGGTATTGGTTCGACACCTGG	58362
1464	IGHV3-20*04	IGHJ6*02	IGHA1	TGTGCGAGAGGATACAGTTCCCACTACTTCGACTTCGGTCTGGACGTCTGG	21348
1589	IGHV3-23*01	IGHJ6*02	IGHA1	TGTGCGAAACTTAGGGGCCCGAAAGTTGGACCCAGGTTTGGGTTTGCACGGGGCCACTACCACGGTTTGGACGTCTGG	28956
1674	IGHV3-23*01	IGHJ6*02	IGHA1	TGTGCTAAAGATTTTATTGGACACTATGACATCTGGAGTGGTTATTCTAACTACGGTTTAGACGTCTGG	28909
1723	IGHV5-51*03	IGHJ6*02	IGHA1	TGTGTGAGACCTAACCGTATAACAGTGGCTGCCAAGAGGGTTCATAAATATTACGCTATGGACGTCTGG	69560
1886	IGHV3-74*03	IGHJ4*02	IGHA1	TGTGTGAGGACGGCATATACCAGCAGCCCGCGCGGTGACTCTTGG	44925
1914	IGHV3-20*01	IGHJ4*02	IGHM	TGTGCGAGAGTAGGGGATTACGATTTTTGGAGTGGTCATGACTACTGG	21275
2030	IGHV3-9*02	IGHJ6*02		TGTGTAAAAGAAAAGGCCGGTCCAAGGTGGCACGATTATGTAGTAGTTCCAGCTGGTGTGTTCGGCCTTTACGGTATGGACGTCTGG	48890
2052	IGHV3-23*01	IGHJ4*02	IGHA1	TGTGCGAAAGTGACCGAGCGTTTCAGTAACTACCATATTGACTACTGG	25936
2061	IGHV1-46*01	IGHJ4*02	IGHA1	TGTGCGAGAGCCACAGAGAGATGGATGTTATCATTTTGG	8804
2063	IGHV5-51*01	IGHJ5*02	IGHA1	TGTGCGAGACAAAGCCTCAAGTATTGTACGAGTGGTGTATGTTATAATTGGTTCGGCCCCTGG	68946
612	IGHV1-58*01	IGHJ4*02	IGHG1	TGTGCGACAGCTTATGAGAGTGGTGGTTCTTACGCATCATTCGGGCCTTTTTGG	10325
715	IGHV3-11*01	IGHJ6*02	IGHA1	TGTGCGGTTGTGCCCCCTGCCATTAAGGAGTTTTACTATAACTACGGTATGGACGTCTGG	18648
785	IGHV4-39*01	IGHJ5*02	IGHA1	TGTGCGAGACGTATTAAGACTACGGTGACACACCATAACCCAAGAAGGTACAACTGGTTCGACCCCTGG	59209
801	IGHV4-39*01	IGHJ3*02	IGHA1	TGTGCGGCAACTAGACCGACCTGGTATAGTGGGTACTTGGGGGCCCATGACGGTTTTGAGATCTGG	54032
804	IGHV4-39*01	IGHJ6*02	IGHA1	TGTACTACTGTAAACTTCGGTGTCCCCTACACTGTGGACGCCTGG	59374
841	IGHV1-18*01	IGHJ4*02	IGHA1	TGTGCGAGATTTTCCCGTAATGGGAAGTACTACTGGAATGATTACTGG	1211
844	IGHV1-24*01	IGHJ4*02	IGHA1	TGTGCATCGGATGGCTACACCTATGGTTCCTTTGTCTACTGG	8037
859	IGHV2-70*01	IGHJ4*02	IGHA1	TGTGCACGGTCACGCCGCTTGGACGACGGGGAGTGGGACTTGCCTTTTGACCACTGG	17011
876	IGHV1-46*02	IGHJ4*02	IGHA1	TGTGCGCGAGATGGAGTGGCCACCATCGTTCCCTTTGACTACTGG	9119
920	IGHV4-61*01	IGHJ5*02	IGHA1	TGTGCGAGAGGGGTAGCCCCCATATTCAACAATAACTGGTTCGACCCCTGG	65641
1008	IGHV4-61*08	IGHJ4*02	IGHA1	TGTGCGAGAGATACTTTAGGGATGGCTACAATAGAAGACTGG	65057
1127	IGHV1-46*01	IGHJ4*02	IGHA1	TGTGCGAGGAAGGACTACGATGACTCCGCCTTCTTTGACCACTGG	9094
1162	IGHV3-11*01	IGHJ4*02	IGHA1	TGTGTGACAATGTACGACGACTCGGGGCCTGCCTTTGACTCCTGG	17871
1186	IGHV3-30*18	IGHJ6*02	IGHM	TGTGCGAAAGTCTGGGAATTATGGGGTACAGCAGCACCTGACCGCTACGCTATGGACGTCTGG	31430
1243	IGHV1-2*02	IGHJ4*02	IGHA1	TGTGTGAGGTCTCGATCCTTTTACTTCGACCACTCG	4042
1261	IGHV1-2*02	IGHJ5*02	IGHA1	TGTGCGCGAGACGGTGAGGCAGTGCCTAGAAGTAGTCGAGAGGGGGAAAACTGGTTCGACCCCTGG	7008
1286	IGHV3-11*01	IGHJ4*02	IGHA1	TGTGCGAGAGATGCCCTTATGTACACTTTTGACTATTGG	17609
1319	IGHV4-28*07	IGHJ3*02	IGHA1	TGTGCGAGAAGTCCGGATAGATATGGCAAACCAGAGGCTTTTGATATCTGG	48907
1381	IGHV4-39*01	IGHJ4*02	IGHA1	TGTGAGAGACAGAATAATGGCCGGGGTGGTCTGGCGTCAGAGAACTGG	55793
1482	IGHV1-2*02	IGHJ6*02	IGHG1	TGTGCGAGAGGGCCGGGGGTATCAGAGACGGATTCCGCCGATTACGACACTGCCTACTACTACTACGGTATGGACGTCTGG	7877
1552	IGHV3-23*01	IGHJ3*02	IGHA1	TGTGCGAAAGCGGCGGGTGTAGTGGTGGTAGCTGCTACTGTGTTATCGGCTGCTTTTGATATCTGG	24152
1645	IGHV3-15*01	IGHJ4*02	IGHA1	TGTACGACTGACCGGAGTTATGGTTACTACTCTGCCCACTGG	19951
1955	IGHV3-23*01	IGHJ3*02	IGHA1	TGTGCGAAAGATCGGCCCGACGCCTATTGGGACACTTTTGATACCTGG	23797
1961	IGHV3-23*01	IGHJ3*02	IGHA1	TGTGCGAAAGGCTCCGGGGAGGCCCATGATGCTTTTGATATCTGG	23747
2001	IGHV3-9*01	IGHJ1*01	IGHA1	TGTGTAAAAGACAGTCAAGAGGTGGTAACTTCGAATCTTATGACTTGG	46145
2003	IGHV3-7*01	IGHJ4*02	IGHA1	TGTGCGAGTGGCTTTCCCCCTACCAGTGGCTATTACGACTACTGG	40211
576	IGHV1-8*01	IGHJ2*01	IGHG3	TGTGCGAGAGGAAACGTAGACATGGCTACAATGGACTGGTACTTCGATCTCTGG	14040
643	IGHV2-5*01	IGHJ5*01	IGHA1	TGTGTTCATAGAGTGGGGGGGGAAGTGGTTCGGGGCGTTGTTACTCCCGGCTGGTTCGACCCTTGG	16653
717	IGHV4-30-4*09	IGHJ6*02	IGHA1	TGTGCGAGAGATTCGGGCGGTGGCTGGTACTTCTACGGTATGGACGTCTGG	49902
741	IGHV4-39*01	IGHJ5*02	IGHA1	TGTGCGAGAGGGGTCATAGTGACAGCTACAACATCGTGGTTCGACCCCTGG	58494
788	IGHV4-39*01	IGHJ4*02	IGHA1	TGTGCGAGACAAGGCCGGGGTTACAATGACCTGGACTACTGG	54871
939	IGHV1-69*01	IGHJ6*02	IGHA1	TGTGCGACCGACGGATATTGTGGTGGTGGTAGCTGCTACCCCTATTACTACTACGGTATGGACGTCTGG	13591
992	IGHV4-4*07	IGHJ6*02	IGHA1	TGTGCGCGAGGTGATTGTGCTAATGGTGTCTGTTACTCCCACTGGGACTACTACTACGGCATAAACATCTGG	61688
1091	IGHV1-2*02	IGHJ4*02	IGHA1	TGTGTGAGGGATCCCGTGGAGCTGCACCTAGACCTTGACTACTGG	4945
1159	IGHV3-11*01	IGHJ4*02	IGHA1	TGTGCGAGAAGTAATACGCATTACGATTTTTGGAGTGGTTATAGTCTGGGCTACTGG	18158
1216	IGHV3-33*01	IGHJ4*02	IGHA1	TGTGCCAGAGGCCTTTGTAGTGCCGCCAGCTGCCAAGTTGACTACTTTGACTCCTGG	32589
1614	IGHV3-74*01	IGHJ4*02	IGHG1	TGTGCAAGTTGGATTAATATGATGGGCAACTGG	44027
1651	IGHV3-48*02	IGHJ6*02	IGHA1	TGTGTGAGAGATTGCGGGTCCTCGGCGGAGGCTGGTTACGGTATGGACGTCTGG	35358
1880	IGHV3-74*01	IGHJ4*02	IGHA1	TGTGTGAGAGATTTCGTGGGACCGAGGGACTACTGG	44090
1937	IGHV3-48*02	IGHJ3*02	IGHA1	TGTACCCGAGGAAGATATAGGCTGCGCTGTGATGCGTTTGATATCTGG	33490
1939	IGHV3-48*02	IGHJ3*02	IGHA1	TGTACCCGAGGAAGATATAGGCTGCGCTGTGATGCGTTTGATATCTGG	33490
2012	IGHV3-9*01	IGHJ6*02	IGHA1	TGTGCCAAAGATATAGCCCCAAAGACGTATTATTATGACAGTAGTGGTTATCCCGCATACTATTACGGTATGGACGTCTGG	48881
2016	IGHV3-9*04	IGHJ3*02	IGHA1	TGTGTGAAAGATTGGCAGACTGTGACCTTTCATGACGCCTTTGATATCTGG	46424
596	IGHV4-59*01	IGHJ6*02	IGHA1	TGTGCGAGAGTTTTGTGGGGGGCGGCAGCTGAAAACTACCATTTGGACGTCTGG	64451
754	IGHV4-39*01	IGHJ4*02	IGHA1	TGTGCGAGAGGGTTGAAAAGATATTACGATTTTTGGACGGGTTACCCCTTTGACTACTGG	57404
772	IGHV4-39*01	IGHJ5*02	IGHA1	TGTGCGAGATCGGAACGGTTTTTCGGGGACTTACCCCAAATCAACTGGTTCGACCCCTGG	58862
886	IGHV4-34*01	IGHJ5*02	IGHA1	TGTGCGAGACGTGTACGAAGGTGTAGTAATAGGTGCTATGTTTGGTTCGACCCCTGG	52103
948	IGHV1-8*02	IGHJ4*02	IGHA1	TGTGCGCGAGACAGAAAGGGCCTTGCATTCTGG	14216
975	IGHV4-39*02	IGHJ3*01	IGHA1	TGTGCGAACTCCGGTGACTACAGTCATAATGCTTTTGATCTCTGG	53509
1069	IGHV4-28*01	IGHJ4*02	IGHA1	TGTATAAACAAAGAGGGTTATGTGGGAGCTCCTGACTACTGG	48910
1215	IGHV1-46*01	IGHJ4*02	IGHA1	TGTGCCAGAGGATTGTGGGTTCGAGACAGTGCCTACGCTTCCTTCTGG	9141
1271	IGHV1-8*01	IGHJ4*02	IGHA1	TGTGCGAGAGGCCAATACACTGGCTCCGATTGGTATTTTGACTACTGG	14489
1404	IGHV4-39*01	IGHJ2*01	IGHA1	TGTGCGAGACATGAAAAGAAGGACCACCATGATAGTAGTGGCACCCCCCTAAAGTGGCACTTCGATCTCTGG	53401
1448	IGHV3-7*01	IGHJ4*02	IGHA1	TGTGCGAGAGATGGGCCCTATTGTAATGGTGGTATCTGCTACGGACGTCTCTACTGG	41059
1523	IGHV3-21*01	IGHJ6*02	IGHA1	TGTGCGCGAGATTATGGTGTATGTTTGCATTTCTGTTACTACGGTATGGACGTCTGG	23121
1638	IGHV3-7*03	IGHJ4*02	IGHA1	TGTGGGAGAGATCTGCCCGGAGATGGGATCCCCGAAGACGACTGG	40461
1676	IGHV3-23*01	IGHJ6*02	IGHA1	TGTGCTAAAGATTTTATTGGACACTATGACATCTGGAGTGGTTATTCTAACTACGGTTTAGACGTCTGG	28909
1695	IGHV3-23*01	IGHJ4*02	IGHA1	TGTGCGAAAGACGACGGATATGATTACTCTTGGGGGACTTATTGTTCCGACTGG	26777
1746	IGHV3-7*01	IGHJ3*02	IGHA1	TGTGCGAGATGGGTTGGAGTGAACATTAGAGGAGGTGATGGCTTTGATATGTGG	38795
1775	IGHV3-15*01	IGHJ6*02	IGHA1	TGTGAAAGTGGCAGTGGATATGACTACTACTACAGCGAGATGGACGTCTGG	21059
1821	IGHV3-74*01	IGHJ4*02	IGHA1	TGTGCAAGATTTAAGGGAACCAGTTATGATTCCGGTGACTACTGG	44735
1968	IGHV3-48*01	IGHJ6*02	IGHA1	TGTGCGAGAGAATTTGTAGCAGTGGCTGATGTCTATTACTACGGTATGGACGTCTGG	35367
702	IGHV3-23*01	IGHJ4*02	IGHA1	TGTGCGAAAGTCCACGATTACTATTATAGAAGTGGTTTTTACTATCCGGACTACTGG	27266
726	IGHV3-30*03	IGHJ3*01	IGHA1	TGTGCGACCCGGGAAATGTACTACTATGATGCCACTGGATTTCCGCGAGATGGCTTTGATGCCTGG	29283
822	IGHV1-46*01	IGHJ5*02	IGHA1	TGTGCGGCCGATCCTAGGGGCTGGTCCCTTTCGGGACTCGACCCCTGG	9783
977	IGHV4-59*01	IGHJ4*02	IGHA1	TGTGCGAGGTCCTCAGAGTTGGGTCCCATGAAACCTCGACCTTATTTTGACTCCTGG	63568
1045	IGHV4-61*08	IGHJ4*02	IGHA1	TGTGCGAGAGTAAATTATTTTGGTTCGGGGACTTCTGCCTGGGGGTACTACTTTGACTACTGG	65490
1131	IGHV1-69*01	IGHJ5*02	IGHA1	TGTGCGAGAGAGAGAGATCCGCATGATGATAGTAATGGTTACAATTGGTTCGACCCCTGG	12681
1272	IGHV1-2*02	IGHJ3*02	IGHA1	TGTGCGACCAAGATTGACGATTTAATTCTCGATGCTTTTGATATGTGG	3421
1295	IGHV6-1*01	IGHJ4*02	IGHA1	TGTGCAAGAAACGGTGGTAATGTTTACTTCGACTCCTGG	70107
1299	IGHV6-1*01	IGHJ4*02	IGHA1	TGTGTAAGGCAGTTTAGCTGGTACTTTGGTTACTGG	70088
1363	IGHV2-5*01	IGHJ4*02	IGHA1	TGTGCGCACACGCGTTATCGTGATAGTAGTGCTGTCCCCCCCCCTGACTATTGG	16202
2027	IGHV3-9*01	IGHJ4*02	IGHA1	TGTGCAAAGGATATGAGGGGAGCAGCTCGCCTCTCGATCTTTGACTCCTGG	47316
674	IGHV1-2*02	IGHJ4*02	IGHA1	TGTGTCTCGAGAGGGAGGTGGAACAGTTGGTACGTGGCGGCCAGTTACTTTGACCACTGG	6136
681	IGHV1-18*04	IGHJ4*02	IGHA1	TGTGCGAGAGATACGTCCTATAGCAGTGGCTGGGGGTTTGACTTTTGG	1023
710	IGHV3-9*01	IGHJ1*01	IGHA1	TGTGTAAAAGACAGTCAAGAGGTGGTAACTTCGAATCTTATGACTTGG	46145
873	IGHV3-30*18	IGHJ6*02	IGHA1	TGTGCGAAGACCCGCGACGATTTTTGGAGTGGTTACGATTTCGATATGGACGTCTGG	31270
940	IGHV1-69*01	IGHJ6*02	IGHA1	TGTGCGACCGACGGATATTGTGGTGGTGGTAGCTGCTACCCCTATTACTACTACGGTATGGACGTCTGG	13591
1158	IGHV3-11*01	IGHJ4*02	IGHA1	TGTGCGAGAAGTAATACGCATTACGATTTTTGGAGTGGTTATAGTCTGGGCTACTGG	18158
1218	IGHV4-34*01	IGHJ3*01	IGHA1	TGTGCGCGAGGCTGGCGATATTGTATTAGGCCCAGCTGCAGACTTGCTTATGATCTCTGG	50404
1368	IGHV2-5*01	IGHJ6*02	IGHA1	TGTGTCCATACTTGGGGTCGTGTCAGCGGTGGGGGTGTAGTACCTCGGACGACTAACTTCTCTTTCTACGTTATGGACGTCTGG	16792
1369	IGHV2-5*01	IGHJ5*01	IGHA1	TGTGTTCATAGAGTGGGGGGGGAAGTGGTTCGGGGCGTTGTTACTCCCGGCTGGTTCGACCCTTGG	16653
1534	IGHV3-21*01	IGHJ4*02	IGHA1	TGTGCGAGAGTTCGCAGCGGTAACTGGGGGTACTTTGACTACTGG	22054
1601	IGHV3-23*01	IGHJ4*02	IGHA1	TGTGCGAAAGACGCCTCTGATATCAGTGGTCATTACTACCATTTTGATTACTGG	26778
1861	IGHV3-23*01	IGHJ4*02	IGHA1	TGTGCGAAAGTCCACGATTACTATTATAGAAGTGGTTTTTACTATCCGGACTACTGG	27266
1894	IGHV3-23*01	IGHJ4*02	IGHA1	TGTGCGAAAGATCGAAAGGCTGGTGGTCAGTCACGTGGGGACTTTGACTTCTGG	26820
1940	IGHV3-7*01	IGHJ6*02	IGHA1	TGTGCGAGAGAGCCCTTAAAGCCACGTACGGCAGCTGGAATGGACTTCTGG	41793
1985	IGHV3-23*04	IGHJ4*02	IGHA1	TGTGCGAAGGAGTCGAGTTTCGCCTACGGTCCTCTCGCATCACACTTTGACTACTGG	27155
2033	IGHV3-9*04	IGHJ6*02	IGHA1	TGTGTGAAGGATATGTTCGACGGCGGGACCGCACGGGGAGGAATGGACGTCTGG	48481
642	IGHV3-21*01	IGHJ4*02	IGHA1	TGTGCGAGAGGGGGTGTTACTACTAGGTGCTATGACTACTGG	21916
665	IGHV3-49*05	IGHJ4*02	IGHA1	TGTGCACTGTTCCATAGCACTGGCTGGTACAGACACTACTTTGACTACTGG	36096
666	IGHV3-53*01	IGHJ4*02	IGHA1	TGTGCGAGCCCCCATGGTAGTAGTGGTTATTACTATCTTGACTACTGG	37593
698	IGHV4-4*07	IGHJ5*02	IGHA1	TGTGCGGTCAGTTGGAGAAGACCGAACTACGTCGGACCTCACAACTGGTTCGACCCCTGG	61335
849	IGHV1-24*01	IGHJ4*02	IGHG1	TACTATGAATATTGG	7996
883	IGHV1-69*01	IGHJ6*02	IGHA1	TGTGCGAGAGATAACGGGTTTCGTTCGGGGACTTACACCGACTGGGCCTATTACAGTCTGGACGTCTGG	13617
1036	IGHV4-59*01	IGHJ6*02	IGHA1	TGTGCGAGATCGCGAGATTGTGGTAGTACCAGCTGCAATTATGGCTACTACTACGGAATGGAGGTCTGG	64682
1080	IGHV1-2*02	IGHJ1*01	IGHA1	TGTGTTAGAGATCTAAGAAGCATTGCATCAGCTGGCATCGCCAACTGGCTCGGTGTCTGG	3160
1082	IGHV1-46*01	IGHJ4*02	IGHA1	TGTGCGAGGCCTCATTGTGATGGTGACTTCTACGGCCCACGTTTTGACCACTGG	9407
1472	IGHV4-34*01	IGHJ2*01	IGHA1	TGTGCGAGAGACTCTGGCGTGGTGCGCGGTCCTGTTGTGATCGTGGGTGGGGATCCATATTTCGATCTCTGG	50247
1508	IGHV6-1*01	IGHJ4*02	IGHG1	TGTGCAAGAAGCCTCCATTACTATGATAGTAGTGGTTATTACTACTTTGACTACTGG	70508
1708	IGHV3-49*03	IGHJ3*02	IGHG1	TGTAGTAGAGATTCAGCCTACTCCAGTGGCTGGTTCGGTGCTTTTGATATGTGG	35706
1856	IGHV3-74*01	IGHJ4*02	IGHG1	TGTGTAAGGCTAACCGATCCTACTTGG	43871
1915	IGHV3-72*01	IGHJ4*02	IGHA1	TGTGCTAAAACCAGTGACTGGCCCGCACCCATTGACTTCTGG	42401
592	IGHV3-11*01	IGHJ4*02	IGHG1	TGTGCGAGAGGGGGGCGTACCAGCTGCTATAATTGCCTCTTTGACCACTGG	18055
661	IGHV1-46*01	IGHJ4*02	IGHA1	TGTGCGAGGATCCAACCCAGAGGGATCCGTGGATACTCCTATGGTTACCCTGACTATTGG	9603
735	IGHV3-73*02	IGHJ6*02	IGHA1	TGTACGGGAAGCAGCCCCGAGAAGTACTACTACGGTATGGACGTCTGG	43356
763	IGHV4-39*01	IGHJ5*02	IGHA1	TGTGCGAGTGCATATTGTAGTGGTGGCGGCTGCTACCACCAAAGCGGGTGGTTCGTCCCCTGG	59088
860	IGHV3-30*18	IGHJ6*02	IGHA1	TGTGCGAAGACCCGAGACGATTTTTGGAGTGGTTATGATTTCGATATGGACGTCTGG	31270
972	IGHV4-39*02	IGHJ3*01	IGHA1	TGTGCGAACTCCGGTGACTACAGTCATAATGCTTTTGATCTCTGG	53509
1137	IGHV1-69*01	IGHJ5*02	IGHA1	TGTGCGAGAGAGAGAGATCCGCATGATGATAGTAATGGTTACAATTGGTTCGACCCCTGG	12681
1167	IGHV3-30*02	IGHJ6*02	IGHA1	TGTGTAAAAGATCAGAGAATACGCCAGGGGTTTTTAGTGGGAGCCAGTTCCTTCTACTTCTACGGTATGGATGTCTGG	31662
1254	IGHV3-11*01	IGHJ4*02	IGHA1	TGTGCGACAGATATTTCTGTGGACACATTTGACCAATGG	17606
1264	IGHV1-2*02	IGHJ5*02	IGHA1	TGTGCGCGAGACGGTGAGGCAGTGCCTAGAAGTAGTCGAGAGGGGGAAAACTGGTTCGACCCCTGG	7008
1467	IGHV3-30*18	IGHJ4*02	IGHA1	TGTGCGAAAGATATTAGAGGATATACTATGATAGTGGAAAGTGTTATTGACTACTGG	30466
1469	IGHV3-7*01	IGHJ4*02	IGHA1	TGTGCGAGAGGTAGTGGGAGCTATTACAGGCACTGG	39493
1529	IGHV3-48*02	IGHJ4*02	IGHA1	TGTGCGAGAGCTAATGGGGCGCAGAATAATTACTTTGACTCCTGG	34283
1873	IGHV3-7*01	IGHJ4*02	IGHM	TGTGCGAGAGGCCCGACCTATGGTTCGAGAGTTGACTACTTTGACTCCTGG	40677
1919	IGHV3-74*03	IGHJ4*02	IGHG1	TGTACTAGAGACTATTATATCTTGTCAGCTGGTCTGCAATACTGG	44716
1948	IGHV3-7*01	IGHJ2*01	IGHA1	TGTGCGAGAAGGGTGGCAAGTGGGGGCCCGAAGGGTACGGTGGTAAATACGGACTGGTACTTCGAGCTCTGG	38542
1959	IGHV3-23*01	IGHJ3*02	IGHA1	TGTGCGAAAGATCGGCCCGACGCCTATTGGGACACTTTTGATACCTGG	23797
2071	IGHV1-46*01	IGHJ4*02	IGHA1	TGTGCGATCTTGACTGGGAGCCACTACCCTGCTAATCTTGACTACTGG	9241
587	IGHV5-51*01	IGHJ4*02	IGHA1	TGTACGAGCCGCCCGAGAGAAGTAAGAGGGCAGCCGGAGTGGTTCTTCTACTGG	68061
654	IGHV4-4*07	IGHJ5*01	IGHA1	TGTGCGAGAGAGAATCACTTCCCTGATAGTGCCGGCTTGGTTAACTGGTTCGACTCCTGG	61308
660	IGHV4-30-4*09	IGHJ4*02	IGHA1	TGTGCGAGAAGCCCTCGCAGAGATTCATATAATTACATTGACTCTTGG	49377
826	IGHV1-18*04	IGHJ4*02	IGHA1	TGTGTGAGAGATCGGGGGCCGTATTGTACTAGGCCTAATTGCTACTCAAGGTATTTTGACTATTGG	1946
984	IGHV4-34*01	IGHJ5*02	IGHA1	TGTGCGAGAGGCCAGGGATTTTGTGGTGAGACCAGGTGCTTTTACAACTGGTTCGACCCCTGG	52187
1106	IGHV1-8*01	IGHJ4*02	IGHM	TGTGCGAGAAAGGCGGTTTCGGGCAGTGGCCGGTACCCTTTTGACTTCTGG	14530
1204	IGHV3-30*18	IGHJ4*02	IGHA1	TGTGCAAAAATGCCCTATCCGGACGTTACCCCACCCATCCCCTACTTTGACTCGTGG	30416
1253	IGHV3-11*01	IGHJ4*02	IGHA1	TGTGCGACAGATATTTCTGTGGACACATTTGACCAATGG	17606
1289	IGHV4-34*02	IGHJ4*02	IGHA1	TGTGCGAGATTGAATGACTTTTGGAGTGGTTTCTCTAATAAGGCCCGCTTTGACTACTGG	51573
1518	IGHV3-15*01	IGHJ1*01	IGHA1	TGTACCGGCGATAGTGGGAATTACTACGAATACTTCCAACGTTGG	19083
1605	IGHV3-48*02	IGHJ4*02	IGHA1	TGTGCGACACTGCAGACTACGGGGGGTCGTCGTTTTGAGTCCTGG	34207
1701	IGHV3-23*01	IGHJ6*02	IGHA1	TGTGCTAAAGATTTTATTGGACACTATGACATCTGGAGTGGTTATTCTAACTACGGTTTAGACGTCTGG	28909
1704	IGHV4-4*07	IGHJ5*01	IGHA1	TGTGCGAGAGAGAATCACTTCCCTGATAGTGCCGGCTTGGTTAACTGGTTCGACTCCTGG	61308
1808	IGHV3-73*02	IGHJ6*02	IGHA1	TGTACGGGAAGCAGCCCCGAGAAGTACTACTACGGTATGGACGTCTGG	43356
1874	IGHV3-74*01	IGHJ4*02	IGHA1	TGTGTAAGAGGGTCTCATAACAGTTATTCTGACCACGTCCTCTTTGACTATTGG	45263
720	IGHV1-18*04	IGHJ4*02	IGHA1	TGTGCGAGAGATACATCCTATAACAATGGCTGGGGACTTGACTACTGG	1023
848	IGHV1-24*01	IGHJ4*02	IGHG1	TGTGTCATTGATCGAAGTTACCAATTTTGTCATGATGGTATATGCCCCCTTGGGGAATTCTACTTTGAGCACTGG	8236
857	IGHV3-30*07	IGHJ5*02	IGHA1	TGTACAAGAGACATCGATACTACTAGTCACTATGACCGGTTCGACCCCTGG	30870
863	IGHV4-59*12	IGHJ4*02	IGHA1	TGTGTGAGAAGCCAATACAGTTATGGCCCCATTGCTTACTGG	62793
951	IGHV3-30*18	IGHJ4*02	IGHA1	TGTGCGAAATGGAGTGGGGACCACCCACTATACTACCTTGACTTCTGG	29883
986	IGHV4-34*01	IGHJ5*02	IGHA1	TGTGCGAGAGGCCAGGGATTTTGTGGTGAGACCAGGTGCTTTTACAACTGGTTCGACCCCTGG	52187
1102	IGHV1-2*02	IGHJ5*02	IGHG1	TGTGCGAGAGATGTTGTAGTGGTCATAGCTGCTACTCATGAACACTGGTTCGACCCCTGG	6905
1213	IGHV1-46*01	IGHJ4*02	IGHA1	TGTGCCAGAGGATTGTGGGTTCGAGACAGTGCCTACGCTTCCTTCTGG	9141
1490	IGHV3-49*03	IGHJ4*02	IGHA1	TGTACTAGAGGTCGAAGCATGGTTCGGGGATTTATGATAACTATTCACCCGAAGGACAATTTTGACCACTGG	36288
1514	IGHV3-23*01	IGHJ4*02	IGHA1	TGTGCGAAAGACGCCTCTGGTATCAGTGGTCATTACTACCATTTTGATTACTGG	26778
1700	IGHV3-23*01	IGHJ6*02	IGHA1	TGTGCGAAGACCCTTCCGGCTCTAAATACACGACAAAACTACTATCATGGCATGGACGTCTGG	28808
1728	IGHV5-51*01	IGHJ4*02	IGHA1	TGTGCGAGACAAGGTGGTACCCTCACTTTTGACTACTGG	66922
1748	IGHV3-7*01	IGHJ3*02	IGHA1	TGTGCGAGATGGGTTGGAGTGAACATTAGAGGAGGTGATGGCTTTGATATGTGG	38795
1764	IGHV3-15*01	IGHJ6*02	IGHG1	TGCTCCACAGCGGACGATATTGTAGTAGTTCCACCTGATGCAAAATACTACTACTACGGCATGGACGTCTGG	21180
1924	IGHV3-15*01	IGHJ4*02	IGHA1	TGTACTTCCCAGGTTAGATTTGATAGTAGTGGCTATTACTATGTGAATCGGGACTTCTGG	20709
1925	IGHV3-15*01	IGHJ4*02	IGHA1	TGTACTTCCCAGGTTAGATTTGATAGTATTGGCTATTACTATGTGAATCGGGACTTCTGG	20709
1979	IGHV3-49*05	IGHJ4*02	IGHA1	TGTGCACTGTTCCATAGCACTGGCTGGTACAGACACTACTTTGACTACTGG	36096
871	IGHV3-30*18	IGHJ6*02	IGHA1	TGTGCGAAGACCCGGGACGATTTTTGGAGTGGTTACGATTTCGATATGGACGTCTGG	31270
950	IGHV3-30*18	IGHJ4*02	IGHA1	TGTGCGAAATGGAGTGGGGACCACCCACTATACTACCTTGACTTCTGG	29883
958	IGHV4-34*01	IGHJ6*02	IGHA1	TGTGCGAGAGAACAGGGAATACGTATACCGAATTCAATGACTGACGGGGGCGACGGTATGGACGTCTGG	52810
1147	IGHV3-11*01	IGHJ2*01	IGHA1	TGTGCGAGAGAACGGGGGGGGGGGTACTTCGATCTCTGG	17251
1155	IGHV3-11*01	IGHJ5*02	IGHG1	TGTGCGAGACGGGGGGATGGTTCGGGACCGACGTTCGCCCCCTGG	18326
1434	IGHV1-18*04	IGHJ4*02	IGHA1	TGTGCCAGAGAGTTGATCGGAAGTACAGGGGGGGACCACTGG	652
1452	IGHV3-72*01	IGHJ4*02	IGHA1	TGTGTTAGCCTTTGGAGTGGTTATCACTATGTTGACTACTGG	42459
1502	IGHV3-15*01	IGHJ4*02	IGHA1	TGTACTTGGGCGTCCCGGTGGGAACTACGGTACTACTTTGACTACTGG	20362
1546	IGHV3-74*01	IGHJ5*02	IGHG1	TGTGCAAGAGAACAAATGCAACTGGGACCTACGACTGTGGACCTCTGG	45560
1574	IGHV3-74*01	IGHJ4*02	IGHG1	TGTGCAAGAGACAATTGGTTGACCTACTGG	43910
1622	IGHV3-23*01	IGHJ4*02	IGHG1	TGTGCGAAGACACTGTGGCTGCGCTCTGTTAATGTCGCCTCTGACTACTGG	26550
1649	IGHV3-13*01	IGHJ6*02	IGHA1	TGTGCAGGAGCGTCCCATGCCAGTGGCTTTTACCACTACGCTGTGGACATTTGG	19013
1689	IGHV3-23*01	IGHJ4*02	IGHG1	TGTGCGAAAGATCGTGATATTATAGTGGCGACTGCTCATGGGCTGGACTCCTGG	26836
1791	IGHV3-49*03	IGHJ4*02	IGHA1	TGTACTAGAGGTCGAAGCATGGTTCGGGGATTTATGATAACTATTCACCCGAAGGACAATTTTGACCACTGG	36288
1893	IGHV3-74*03	IGHJ4*02	IGHG1	TGTACTAGAGACTATTATATCTTGTCAGCTGGTCTGCAATACTGG	44716
629	IGHV3-73*01	IGHJ4*02	IGHA1	TGCAGTAGACATTTATATGGTTTGAGGACACCCTTTGACTACTGG	43119
632	IGHV1-45*02	IGHJ4*02	IGHA1	TGTGCAAGTTCGAACAACAGTCCGCACTATTCTTTTGACTATTGG	8454
676	IGHV3-7*01	IGHJ5*02	IGHG1	TGTGTGAGAGGGTATTGCAGTGGAATTTGCTTCTGGGGAACGGACTGGTTCGACCTCTGG	41597
719	IGHV1-8*02	IGHJ4*02	IGHA1	TGTGCGCGAGACAGAAAGGGCCTTGCATTCTGG	14216
758	IGHV4-39*01	IGHJ4*02	IGHA1	TGTGTGAGACATTCAGTTGGAACAATGATGGATTACTGG	54770
781	IGHV4-39*01	IGHJ4*02	IGHG1	TGTGCGCGATTGAATTCGGGCACGCCGTATTACGGTGACTACCCCGACCCCTTCTTTGACTACTGG	57713
987	IGHV4-34*01	IGHJ5*02	IGHA1	TGTGCGAGAGGCCAGGGATTTTGTGGTGAGACCAGGTGCTTTTACAACTGGTTCGACCCCTGG	52187
1028	IGHV4-59*01	IGHJ4*02	IGHA1	TGTGCGAGGGGATATTGTAGTAGTAGCAGCTGCTATAACACCAAGTATGACGAATGG	63566
1058	IGHV4-4*07	IGHJ6*02	IGHA1	TGTGCGAAGGGAGGGGAGTTAGTGGCTGGTAATCACTTCTACGCAATGGACCTGTGG	61543
1145	IGHV3-33*06	IGHJ4*02	IGHA1	TGTGCGAAATCAAGTCGCGATTTTCGGAGTGGCCCCCGGGACCATTACTTTGACTACTGG	32648
1185	IGHV3-30*18	IGHJ4*02	IGHM	TGTGCGAAAGATGCCTCGTATCAGTGGAACTCAACACCTGACTACTGG	29822
1231	IGHV1-69*01	IGHJ4*02	IGHA1	TGTGCGAACCTTAATCATTATGATAGTACTAAAATCAACTACTACTTTGACGTCTGG	11935
1288	IGHV4-34*02	IGHJ4*02	IGHA1	TGTGCGAGATTGAAAGACTTTTGGAGTGGTTTCTCTAATAAGGCCCGCTTTGACTACTGG	51573
1337	IGHV6-1*01	IGHJ4*02	IGHG1	TGTGCAAGAAGCCTCCATTACTATGATAGTAGTGGTTATTACTACTTTGACTACTGG	70508
1463	IGHV3-48*01	IGHJ6*02	IGHA1	TGTGCGAGAGAATTTGTAGCAGTGGCTGATGTCTATTACTACGGTATGGACGTCTGG	35367
1477	IGHV4-39*02	IGHJ3*01	IGHA1	TGTGCGAACTCCGGTGACTACAGTCATAATGCTTTTGATCTCTGG	53509
1761	IGHV3-72*01	IGHJ6*02	IGHG1	TGTGCTAGTCATGGTTCGGAGAGTTACAACTACTTCTACTACGGTATGGACGTCTGG	42812
1862	IGHV3-7*01	IGHJ3*01	IGHG1	TGTGCGAGCGTAGGATTTTTTTCTAGTATCAGGTTTGGTCTGATATTGGATGCTTTTGATTTCTGG	38897
1863	IGHV3-23*01	IGHJ4*02	IGHG1	TGTGCGAAAGCCGGGACTATTGGGACTTTCTACTACTTTGACCACTGG	25824
1901	IGHV3-74*01	IGHJ4*02	IGHG1	TGTACAAGAGACTATCATAAAGTAGCAGCTGGTCTAGAATATTGG	44716
1903	IGHV3-74*01	IGHJ4*02	IGHG1	TGTGCAAGAGACAATTGGTTGACCTACTGG	43910
1920	IGHV3-74*03	IGHJ4*02	IGHG1	TGTACTAGAGACTATTATATCTTGTCAGCTGGTCTGCAATACTGG	44716
2064	IGHV3-9*01	IGHJ4*02	IGHA1	TGTGTAAAAAGTGTGGTCGCAGCAGATGCCACTTACTTTGACTACTGG	47209
645	IGHV3-23*01	IGHJ4*02	IGHA1	TGTGCGAAAGACGCCTCTGATATCAGTGGTCATTACTACCATTTTGATTACTGG	26778
647	IGHV1-2*06	IGHJ3*02	IGHA1	TGTGCGAGAGCGGAAGAGACTACGGTGTCTTCGTATGATGCTTTTCATATCTGG	3543
760	IGHV4-39*01	IGHJ4*02	IGHA1	TGTGTGAGACATTCAGTTGGAACAATGATGGATTGG	54382
813	IGHV4-39*01	IGHJ5*02	IGHG1	TGTGCGACATCGGAACGCTTTTTGGGGGACTTACCCCAAATCAACTGGTTCGACCCCTGG	58862
887	IGHV4-59*01	IGHJ6*02	IGHG1	TGTGCGAGAATGCCATCCTGGGAAGGGAAAGAAATTTCTTACTACTACTACAACGGCTTGGACGTCTGG	64665
959	IGHV4-34*01	IGHJ6*02	IGHA1	TGTGCGAGAGAACAGGGAATACGTATACCGAATTCAATGACTGACGGGGGCGACGGTATGGACGTCTGG	52810
1188	IGHV3-33*06	IGHJ4*02	IGHA1	TGTGCGAAATCAAGTCGCGATTTTCGGAGTGGCCCCCGGGACCATTACTTTGACTACTGG	32648
1189	IGHV3-30*18	IGHJ4*02	IGHA1	TGTACGAAAGAATCGGGCGCTGGCTGGTCCTATACTTTTGACTACTGG	29726
1310	IGHV4-61*01	IGHJ4*02	IGHA1	TGTGCGATTGGTTCAGATGCCTACAAGGTACACTACTGG	65008
1346	IGHV3-30*18	IGHJ2*01	IGHA1	TGTGCGAAAGATTCGGGGACATATTATGATTACGATTGGGGGAGCTATGACTGGTACGTCGATCTCTGG	29091
1483	IGHV1-8*01	IGHJ5*02	IGHA1	TGTGCGAGAAGTGCTGACCCCCTACACAACTGGTTCGAGCCCTGG	14817
1616	IGHV3-23*01	IGHJ3*02	IGHG1	TGTGCGAAAGATTGGCCCTATAACTTTGATAAGAGTGTTAATGGATATGATGCTCTTGATATTTGG	24149
1683	IGHV3-23*01	IGHJ4*02	IGHA1	TGTGCGAAAGTCCACGATTACTATTATAGAAGTGGTTTTTACTATCCGGACTACTGG	27266
1690	IGHV3-23*01	IGHJ4*02	IGHG1	TGTGCGAAAGATCGTGATATTATAGTGGCGACTGCTCATGGGCTGGACTCCTGG	26836
1735	IGHV3-74*01	IGHJ6*02	IGHG1	TGTGCAAGAGTTCACTATGATTCGGGGACGAACGTCTGG	45766
1740	IGHV3-53*01	IGHJ4*02	IGHG1	TGTGCGAGAGAGCGTCTTGGCAGTGGCTGGTACTTTGACTACTGG	37395
1816	IGHV3-74*01	IGHJ5*02	IGHG1	TGTGTAAAAGATTACTGGGGACCCGGATCCTGG	45422
1890	IGHV3-74*03	IGHJ4*02	IGHA1	TGTGTGAGGACGGCATATACCAGCAGCCCGCGCGGTGACTCTTGG	44925
694	IGHV3-30*18	IGHJ6*02	IGHM	TGTGCGAAAGTCTGGGAATTATGGGGTACAGCAGCACCTGACCGCTACGCTATGGACGTCTGG	31430
815	IGHV4-39*01	IGHJ5*02	IGHA1	TGTGCGAGGGGCCAGAAAATACGTGGATATGATGACTACGAGATTTCCCACAACAATTGGTTCGGCCCCTGG	59249
973	IGHV4-39*02	IGHJ3*01	IGHA1	TGTGTGAACTCCGGTGACTACAGTCATAATGCTTTTGATCTCTGG	53509
978	IGHV4-59*01	IGHJ4*02	IGHA1	TGTGCGAGGTCCTCAGAGTTGGGTCCCATGAAACCTCGACCTTATTTTGACTCCTGG	63568
997	IGHV4-59*12	IGHJ4*02	IGHG1	TGTGCGAGAACGCCGCGCCGCAGAGATGGCTACCAACACTTTGACTATTGG	63235
1223	IGHV4-34*02	IGHJ4*02	IGHA1	TGTGCGAGATGGGCTCCTGCCGATTGTAGTGGTGGCCGATGTTCCAACTATTTCTTTGACCACTGG	51750
1328	IGHV3-11*01	IGHJ4*02	IGHA1	TGTGCGACAGACATGTCGTTGGTCACCTTTGACATCTGG	17605
1336	IGHV6-1*01	IGHJ4*02	IGHG1	TGTGCAAGAAGCCTCCATTACTATGATAGTAGTGGTTATTACTACTTTGACTACTGG	70508
1403	IGHV4-39*01	IGHJ4*02	IGHA1	TGTGCGAGACATGCGGATATTTCAGCCACGAGGATGATTGAGGTCTGG	55779
1465	IGHV3-7*01	IGHJ4*02	IGHA1	TGTGCGAGAGATGGGCCCTATTGTAATGGTGGTATCTGCTACGGACGTCTCTACTGG	41059
1491	IGHV3-73*02	IGHJ6*02	IGHA1	TGTACGGGAAGCAGCCCCGAGAAGTACTACTACGGTATGGACGTCTGG	43356
1521	IGHV5-51*01	IGHJ3*01	IGHG1	TGTGCGAGACTGTTTACTAGGTCGTATAGCAGCAGACAAGATGCTTTTGATGTGTGG	66589
1542	IGHV3-74*01	IGHJ4*02	IGHA1	TGTGGAAGAGATCTGAGGACTATCTATGATAGTAGTGGTTATGACGTTGGCCACTGG	45311
1548	IGHV3-23*01	IGHJ4*02	IGHA1	TGTGCGAAAGTCCCTTGTATTGGTGGTTTTTGCTCAAACGGCTACTACTTTGACTACTGG	27497
1564	IGHV3-23*01	IGHJ4*02	IGHG1	TGTGCGAAAGATTTCAGGTATGGTGATTCCATCTACTGG	24556
1591	IGHV3-7*01	IGHJ5*02	IGHA1	TGCGCGAGAGATTTAGCTAAACAACGGGTGGCCAATGGGGAAGCCGACCACTGG	41546
1615	IGHV3-74*01	IGHJ4*02	IGHG1	TGTGCAAGTTGGATTAATATGATGGGCAACTGG	44027
1769	IGHV3-15*01	IGHJ3*01	IGHM	TGTACCACAGGACTTTGTACTACTACCAGCTGCCATTGGGACGATGCTTTTGATGTCTGG	19287
1801	IGHV3-53*01	IGHJ2*01	IGHG1	TGTGCGAGAGATCAGGGGTATTACTATGGTTCGGGGAGTTATCGTAACTGGTACTTCGATCTCTGG	36580
591	IGHV3-7*01	IGHJ3*02	IGHG1	TGTGCGCGAGATGAAACCTTTTTTAGTGGTCTTTTTTACTATGATGTTCTTGATATTTGG	38852
966	IGHV4-30-4*09	IGHJ4*01	IGHA1	TGTGCGAGAGGACTGTTTTACCATGAAAATAATACGTTTTACAGCTACTTTGACTCCTGG	49597
989	IGHV4-59*01	IGHJ4*02	IGHA1	TGTGCGAGAGGGCGTCTGAGAGGGTATAATAGTAGTTACTACGTCTACTGG	63312
1112	IGHV1-8*01	IGHJ6*02	IGHA1	TGTGCGACACGGCGATACAATTATGATAGTAGTGGTTACCAAGGCATGGACGTCTGG	15114
1297	IGHV6-1*01	IGHJ5*01	IGHA1	TGTGCAAGGGGACTTTGGTCAGAAGTTTTCGACTCCTGG	70615
1424	IGHV3-11*01	IGHJ4*02	IGHA1	TGTGCGAGACGGGCAATCCTAAAGTTACGGGCCGAGGACTACTGG	17800
1731	IGHV3-74*01	IGHJ5*02	IGHG1	TGTGCAAGAATCAGCTGTACTAATGGTGTATGCGGTGCCTGG	45499
1793	IGHV3-48*01	IGHJ6*02	IGHA1	TGTGCGGGACTCCGACAGATTACGACTCCTGCAGACGTCTGG	35251
1795	IGHV3-53*01	IGHJ4*02	IGHG1	TGTGCGAGAGAGCGTCTTGGCAGTGGCTGGTACTTTGACTACTGG	37395
1851	IGHV3-7*01	IGHJ4*02	IGHG1	TGTGCGTCAAACTCGGACTACCGTTTTGAATACTGG	39551
1953	IGHV3-7*01	IGHJ4*02	IGHD	TGTGCGAGAGATCCGGGGGACAGTGGACACGATTCTGACTACTGG	40333
2024	IGHV3-9*01	IGHJ6*02	IGHG3	TGTGCAAAAGATATTAGGGGAGCGACTAAACGCCGTGTGTGGGGCTTTGGTGACTACTACTACTACGGTATGGACGTCTGG	48878
675	IGHV3-21*07	IGHJ4*02	IGHA1	TGTACGAGAGAGGGTTATGATGCTAATGGAGATCTTGACTACTGG	21956
730	IGHV3-7*01	IGHJ3*01	IGHG1	TGTGCGAGACCCTCTTGGAGTAAATATTGGGATGATGCTTTTGATCTCTGG	38730
845	IGHV1-24*01	IGHJ4*02	IGHA1	TGTGCATCGGATGGCTACACCTATGGTTCCTTTGTCTACTGG	8037
1010	IGHV4-61*01	IGHJ6*02	IGHA1	TGTGCGAGGGATCAACGATATCTTGACCCCTATTACGGTTTGGACGTCTGG	65793
1104	IGHV1-2*07	IGHJ4*02	IGHA1	TGTGCGAGGCATTTACGGGTCATAAGTGCCTGGTACTTTGACTACTGG	5215
1121	IGHV1-2*02	IGHJ4*02	IGHA1	TGTGTGAGGGATCCCGTGGAGCTGCACCTAGACCTTGACTACTGG	4945
1454	IGHV3-21*01	IGHJ4*02	IGHA1	TGTGCGCGAGATTTTCCCCTCAATTGGGGGTTTGGACAATACTTCTTTGACTGGTGG	22592
1577	IGHV5-51*03	IGHJ4*02	IGHA1	TGTGCGAGAGTGTCGAAACATGCGAAATATTACTTCCAAAGTGGTGATTATAAGACGCCTGAAGAACATTGG	68566
1668	IGHV3-21*07	IGHJ4*02	IGHA1	TGTACGAGAGAGGGTTATGATGCTAATGGAGATCTTGACTACTGG	21956
1734	IGHV3-74*01	IGHJ6*02	IGHG1	TGTGCAAGAGTTCACTATGATTCGGGGACGAACGTCTGG	45766
1970	IGHV3-20*01	IGHJ2*01	IGHA1	TGTGTAAGAAATCTTCATCAGTACGGTGACCAACGTGACTGGTTCTTCGATCTCTGG	21216
1998	IGHV3-53*02	IGHJ3*02	IGHA1	TGTGCGAGAAATATGTGGGGGCCCGGAACTGATACTGACGCCTTTGAGATGTGG	36740
633	IGHV3-53*01	IGHJ4*02	IGHG1	TGTGCGAGAGAGCGTCTTGGCAGTGGCTGGTACTTTGACTACTGG	37395
731	IGHV3-7*01	IGHJ3*01	IGHG1	TGTGCGAGACCCTCTTGGAGTAAATATTGGGATGATGCTTTTGATCTCTGG	38730
945	IGHV1-46*01	IGHJ4*02	IGHG1	TGTGCGACGGGGTATAGCACCTCCTGGCCCCCCGGGTCCTTGGACTACTGG	9286
1018	IGHV4-4*07	IGHJ5*02	IGHA1	TGTGCGAGTTCAGGGCCAAACTTTAGCAATGGGCACTACGACGGTAACTGGTTCGCTCTCTGG	61338
1296	IGHV6-1*01	IGHJ5*02	IGHA1	TGTGGAAGAGATGGAACGAAGGGGACCGACCGCTGG	70594
1565	IGHV3-23*01	IGHJ4*02	IGHG1	TGTGCGAAAGATTTCAGGTATGGTGATTCCATCTACTGG	24556
1665	IGHV3-23*01	IGHJ4*02	IGHG1	TGTGCGAAAGCCGGGACTATTGGGACTTTCTACTACTTTGACCACTGG	25824
1685	IGHV3-23*01	IGHJ4*02	IGHM	TGTGCGAAAGATGAATTAGGATATTGTAATGGTAATAACTGCTTGCGGGGCTACTGG	27199
1703	IGHV3-9*04	IGHJ6*02	IGHA1	TGTGTCAAAGATATGTTTGACGGCGTCTCTTCGCGGGGGGGCATGGACGTCTGG	48461
1724	IGHV5-51*03	IGHJ6*02	IGHA1	TGTGTGAGACCTAACCGTATAACAGTGGCTGCCAAGAGGGTTCATAAATATTACGCTATGGACGTCTGG	69560
1726	IGHV5-51*03	IGHJ5*02	IGHG3	TGTGCGCGACTGGGCCGTATAGTAACTCGAACTCGCGGGAATTGGTTCGACCCCTGG	68892
1820	IGHV3-74*01	IGHJ4*02	IGHA1	TGTCCAAGATTTAAGGGAACCAGTTATGATTCCGGTGACTACTGG	44735
1875	IGHV3-74*01	IGHJ4*02	IGHA1	TGTGTAAGAGGGTCTCATAACAGTTATTCTGACCACGTCCTCTTTGACTATTGG	45263
1898	IGHV3-11*01	IGHJ6*02	IGHG1	TGTGCGAGCGGGAGTTGTAGTAGTGCCACCTGCGATCACTACTACGGTATGGACGTCTGG	18643
1983	IGHV3-9*01	IGHJ6*02	IGHA1	TGTGCAAAAGATAAGAGGGGAGACTACAATAACTACCGTTATAACTACTTCTACTATGGTATGGACGTCTGG	48789
691	IGHV4-39*01	IGHJ4*01	IGHG1	TGTGTGAGGCATCTCGGCTACCTTACCGTTTTAATTTGG	54407
757	IGHV4-39*01	IGHJ6*02	IGHG1	TGTGCGAGACATCACAGAACGGTGGCAGACGGACAATACTTCCACTTTGGTATGGACGTCTGG	59721
782	IGHV4-39*01	IGHJ4*02	IGHG1	TGTGCGCGATTGAATTCGGGCACGCCGTATTACGGTGACTACCCCGACCCCTTCTTTGACTACTGG	57713
843	IGHV1-18*04	IGHJ4*02	IGHG1	TGTGCGAGAGATCACTATAATTATGGGGTCTTTGACTATTGG	688
925	IGHV4-4*07	IGHJ4*02	IGHA1	TGCGCGAGAGGAAGTGACGGTGACTACTACTTTGACCACTGG	60447
931	IGHV1-8*02	IGHJ4*02	IGHA1	TGTGCGCGAGACAGAAAGGGCCTTGCATTCTGG	14216
956	IGHV1-69*01	IGHJ6*02	IGHG1	TGTGCGACAGATATGGGCGCCGACGGCAGGATTGCACTCCGGGGAGGTGCCACCCCCCAAAATGACTACCACTACTTCGGAATGGACGTCTGG	13989
1035	IGHV4-4*07	IGHJ5*02	IGHA1	TGTGCGAGTTCAGGGCCAAACTTTAGCAATGGGCACTACGACGGTAACTGGTTCGCTCTCTGG	61338
1073	IGHV1-69*01	IGHJ5*02	IGHG3	TGTGCGAGAGGTAGGGGGAATGAGATGATGAACGACTGGTTCGACCCCTGG	12514
1210	IGHV1-2*02	IGHJ3*01	IGHA1	TGTGTCAGAGGCAACAGTGAGACTTACTTCTTTCAACTTGATCTCTGG	3470
1481	IGHV4-30-4*09	IGHJ4*02	IGHA1	TGTGCGAGAAGCCCTCGCAGAGATTCATATAATTACATTGACTCTTGG	49377
1488	IGHV3-15*01	IGHJ6*02	IGHG1	TGCTCCACAGCGGACGATATTGTAGTAGTTCCACCTGATGCAAAATACTACTACTACGGCATGGACGTCTGG	21180
1533	IGHV3-21*01	IGHJ4*02	IGHA1	TGTGCGAGAGTTCGCAGCGGTAACTGGGGGTACTTTGACTACTGG	22054
1595	IGHV4-59*01	IGHJ6*02	IGHG1	TGTGCGAGAATGCCATCCTGGGAAGGGAAAGAAATTTCTTACTACTACTACAACGGCTTGGACGTCTGG	64665
1692	IGHV3-23*01	IGHJ4*02	IGHA1	TGTGCGAAGACCTATGGTTCGGGGAGTCCCCGCTTTGACTACTGG	25351
1697	IGHV3-23*01	IGHJ6*02	IGHA1	TGTGCGAAGACCCTTCCGGCTCTAAATACACGACAAAACTACTATCATGGCATGGACGTCTGG	28808
1736	IGHV3-74*01	IGHJ5*02	IGHG1	TGTGCAAGAATCAGCTGTACTAATGGTGTATGCGGTGCCTGG	45499
1819	IGHV3-74*01	IGHJ4*02	IGHA1	TGTGCAAGATTTAAGGGAACCAGTTATGATTCCGGTGACTACTGG	44735
1864	IGHV3-23*01	IGHJ4*02	IGHG1	TGTGCGAGAGATTTCGGACGCAATGAATATAATGCCGACTCCCCCCTTGACTACTGG	27314
1930	IGHV3-9*01	IGHJ4*02	IGHG1	TGTGGAAAGCCAGTTTCGGGTACTGGATTCTCCTATGGTTTTTACTCCTGG	47421
2048	IGHV3-9*01	IGHJ6*02	IGHA1	TGTGCAAAAGATACGATGTGTTGGGGAGACATGACCAGGACATGTGATAGTTACGGTATGGACGTCTGG	48761
616	IGHV3-11*01	IGHJ4*02	IGHA1	TGTGCGAGAGATGCCCTTGTGTTTACTTTTGACTATTGG	17609
631	IGHV3-9*01	IGHJ6*02	IGHG1	TGTGCAAGAGATATAAAGCGTTATGGTTCGGGGACATCCGCTATGGACGTCTGG	48458
639	IGHV1-18*04	IGHJ4*02	IGHA1	TGTGTGAGAGATCGGGGGCCGTATTGTACTAGGCCTAATTGCTACTCAAGGTATTTTGACTATTGG	1946
724	IGHV1-46*01	IGHJ4*02	IGHA1	TGTGCCAGAGGATTGTGGGTTCGAGACAGTGCCTACGCTTCCTTCTGG	9141
885	IGHV4-34*01	IGHJ5*02	IGHA1	TGTGCGAGACGTGTACGAAGGTGTAGTAATAGGTGCTATGTTTGGTTCGACCCCTGG	52103
935	IGHV1-46*02	IGHJ4*02	IGHG1	TGTGCGAGAGTACCCCGGACTACAATTACCGCAGGTGGGCCTGACTATTGG	9364
996	IGHV4-61*01	IGHJ4*02	IGHA1	TGTGTGAGAGCTCGATACAGCTATGGTCCCATTCACTACTGG	65074
1084	IGHV1-46*01	IGHJ4*02	IGHA1	TGTGTGAGGCCTCACTGTGATGGTGAGTGCTATGGCCCACGTTTTGACCACTGG	9407
1347	IGHV3-30*18	IGHJ2*01	IGHA1	TGCGCGAAAGATTCGGGGACATATTATGATTACGATTGGGGGAGCTATGACTGGTACGTCGATCTCTGG	29091
1563	IGHV5-51*01	IGHJ4*02	IGHG3	TGTGCGAGACGGGCGGATTACTATGACCAGACTGGTCGTTACCAAAGTCCCACGTTTGACTACTGG	68502
1604	IGHV3-23*01	IGHJ4*02	IGHA1	TGTGCGAAAGACGCCTCTGATATCAGTGGTCATTACTACCATTTTGATTACTGG	26778
1706	IGHV3-21*06	IGHJ5*01	IGHG1	TGTGCGAAAGATGGGGGGGAGTTCCTGCGACAAAACTGGTTCGACTCCTGG	22805
1719	IGHV5-51*01	IGHJ4*02	IGHG1	TGTGCGAGATTCAGCGGTAGTGGTGTCCTCTTTGAGTACTGG	67253
1921	IGHV3-74*03	IGHJ4*02	IGHG1	TGTACTAGAGACTATTATATCTTGTCAGCTGGTCTGCAATACTGG	44716
1975	IGHV3-23*01	IGHJ4*02	IGHA1	TGTGCGAAGGATCGAAAGGCTGGTGGTCAGTCACGTGGGGACTTTGACTTCTGG	26820
888	IGHV4-59*01	IGHJ6*02	IGHG1	TGTGCGAGAATGCCATCCTGGGAAGGGAAAGAAATTTCTTACTACTACTACAACGGCTTGGACGTCTGG	64665
965	IGHV4-59*01	IGHJ4*02	IGHA1	TGCGCGAGAGGGGGGGACTGGAGCCTGTCTAAATGG	62359
1174	IGHV3-30*03	IGHJ4*02	IGHG1	TGCGCGAGAGACCAATATGGAAGTGGTGGGGGGTGGGGTGACTTCTGG	29769
1199	IGHV3-30*03	IGHJ3*02	IGHA1	TGTGCGAGAGACACCGGGCGGGAGTGGGACCTACTCAAGTACTCTTTTGATATCTGG	29236
1341	IGHV6-1*01	IGHJ4*02	IGHG1	TGTGCAAGAAGCCTCCATTACTATGATAGTAGTGGTTATTACTACTTTGACTACTGG	70508
1375	IGHV4-61*08	IGHJ3*01	IGHA1	TGTGCGAGGGACGACCAGTGGGGTGATCCTTTTGATCTGTGG	64817
1420	IGHV1-46*01	IGHJ4*02	IGHA1	TGTGCGATCTTGACTGGGAGCCACTACCCTGCTAATCTTGACTACTGG	9241
1471	IGHV3-30*18	IGHJ6*02	IGHA1	TGTGCGAAGACCCGAGACGATTTTTGGAGTGGTTATGATTTCGATATGGACGTCTGG	31270
1581	IGHV3-74*01	IGHJ4*02	IGHA1	TGTGGAAGAGATCTGAGGACTATCTATGATAGTAGTGGTTATGACGTTGGCCACTGG	45311
1588	IGHV3-74*01	IGHJ4*02	IGHA1	TGTGGAAGAGATCTGAGGACTATCTATGATAGTAGTGGTTATGACGTTGGCCACTGG	45311
1865	IGHV3-23*01	IGHJ4*02	IGHG1	TGTGCGAGAGATTTCGGACGCAATGAATATAATGCCGACTCCCCCCTTGACTACTGG	27314
653	IGHV3-23*01	IGHJ6*02	IGHG1	TGTGCGAAGGGGGTTCCGGTAAGACTGGGAACTACTACGATTCCGCCCTCATACTACTTCTACGCTATGGACGTCTGG	28962
780	IGHV4-39*01	IGHJ4*02	IGHG1	TGTGCGCGATTGAATTCGGGCACGCCGTATTACGGTGACTACCCCGACCCCTTCTTTGACTACTGG	57713
814	IGHV4-39*01	IGHJ5*02	IGHG1	TGTGCGACATCGGAACGCTTTTTGGGGGACTTACCCCAAATCAACTGGTTCGACCCCTGG	58862
952	IGHV3-30*03	IGHJ4*02	IGHA1	TGTGCCCTCGGGAGGACCGATGACTACAGTAACTACCCTGACTACTGG	29738
1119	IGHV1-2*02	IGHJ4*02	IGHG1	TGTGCGAGAGATCGGTCCGAATATAGTGGTGGTCGTTTCTATCGAAAGAGGTTTGACTACTGG	6162
1139	IGHV1-2*02	IGHJ5*02	IGHG1	TGTGCGAGAGATGTTGTAGTGGTCATAGCTGCTACTCATGAACACTGGTTCGACCCCTGG	6905
1432	IGHV1-18*04	IGHJ4*02	IGHA1	TGTGCGAGAGATACATCCTATAACAATGGCTGGGGACTTGACTACTGG	1023
1439	IGHV1-18*04	IGHJ4*02	IGHA1	TGTGCCAGAGAGTTGATCGGAAGTACAGGGGGGGACCACTGG	652
1473	IGHV1-2*02	IGHJ3*01	IGHA1	TGTGCGAGAGAGCTCAGGGGAAATACCTACCTGGATTCTCTTGAGTTCTGG	3485
1596	IGHV5-51*01	IGHJ5*02	IGHA1	TGTGCGAGACAAAGCCTCAAGTATTGTACGAGTGGTGTATGTTATAATTGGTTCGGCCCCTGG	68946
1623	IGHV3-23*01	IGHJ4*02	IGHG1	TGTGCGAAGACACTGTGGCTGCGCTCTGTTAATGTCGCCTCTGACTACTGG	26550
1640	IGHV3-7*01	IGHJ5*02	IGHG1	TGTGTGAGAGGGTTTTGCAGTGGAACTTGCTTCTGGGGAACGGACTGGTTCGACCTCTGG	41598
1755	IGHV3-7*01	IGHJ6*02	IGHA1	TGTGCGAGAGTCTCCCTAGGTGACCAGTTGGCCGGCAATTATTACTACTACTATGGTATGGACGTCTGG	42016
1765	IGHV3-15*01	IGHJ6*02	IGHG1	TGCTCCACAGCGGACGATATTGTAGTAGTTCCACCTGATGCAAAATACTACTACTACGGCATGGACGTCTGG	21180
2013	IGHV3-9*01	IGHJ4*02	IGHG1	TGTGCAAAAGATCCCTATGATAGTAGTGGTTATTCCGCGTACTATTTTGACTACTGG	47739
2065	IGHV4-39*01	IGHJ5*02	IGHA1	TGTGCGAGACACTTGTCGAGCGGTAATCGTCCTTTGTACAACTGGCTCGACCCCTGG	58746
810	IGHV4-39*01	IGHJ5*02	IGHG1	TGTGCGACATCGGAACGCTTTTTGGGGGACTTACCCCAAATCAACTGGTTCGACCCCTGG	58862
856	IGHV3-33*01	IGHJ5*02	IGHA1	TGTACAAGAGACATCGATACTACTAGTCACTATGACCGGTTCGACCCCTGG	32789
1025	IGHV4-59*01	IGHJ4*01	IGHG1	TGTGCGAGAGGCCGGACAGGGGACGAGACAGAAGGGTATACCACTGGCTGGTACTACTTTGACTACTGG	63720
1248	IGHV3-11*01	IGHJ4*02	IGHA1	TGTGCGACAGATATTTCTGTGGACACATTTGACCAATGG	17606
1285	IGHV3-11*01	IGHJ4*02	IGHA1	TGTGCGAGAGATGCCCTTGTGTTTACTTTTGACTATTGG	17609
1342	IGHV1-8*02	IGHJ4*02	IGHA1	TGTGCGCGAGACAGAAAGGGCCTTGCATTCTGG	14216
1376	IGHV4-61*08	IGHJ3*01	IGHA1	TGTGCGAGGGACGACCAGTGGGGTGATCCTTTTGATCTGTGG	64817
1378	IGHV4-61*08	IGHJ3*01	IGHA1	TGTGCGAGGGACGACCAGTGGGGTGATCCTTTTGATCTGTGG	64817
1445	IGHV3-21*01	IGHJ4*02	IGHA1	TGTACGAGAGAGGGTTCTGATGCTAATGGAGATCTTCAGTACTGG	21956
1553	IGHV3-7*03	IGHJ4*02	IGHA1	TGTGGGAGAGATCTGCCCGGAGATGGGATCCCCGAAGACGACTGG	40461
1593	IGHV3-21*02	IGHJ6*02	IGHG1	TGTGCGCGAGATTTCCACCAGGCAATTGGAGTGGTTAAGCGAGAGACGAATGACTATCACTCCTACTACAACGGTATGGACGTCTGG	23403
1688	IGHV3-23*01	IGHJ5*01	IGHG1	TGTGCGAGAGCAGGGGGTGGGAGCTACTACGGGGCAGAGTGGTTCGACTCCTGG	28210
1737	IGHV1-69*17	IGHJ6*02	IGHA1	TGTGCGAGAGATGACCCACTAACCTATTATGCTGGGTCGGAGCTCCATGACGGCAACTACTACGGAATGGACGTCTGG	13895
1738	IGHV3-15*01	IGHJ4*02	IGHG1	TGTGCCACATGGTCCCCTCTACAATGGAATTCGGGGACTGGTTGG	20183
1739	IGHV3-7*01	IGHJ6*02	IGHA1	TGTGCGAGAGTCTCCCTAGGTGACCAGCTGGCCGGCAATTATTACTACTACTATGGTATGGACGTCTGG	42016
1834	IGHV3-53*02	IGHJ3*02	IGHA1	TGTGCGAGAGAATTGGTTCGGGGCGATAGTGATGCTTTTGATATCTGG	36669
1837	IGHV3-53*02	IGHJ4*02	IGHA1	TGTACGAGAGATCTGCTTGGTTCGGGGGTTTTTGGTGACTTTGACTACTGG	37620
1840	IGHV3-53*02	IGHJ2*01	IGHA1	TGTGCGAGGGAAGCCCTGCCTGCTACGGTGACGAAGGACTGGTACTTCGATCTCTGG	36559
1852	IGHV3-7*01	IGHJ4*02	IGHG1	TGTGCGTCAAACTCGGACTACCGTTTTGAATACTGG	39551
2046	IGHV4-59*01	IGHJ4*02	IGHG3	TGTGCGAGAGATCGCGGTGGGAGCTACGGAAAGAATCTTGAGTCGTGG	63084
655	IGHV4-61*01	IGHJ5*02	IGHG1	TGCGCGAGAAATAGATTGCGCTTTCCGGCCCCGGCCACGTTCGACCCCTGG	65634
688	IGHV3-23*01	IGHJ4*02	IGHA1	TGTGCGAAAGTCCACGATTACTATTATAGAAGTGGTTTTTACTATCCGGACTACTGG	27266
704	IGHV3-23*04	IGHJ3*02	IGHG3	TGTGCTAAAGGTCGTGGATTCAGGTTTATAGGGAGTGTACTTGAAATGTGG	23909
816	IGHV3-7*01	IGHJ3*01	IGHG1	TGTGCGAGCGTAGGATTTTTTTCTAGTATCAGGTTTGGTCTGATATTGGATGCTTTTGATTTCTGG	38897
818	IGHV4-39*01	IGHJ4*02	IGHG1	TGTTCGAGACCCTATGGGGGGGGCTACTGG	54122
1053	IGHV4-4*07	IGHJ4*02	IGHA1	TGTGCGCGAGGGAATGATTATTACATTAGTGAAGACTATTACTTTGACATCTGG	60909
1462	IGHV3-23*01	IGHJ4*02	IGHA1	TGTGCGAAGAGGGGCGTCAGTACCTCCGATTTCTACTTTGATCACTGG	25986
1492	IGHV3-74*01	IGHJ1*01	IGHA1	TGTGCAAGAGCGTTTAGCAGCATCTGGAAGATGCCTGGGTACTGG	43446
1543	IGHV3-72*01	IGHJ4*02	IGHA1	TGTGCTGACGTGGGAATGACTTCCGTTGCGGTCTGG	42282
1547	IGHV3-74*01	IGHJ5*02	IGHG1	TGTGCAAGAGAACAAATGCAACTGGGACCTACGACTGTGGACCTCTGG	45560
1578	IGHV5-51*03	IGHJ4*02	IGHA1	TGTGCGAGAGTGTCGAAACATGCGAAATATTACTTCCAAAGTGGTGATTATAAGACGCCTGAAGAACATTGG	68566
2032	IGHV3-9*01	IGHJ6*02	IGHA1	TGTGTAAAAGAAAAGGCCGGTCCAAGGTGGCATGATTATGTAGTAGTTCCAGCTGGTGTGTTCGGCCTTTACGGTATGGAAGTCTGG	48890
628	IGHV3-74*01	IGHJ3*02	IGHA1	TGTGCAAGTGGCAACCCGGCGGCCGGATATGCTTTTGATATCTGG	43638
663	IGHV3-72*01	IGHJ6*02	IGHA1	TGTGCTAGAGCCGGGTATTTGCACGGTTGGGACGTCTGG	42743
809	IGHV4-39*01	IGHJ5*02	IGHA1	TGTGCGAGACATGAGACGATTTTCGAGGCGTCAGCTGCTTGGGGTTTCGACCCCTGG	58777
879	IGHV1-46*02	IGHJ4*02	IGHA1	TGTGCGCGAGATGGAGTGGCCACCATCGTTCCCTTTGACTACTGG	9119
880	IGHV1-46*01	IGHJ5*02	IGHA1	TGTGCAAAAACGGCCGCGGAAAGTCCTTGTGGCGATGACTGCTTTTCGCTTCAGTCCTGG	9862
953	IGHV1-69*01	IGHJ6*02	IGHG1	TGTGCGACAGATATGGGCGCCGACGGCAGGATTGTACTCCGGGGAGGTGCCACCCCCCAAAATGACTACCACTACTTCGGAATGGACGTCTGG	13989
991	IGHV4-4*07	IGHJ4*02	IGHA1	TGTGCGAGAGGATATGGGGCTGCTACTCGTGAGGCTTTGGACTACTGG	60682
998	IGHV4-59*12	IGHJ4*02	IGHG1	TGTGCGAGAACGCCGCGCCGCAGAGATGGCTACCAACACTTTGACTATTGG	63235
1013	IGHV4-4*07	IGHJ4*01	IGHG1	TGTGCGAGAGAGAGCGCCCCTTTAGACTATGATGATAGTGGTTCCCACGGACCTTTTGACCAGTGG	61034
1033	IGHV4-4*07	IGHJ5*02	IGHA1	TGTGCGAGTTCAGGGCCAAACTTTAGCAATGGGCACTACGACGGTAACTGGTTCGCTCTCTGG	61338
1074	IGHV1-69*01	IGHJ5*02	IGHG3	TGTGCGAGAGGTAGGGGGAATGAGATGATGAACGACTGGTTCGACCCCTGG	12514
1201	IGHV3-30*03	IGHJ4*02	IGHG1	TGCGCGAGAGACCAATATGGAAGTGGTGGGGGGTGGGGTGACTTCTGG	29769
1459	IGHV3-72*01	IGHJ6*02	IGHA1	TGTGCTAGAGCCGGGTATTTGCACGGTTGGGACGTCTGG	42743
1466	IGHV3-20*04	IGHJ6*02	IGHA1	TGTGCGAGAGGCTACAGTTCCCACTACTACGACTTCGGTGTGGACGTCTGG	21349
1468	IGHV3-15*01	IGHJ3*01	IGHG1	TGTTTCGAACTACTCTGG	19136
1480	IGHV4-30-4*09	IGHJ6*02	IGHA1	TGTGCGAGAGATTCGGGCGGTGGCTGGTACTTCTACGGTATGGACGTCTGG	49902
1541	IGHV3-72*01	IGHJ4*02	IGHA1	TGTGCCAGAGTAGAGTGTAGTGGTAGCAGCTGCCATTTGAACTGCTGG	42521
1579	IGHV5-51*03	IGHJ4*02	IGHA1	TGTGCGAGAGTGTCGAAACATGCGAAATATTACTTCCAAAGTGGTGATTATAAGACGCCTGAAGAACATTGG	68566
1727	IGHV5-51*01	IGHJ4*02	IGHA1	TGTGCGAGACAAGGTGGTACCCTCACTTTTGACTACTGG	66922
1752	IGHV3-7*01	IGHJ3*01	IGHG1	TGTGCGAGCGTAGGATTTTTTTCTAGTATCAGGTTTGGTCTGATATTGGATGCTTTTGATTTCTGG	38897
1753	IGHV3-7*01	IGHJ3*01	IGHG1	TGTGCGAGCGTAGGATTTTTTTCTAGTATCAGGTTTGGTCTGATATTGGATGCCTTTGATTTCTGG	38897
1798	IGHV3-53*01	IGHJ4*02	IGHG1	TGTGCGAGAGAGCGTCTTGGCAGTGGCTGGTACTTTGACTACTGG	37395
1892	IGHV3-20*03	IGHJ4*01	IGHA1	TGTGCGAGACAAGTGGGGGCTTCAACGTACTACTTTGACTTCTGG	21269
1928	IGHV3-9*01	IGHJ4*02	IGHG1	TGTGGAAAGCCAGTTTCGGGTACTGGATTCTCCTATGGTTTTGACTCCTGG	47421
1971	IGHV3-53*02	IGHJ6*02	IGHG1	TGTGCGAGAGGTCTTGCGGACTACAGTAACCCCCGCAACTACTACTACTACGCTATGGACGTCTGG	38270
2004	IGHV3-9*01	IGHJ6*02	IGHG1	TGTGCAAGAGATATAAAGCGTTATGGTTCGGGGACATCCGCTATGGACGTCTGG	48458
2045	IGHV4-39*01	IGHJ4*02	IGHG1	TGTGCGGGCAGTGGATACAAATATGCTTACCCCCCATTTGACTACTGG	56173
656	IGHV4-4*07	IGHJ4*02	IGHA1	TGTGCGAGAGGATATGGGGCTGCTACTCGTGAGGCTTTGGACTACTGG	60682
712	IGHV4-34*01	IGHJ3*01	IGHA1	TGTGCGCGAGGCTGGCGATATTGTATTAGGCCCAGCTGCAGACTTGCTTATGATCTCTGG	50404
713	IGHV1-69*01	IGHJ6*02	IGHG1	TGTGCGAGAGACGGGGCCGACCACTTCTACCCAATGGACGTCTGG	12890
807	IGHV4-39*08	IGHJ5*02	IGHA1	TGTGCGAGACATGAGACGATTTTCGAGGCGTCAGCTGCTTGGGGTTTCGACCCCTGG	58777
865	IGHV3-33*01	IGHJ4*02	IGHA1	TGTGTGAGACATAATCACCAACTGAATTATGATTATTGG	32076
1152	IGHV3-11*01	IGHJ5*02	IGHG1	TGTGCGAGACGGGTGGATGGTTCGGGACCGACGTTCGACCCCTGG	18326
1262	IGHV1-2*02	IGHJ5*02	IGHA1	TGTGCGCGAGACGGTGAGGCAGTGCCTAGAAGTAGTCGAGAGGGGGAAAACTGGTTCGACCCCTGG	7008
1339	IGHV6-1*01	IGHJ4*02	IGHG1	TGTGCAAGAAGCCTCCATTACTATGATAGTAGTGGTTATTACTACTTTGACTACTGG	70508
1458	IGHV3-7*01	IGHJ5*02	IGHA1	TGTGCGAGAGATAAGCCAGGTGGGAGCTACGACCATTGG	41376
1497	IGHV3-11*01	IGHJ4*02	IGHA1	TGCGCGAGAAATGACGTCGTTTTCGCCTTTGACTTCTGG	17609
1659	IGHV3-48*02	IGHJ6*02	IGHA1	TGTGTGAGAGATTGCGGGTCCTCGGCGGAGGCTGGTTACGGTATGGACGTCTGG	35358
1679	IGHV3-23*01	IGHJ4*02	IGHG1	TGTGCGAAAGCCGGGACTATTGGGACTTTCTACTACTTTGACCACTGG	25824
1694	IGHV3-23*01	IGHJ4*02	IGHA1	TGTGCGAAAGATGACGGATATGATTACTCTTGGGGGACTTATTGTTCCGACTGG	26777
1705	IGHV4-59*01	IGHJ4*02	IGHA1	TGTGCGAGAACGAGGGCCCAGTTTGAGTACTGC	62253
1870	IGHV3-11*06	IGHJ4*02	IGHM	TGTGCGAGAGGCCCGACCTATGGTTCGAGAGTTGACTACTTTGACTCCTGG	18052
1912	IGHV3-53*02	IGHJ4*02	IGHG1	TGTGTGAAAGAAAAGGATGGGACGGGGAGGTATGGGGAGTTTGAACATTGG	37714
1978	IGHV3-49*05	IGHJ4*02	IGHA1	TGTGCACTGTTCCATAGCACTGGCTGGTACAGACACTACTTTGACTACTGG	36096
2068	IGHV3-23*01	IGHJ5*01	IGHG1	TGTGCGAGAGCAGGGGGTGGGAGCTACTACGGGGCGGAGTGGTTCGACTCCTGG	28210
718	IGHV1-69*01	IGHJ6*02	IGHG1	TGTGCGAGAGGCGGGGCCGACCACTTCTACCCAATGGACGTCTGG	12890
750	IGHV4-39*01	IGHJ5*02	IGHG3	TGCGCGAGACATATTTACGATATTTGGAGTGGTTATCCTTCTGACAATTGGTTCGACGCCTGG	59022
812	IGHV4-39*01	IGHJ5*02	IGHG1	TGTGCGACATCGGAACGCTTTTTGGGGGACTTACCCCAAATCAACTGGTTCGACCCCTGG	58862
936	IGHV1-46*01	IGHJ6*02	IGHG3	TGTTCGAGAGAGTTTGTGGCAGCATCTGCTACGCGGGACGTCGACTTAGACTTCTTCGCTTTGGACGTCTGG	10194
1338	IGHV6-1*01	IGHJ4*02	IGHG1	TGTGCAAGAAGCCTCCATTACTATGATAGTAGTGGTTATTACTACTTTGACTACTGG	70508
1374	IGHV4-61*08	IGHJ3*01	IGHA1	TGTGCGAGGGACGACCAGTGGGGTGATCCTTTTGATCTGTGG	64817
1561	IGHV1-18*04	IGHJ4*02	IGHA1	TGTGCGAGAGATTTGGTTCGTGGATTTTGTAACTTCTGG	581
1686	IGHV3-23*01	IGHJ4*02	IGHG1	TGTGCGAAAGCCGGGACTATTGGGACTTTCTACTACTTTGACCACTGG	25824
1799	IGHV3-53*01	IGHJ4*02	IGHG1	TGTGCGAGAGAGCGTCTTGGCAGTGGCTGGTACCTTGACTACTGG	37395
1843	IGHV3-15*01	IGHJ6*02	IGHG1	TGCTCCACAGCGGACGATATTGTAGTAGTTCCACCTGATGCAAAATACTACTACTACGGCATGGACGTCTGG	21180
1972	IGHV3-53*02	IGHJ6*02	IGHG1	TGTGCGAGAGGTCTTGCGGACTACAGTAACCCCCGCAACTACTACTACTACGCTATGGACGTCTGG	38270
2026	IGHV3-9*01	IGHJ4*02	IGHG1	TGTGCAAAAGGCCTCTGGGTTCGTAGTGGTGACCCGCCTGACTACTGG	47130
687	IGHV1-46*01	IGHJ5*02	IGHA1	TGTGCGAGAGATCCAAGCGTCGGTATTACTATGATGTCGGGGGACAACTGGTTCGACCCCTGG	9887
912	IGHV1-2*02	IGHJ6*02	IGHA1	TGTGCGAGAGATCCAAGGGCCCCCGTCCGCCCGGGGCTCTATTACTACTATGGTTTGGACGTCTGG	7667
1125	IGHV1-46*01	IGHJ2*01	IGHA1	TGTGCGCGAGATAGGGGGCCCCTGGGTTTGTTGATACCGGAGTACTGGTACTTCGATCTCTGG	8501
1175	IGHV3-30*03	IGHJ4*02	IGHG1	TGCGCGAGAGACCAATATGGAAGTGGTGGGGGGTGGGGTGACTTCTGG	29769
1195	IGHV3-30*03	IGHJ4*02	IGHA1	TGTGCCGTCGGGACGACCGATGACTACAGTAACTACCCTGACTACTGG	29738
1333	IGHV1-69*01	IGHJ2*01	IGHG3	TGTGCGAGGGCGGGGGTGTTTTGTGGTGGTGACTGCCTACTCGATCTCTGG	10519
1345	IGHV3-30*18	IGHJ2*01	IGHA1	TGCGCGAAAGATTCGGGGACATATTATGATTACGATTGGGGGAGCTATGACTGGTACGTCGATCTCTGG	29091
1461	IGHV3-30*18	IGHJ4*02	IGHG1	TGTGCGAAGGATAGTACCCCTCGGGGATGTTGTGGTGGAAACAAGGAGTACTGG	30360
1503	IGHV6-1*01	IGHJ5*01	IGHA1	TGTGCAAGGGGACTTTGGTCAGAAGGTTTCGACTCCTGG	70615
1527	IGHV4-39*01	IGHJ5*01	IGHA1	TGTGCGAGACACTCCTCGGCGTCGGAGTATTTTGATTTTTGGAGTGGTTTTTGGTCAGCCTGGTTCGACTCCTGG	59257
1568	IGHV3-13*01	IGHJ6*02	IGHG3	TGTGCAAGAGTGGGGTTCCGTAACTACTTAGGGCTTCTCTACTACTACGGTGTGGACGTCTGG	19043
1576	IGHV3-74*01	IGHJ5*02	IGHA1	TGTGCAAGAGCAAGTGGATACAACTATGGTTACTGGGAGGCCTGG	45527
1658	IGHV3-74*01	IGHJ4*02	IGHA1	TGTATAAGTCTTAGTCCCCCACGGGCGTGG	43897
1714	IGHV5-51*01	IGHJ2*01	IGHG1	TGTGCGAGAGGGAAAACCTACTGGTACTTCGATCTCTGG	66039
2006	IGHV3-9*01	IGHJ6*02	IGHG1	TGTGCAAGAGATATAAAGCGTTATGGTTCGGGGACATCCGCTATGGACGTCTGG	48458
2042	IGHV3-7*01	IGHJ4*02	IGHA1	TGTGCGAGAGATGGGCCCTATTGTAATGGTGGTATCTGCTACGGACGTCTCTACTGG	41059
2051	IGHV3-7*01	IGHJ5*02	IGHA1	TGTGTGAAAATGGGTATACTACTACCAGCTGCTTTTAACTGGTTCGACCCCTGG	41563
636	IGHV6-1*01	IGHJ5*01	IGHA1	TGTGCAAGGGGACTTTGGTCAGAAGGTTTCGACTCCTGG	70615
671	IGHV3-11*01	IGHJ4*02	IGHA1	TGCGCGAGAAATGACGTCGTTTTCGCCTTTGACTTCTGG	17609
803	IGHV4-39*01	IGHJ3*02	IGHA1	TGTGCGGCAACTAGACCGACCTGGTATAGTGGGTACTTGGGGGCCCATGACGGTTTTGAGATCTGG	54032
999	IGHV4-59*12	IGHJ4*02	IGHG1	TGTGCGAGAACGCCGTGCCGCAGAGATGGCTACCAACACTTTGACTATTGG	63235
1005	IGHV4-4*07	IGHJ4*02	IGHA1	TGTGCGAGAGGGGCGGACTCTAGTGGGAAGTACGAGGATTACTACTTTGACTCCTGG	60943
1205	IGHV1-69*01	IGHJ2*01	IGHA1	TGTGCGAAACGGAGTATAATGTCTCGCCCCAGTAGGGCCGCTGAGTGGTATTTCGATCTCTGG	10551
1227	IGHV4-34*02	IGHJ5*02	IGHA1	TGTGCGAGACGCGGAAATCCTTCGGGAAGTTATTCTAGGACGGGATTCGACCGCTGG	52099
1419	IGHV1-69*01	IGHJ6*02	IGHA1	TGCGCGAGATTTTGTAGTGGTAATACTTGCTATTCCGGTGGGGGTGGAGCCCTACACTTCTACTACGCTATGGACGTCTGG	13953
1441	IGHV3-11*01	IGHJ6*02	IGHA1	TGTGCGGTTGTGCCTCCTGCCATTAAGGAGTTTTACTATAACTACGGTATGGACGTCTGG	18648
1453	IGHV3-23*01	IGHJ4*02	IGHA1	TGTGCGAAGAGGGGCGTCAGTACCTCCGATTTCTACTTTGATCACTGG	25986
1474	IGHV3-48*02	IGHJ1*01	IGHG1	TGTGCGAGAGATCGACAAGTGGATATACCTATGGTCAAACCTGAGCACTGG	33369
1476	IGHV3-23*01	IGHJ4*02	IGHG1	TGTGCGAAAGATCGTGATATTATAGTGGCGACTGCTCATGGGCTGGACTCCTGG	26836
1516	IGHV3-21*01	IGHJ4*02	IGHG1	TGTTCGAGAGATAGGCCTCGGGATAGTGCCTATTGGTCTGTAAGTGACTACTGG	22523
1520	IGHV5-51*01	IGHJ3*01	IGHG1	TGTGCGAGACTGTTTACTAGGTCGTATAGCAGCAGACAAGATGCTTTTGATGTGTGG	66589
1530	IGHV3-74*01	IGHJ3*01	IGHA1	TGTGCCCGAGACCCTGACATGACTACGGGCGATGGTTTTGATGTCTGG	43677
1594	IGHV3-21*02	IGHJ6*02	IGHG1	TGTGCGCGAGATTTCCACCAGGCAATTGGAGTGGTTAAGCGAGAGACGAATGACTATCACTCCTACTACAACGGTATGGACGTCTGG	23403
1677	IGHV3-23*05	IGHJ5*02	IGHG1	TGTGCGAAAGATCATCCCAGCAGTGGCTGGCCCGCTTTCGAGACCTGG	28019
1866	IGHV3-23*01	IGHJ4*02	IGHG1	TGTGCGAGAGATTTCGGACGCAATGAATATAATGCCGACTCCCCCCTTGACTACTGG	27314
1931	IGHV1-46*01	IGHJ4*02	IGHA1	TGTGCGAGGATCCAACCCAGAGGGATCCGTGGATACTCCTATGGTTACCCTGACTATTGG	9603
1933	IGHV3-13*01	IGHJ6*02	IGHG3	TGTGCAAGAGTGGGGTTCCGTAACTACTTAGGGCTTCTCTACTACTACGGTGTGGACGTCTGG	19043
2044	IGHV4-39*01	IGHJ4*02	IGHG1	TGTGCGAGACCCTATGGGGGGGGCTACTGG	54122
2057	IGHV3-74*01	IGHJ3*01	IGHA1	TGTGCCCGAGACCCTGACATGACTACGGGCGATGGTTTTGATGTCTGG	43677
747	IGHV4-39*01	IGHJ5*02	IGHG3	TGCGCGAGACATATTTACGATATTTGGAGTGGTTATCCTTCTGACAATTGGTTCGACGCCTGG	59022
762	IGHV4-39*08	IGHJ4*02	IGHA1	TGTGTGAGACATTCAGTTGGAACAATGATGGATTACTGG	54770
779	IGHV4-39*01	IGHJ5*02	IGHA1	TGTGCGAGACGTATTAAGACTACGGTGACACACCATAACCCAAGAAGGTACAACTGGTTCGACCCCTGG	59209
1044	IGHV4-4*07	IGHJ4*01	IGHG1	TGTGCGAGAGAGAGCGCCCCTTTAGACTATGATGATAGTGGTTCCCACGGACCTTTTGACCAGTGG	61034
1233	IGHV1-69*01	IGHJ6*02	IGHG1	TGTGCGAGAACGACCCACTTTTTCTATGATAGAGGGACGAATACGATTGACTACTACCACGCTATGGACGTCTGG	13815
1377	IGHV4-61*08	IGHJ3*01	IGHA1	TGTGCGAGGGACGACCAGTGGGGTGATCCTTTTGATCTGTGG	64817
1475	IGHV3-33*01	IGHJ4*02	IGHA1	TGTGCGAGGGGAGGAGCAGGGCTTGACAACTGG	31935
1489	IGHV3-15*01	IGHJ4*02	IGHG1	TGTGCCACATGGTCCCCTCTACAATGGAATTCGGGGACTGGTTGG	20183
1507	IGHV3-48*02	IGHJ6*02	IGHA1	TGTGTGAGAGATTGCGGGTCCTCGGCGGAGGCTGGTTACGGTATGGACGTCTGG	35358
1567	IGHV3-13*01	IGHJ6*02	IGHG3	TGTGCAAGAGTGGGGTTCCGTAACTACTTAGGGCTTCTCTACTACTACGGTGTGGACGTCTGG	19043
1902	IGHV3-74*01	IGHJ4*02	IGHG1	TGTGCAAGAGACAATTGGTTGACCTACTGG	43910
1982	IGHV4-39*01	IGHJ2*01	IGHA1	TGTGCGAGACATGAAAAGAAGGACCACCATGATAGTAGTGGCACCCCCCTAAAGTGGCACTTCGATCTCTGG	53401
2010	IGHV3-9*01	IGHJ4*02	IGHE	TGTGTGAAAGACGGGGGATACAGCTATGAGCGGTCGCGCTTTGACTATTGG	47491
2039	IGHV3-21*01	IGHJ4*02	IGHA1	TGTGCGAGAGGGGGTGTTACTACTAGGTGCTATGACTACTGG	21916
652	IGHV3-23*01	IGHJ3*02	IGHA1	TGTGCGAAAGGCTCCGGGGAGGCCCATGATGCTTTTGATATCTGG	23747
793	IGHV4-39*01	IGHJ4*02	IGHM	TGTGCGAGACATTATAAATTTCTCAATATAGTGGCTACGATGGGCCCCTTTGACAACTGG	57331
805	IGHV4-39*01	IGHJ4*02	IGHG1	TGTGCGGGCAGTGGATACAAATATGCTTACCCCCCATTTGACTACTGG	56173
811	IGHV4-39*01	IGHJ5*02	IGHG1	TGTGCTACATCGGAACGCTTTTTGGGGGACTTACCCCAAATCAACTGGTTCGACCCCTGG	58862
927	IGHV1-46*01	IGHJ6*02	IGHA1	TGTGCGAGAGATCTTTTGCGAATGAAGAGAGATTTGGACTTCATTAGCTTCTACGGTATGGACGTCTGG	10176
1235	IGHV3-30*03	IGHJ4*02	IGHA1	TGTGCCCTCGGGAGGACCGATGACTACAGTAACTACCCTGACTACTGG	29738
1252	IGHV3-11*01	IGHJ4*02	IGHA1	TGTGCGACAGATATTTCTGTGGACACATTTGACCAATGG	17606
1298	IGHV6-1*01	IGHJ5*01	IGHA1	TGTGCAAGGGGACTTTGGTCAGAAGGTTTCGACTCCTGG	70615
1307	IGHV6-1*01	IGHJ5*01	IGHA1	TGTGCAAGGGGACTTTGGTCAGAAGGTTTCGACTCCTGG	70615
1332	IGHV1-2*02	IGHJ5*02	IGHG3	TGTGCGCGATATCGCTATGACTACAACTACGACAGAAACAACTGGTTCGACCCCTGG	6866
1417	IGHV4-59*01	IGHJ5*01	IGHA1	TGTGCGAGAGTCTCCCCTGAATATAGCAGCTCGTCCAAATGGTTCGACTCCTGG	64075
1447	IGHV3-72*01	IGHJ4*02	IGHA1	TGTGCTAAAACCAGTGACTGGCCCGCACCCATTGACTTCTGG	42401
1509	IGHV4-4*07	IGHJ3*01	IGHA1	TGTGCGAGAGTGGTGGTTACTGCTACTCGTGGTGTTTTTGATCTTTGG	60121
1511	IGHV3-74*01	IGHJ5*02	IGHG1	TGTGCAAGAGAACAAATGCAACTGGGACCTACGACTGTGGACCTCTGG	45560
1630	IGHV1-2*02	IGHJ3*01	IGHM	TGTGCGAGGGAAATGGGGGTCATGGCTTTTACTGTCTGG	3333
1633	IGHV5-51*01	IGHJ4*02	IGHG3	TGTGCGAGATTGAGTGGGAGCTACTACTACCTTGACTACTGG	67254
1713	IGHV5-51*01	IGHJ4*02	IGHA1	TGTGCAACTGGGAGGTCTTACTGGTATTTTCAGTACTGG	66891
1789	IGHV3-15*01	IGHJ6*02	IGHG1	TGCTCCACAGCGGACGATATTGTAGTAGTTCCACCTGATGCAAAATACTACTACTACGGCATGGACGTCTGG	21180
2050	IGHV1-2*02	IGHJ4*02	IGHA1	TGTGTGAGGGATCCCGTGGAGCTGCACCTAGACCTTGACTACTGG	4945
2067	IGHV1-46*01	IGHJ6*02	IGHG3	TGTTCGAGAGAGTTTGTGGCAGCATCTGCTACGCGGGACGTCGACTTAGACTTCTTCGCTTTGGACGTCTGG	10194
648	IGHV1-8*01	IGHJ4*02	IGHA1	TGTTCGAGAGCGGGTCTCATGGCTGCCTTGGGGGACTTCTGG	14378
659	IGHV4-30-4*09	IGHJ4*02	IGHA1	TGTACGAGAGACTCGATTTCAGTGGGAGCTAGACCCGTTTGG	49223
670	IGHV3-23*01	IGHJ4*02	IGHG1	TGTGCGAAAGATTGGAAATCGGGGTCAACAAAGTGTGGTGGTGACTGCCTCGACAACTGG	27451
679	IGHV4-4*07	IGHJ6*02	IGHA1	TGTGCGAAGGGAGGGGAGTTAGTGGCTGGTAATCACTTCTACGCAATGGACCTGTGG	61543
683	IGHV3-11*01	IGHJ4*02	IGHA1	TGTGCGAGAGATGCCGTTATGTTTACTTTTGACTACTGG	17609
693	IGHV1-46*01	IGHJ4*02	IGHA1	TGTGCCAGAGGATTGTGGGTTCGAGACAGTGCCTACGCTTCCTTCTGG	9141
707	IGHV4-39*01	IGHJ4*02	IGHA1	TGTGCGAGACATAAGTGGTTGGGTGTTTCGATTTTTGGAGGGCCGTTTGCCTCCTGG	57029
709	IGHV4-59*01	IGHJ4*02	IGHM	TGTGCGAGAGAGCTGCCAGCAGCTGGTCACTTTGACTCTTGG	62617
729	IGHV3-7*01	IGHJ5*02	IGHA1	TGTGCGAGAGATAAGCCAGGTGGGAGCTACGACCATTGG	41376
744	IGHV3-53*01	IGHJ1*01	IGHA1	TGTGCGAGAGATCAAGACGGCAACAAGGGATACTTCCACCACTGG	36499
751	IGHV4-39*01	IGHJ5*02	IGHG3	TGCGCGAGACATATTTACGATATTTGGAGTGGTTATCCTTCTGACAATTGGTTCGACGCCTGG	59022
768	IGHV4-39*08	IGHJ6*02	IGHA1	TGTGCTCGCTACTACTTCTTCGCTATCGACGTCTGG	59309
776	IGHV4-39*02	IGHJ5*02	IGHA1	TGTGCGAGACGGGAAGCATGGCTACAACACCTCGACCAGTGG	58049
790	IGHV4-39*01	IGHJ4*02	IGHA1	TGTGCGAGACAAGGCCGGGGTTACAATGACCTGGACTACTGG	54871
800	IGHV4-39*01	IGHJ4*02	IGHA1	TGTGCGAGACAGGGGTCGGATTTTGCTGTGGTGGCTGCTGAAGTTGACTCCTGG	56700
909	IGHV4-61*01	IGHJ5*02	IGHA1	TGTGCGAGAGGGGTAGCCCCCATATTCAACAATAACTGGTTCGACCCCTGG	65641
1056	IGHV4-4*07	IGHJ6*02	IGHA1	TGTGCGAAGGGAGGGGAGTTAGTGGCTGGTAATCACTTCTACGCAATGGAACTGTGG	61543
1141	IGHV3-33*01	IGHJ6*02	IGHA1	TGTGCGAGAAACCTGTATAGTCTTTTGACCACGGGCCCATCGTCCTTCTACTACCAAGGAATGGACGTCTGG	33131
1256	IGHV4-4*07	IGHJ4*02	IGHG1	TGTGCGAGAGAGCATAACCCCATAGCCTTCTACTTTGACCTCTGG	60531
1293	IGHV4-34*01	IGHJ4*02	IGHA1	TGTGCGAGATTGAAAGACTTTTGGAGTGGTTTCTCTAATAAGGCCCGCTTTGACTACTGG	51573
1316	IGHV6-1*01	IGHJ5*02	IGHA1	TGTGCCAGAGATCGGGCTCTTACTCCCGGAATGGCAATTGCTACAGACAACTGGTTCGACCCCTGG	70741
1498	IGHV3-11*01	IGHJ4*02	IGHA1	TGTGCGAGAGATGCCCTTGTGTTTACTTTTGACTATTGG	17609
1506	IGHV3-48*02	IGHJ4*02	IGHA1	TGTGCGACACTGCAGACTACGGGGGGTCGTCGTTTTGAGTCCTGG	34207
1522	IGHV3-15*01	IGHJ1*01	IGHA1	TGTGCCACACTGCGCTTTCAAGTGAATGGGCGACACTTCCACCGCTGG	19090
1635	IGHV5-51*01	IGHJ4*02	IGHG3	TGTGCGAGATTGAGTGGGAGCTACTACTACCTTGACTACTGG	67254
1652	IGHV3-74*01	IGHJ4*02	IGHA1	TGTGCAAGAGATGGAGTGGGAGCCATTGACTTGGACTACTGG	44561
1725	IGHV5-51*03	IGHJ5*02	IGHG3	TGTGCGCGACTGGGCCGTATAGTAACTCGAACTCGCGGGAATTGGTTCGACCCCTGG	68892
1817	IGHV3-74*01	IGHJ5*02	IGHG1	TGTGTAAAAGATTACTGGGGACCCGGATCCTGG	45422
1913	IGHV3-53*02	IGHJ4*02	IGHG1	TGTGTGAAAGAAAAGGATGGGACGGGGAGGTATGGGGAGTTTGAACATTGG	37714
651	IGHV3-11*01	IGHJ4*02	IGHA1	TGTGCGAGAGACCCCGAGATGACTACGGGCCCTGGCTTTGACATCTGG	17913
714	IGHV3-11*01	IGHJ4*02	IGHA1	TGTTCGAGAGATCCAAGGCGCCTGCCCTACTGG	17535
954	IGHV1-69*01	IGHJ6*02	IGHG1	TGTGCGACAGATATGGGCGCCGACGGCAGGATTGTACTCCGGGGAGGTGCCACCCCCCAAAATGACTACCACTACTTCGGAATGGACGTCTGG	13989
1015	IGHV4-59*01	IGHJ4*02	IGHG3	TGTGCGAGAGATCGCGGTGGGAGCTACGGAAAGAATCTTGAGTCGTGG	63084
1245	IGHV1-2*02	IGHJ4*02	IGHA1	TGTGTGAGGTCTCGATCCTTTTACTTCGACCACTCG	4042
1263	IGHV1-2*02	IGHJ5*02	IGHA1	TGTGCGCGAGACGGTGAGGCAGTGCCTAGAAGTAGTCGAGAGGGGGAAAACTGGTTCGACCCCTGG	7008
1291	IGHV4-34*02	IGHJ4*02	IGHA1	TGTGCGAGATTGAAAGACTTTTGGAGTGGTTTCTCTAATAAGGCCCGCTTTGACTACTGG	51573
1429	IGHV1-18*01	IGHJ4*02	IGHA1	TGTGCGAGAGATACATCCTATAACAATGGCTGGGGACTTGACTACTGG	1023
1496	IGHV3-53*02	IGHJ4*02	IGHG1	TGTGTGAAAGAAAAGGATGGGACGGGGAGGTATGGGGAGTTTGAACATTGG	37714
1539	IGHV3-23*01	IGHJ4*02	IGHG3	TGCGCCAGAGCGGTCACCAGATGGTACCGGGGTTATTTTGACTTCTGG	25545
1648	IGHV3-30*18	IGHJ4*02	IGHA1	TGTGCGAAATGGAGTGGGGACCACCCACTATACTACCTTGACTTCTGG	29883
1741	IGHV3-72*01	IGHJ4*02	IGHA1	TGTGCCAGAGTAGAGTGTAGTGGTAGCAGCTGCCATTTGAACTGCTGG	42521
1957	IGHV3-23*01	IGHJ3*02	IGHA1	TGTGCGAAAGATCGGCCCGACGCCTATTGGGACACTTTTGATACCTGG	23797
2007	IGHV3-9*01	IGHJ4*02	IGHG3	TGTGCAAGCGAGGCCGTCACTGGTCACTACGGCCCCATTGACTACTGG	47172
2008	IGHV3-9*01	IGHJ4*02	IGHE	TGTGTGAAAGACGGGGGATACAGCTATGAGCGGTCGCGCTTTGACTATTGG	47491
649	IGHV1-8*01	IGHJ4*02	IGHA1	TGTTCGAGAGCGGGTCTCTGGGCTGCCTTGGGGGACTTCTGG	14378
650	IGHV3-48*04	IGHJ4*02	IGHM	TGTGTGAGGGGGACGCCTGATAAAGCGTACTTTGAGTACTGG	34155
657	IGHV4-4*07	IGHJ5*02	IGHA1	TGTGCGAGAGAATCTCTTGATTGTAGTAGTACCACCTGCTATACTCGCTGGTTCGACCCCTGG	61344
703	IGHV6-1*01	IGHJ4*02	IGHM	TGTGCAAGAGGGGTATACAATTCCTTTGACTACTGG	70032
823	IGHV1-46*01	IGHJ5*02	IGHA1	TGTGCGGCCGATCCTAGGGGCTGGTCCCTTTCGGGACTCGACCCCTGG	9783
842	IGHV1-18*04	IGHJ1*01	IGHG1	TGTGCGAGAGATACTTATTATGATGGAAGTGGTTCTGGATACCTCCTACACTGG	26
934	IGHV1-69*01	IGHJ6*02	IGHG1	TGTGCGAGAGATGAGGATACGGAAGTGATTGGAGACCAGTACGGTATGGACGTCTGG	13156
1415	IGHV4-59*01	IGHJ5*01	IGHA1	TGTGCGAGAGTCTCCCCTGAATATAGCAGCTCGTCCAAATGGTTCGACTCCTGG	64075
1427	IGHV3-23*01	IGHJ3*02	IGHG3	TGTGCTAAAGGTCGTGGATTCAGGTTTATAGGGAGTGTACTTGAAATGTGG	23909
1430	IGHV1-18*04	IGHJ4*02	IGHA1	TGTGCGAGAGATACATCCTATAACAATGGCTGGGGACTTGACTACTGG	1023
1494	IGHV3-11*01	IGHJ4*02	IGHG1	TGTGCGAGAAGTAGCTCTCTCACTATGGGACCGATTGACTCCTGG	17794
1499	IGHV3-11*01	IGHJ4*02	IGHA1	TGTGCGAGAGATGCCCTTATGTACACTTTTGACTATTGG	17609
1512	IGHV1-18*04	IGHJ4*02	IGHA1	TGTGCGAGAGATGCCTCCTATAATAATGGCTGGGGATTTGACTACTGG	1023
1717	IGHV5-51*01	IGHJ4*02	IGHG1	TGTGCAAGTGGGAAGTCCTACTGGTACTTTGACTACTGG	66892
1830	IGHV3-74*01	IGHJ4*02	IGHG1	TGTGCAAGAGATCTCATTGTGGATAACTACGTTAGTGGTGGAGACGACTTTGACTACTGG	45331
2041	IGHV3-73*01	IGHJ6*02	IGHA1	TGTACGGGAAGCAGCCCCGAGAAGTACTACTACGGTATGGACGTCTGG	43356
917	IGHV3-11*01	IGHJ4*02	IGHA1	TGTGCGACAAAGGGAACCTACACTTACGTGGCCCCATTTGAGATCTGG	17884
1014	IGHV4-61*01	IGHJ4*02	IGHA1	TGTGCGAGAGATAACTTTGGTTCACTTGACTACTGG	64942
1099	IGHV1-2*02	IGHJ6*02	IGHG1	TGTGCGAGAGCAGGGGTCCTACCAGCTCCTTTTAGTTCCTCCGGTCTGGCCGTCTGG	7426
1130	IGHV1-8*01	IGHJ2*01	IGHG3	TGTGCGAGAGGAAACGTAGACATGGTTACAATGGACTGGTACTTCGATCTCTGG	14040
1230	IGHV1-69*01	IGHJ6*02	IGHG1	TGTGCGAGAGGAGGCGGCCGCCGGGTTGTGGTGGTGATTGCTAGATTCTACTACGGTATGGATGTCTGG	13642
1321	IGHV4-28*01	IGHJ3*02	IGHA1	TGTGCGAGAAGTCCGGATAGATATGGCAAACCAGAGGCTTTTGATATCTGG	48907
1335	IGHV3-30*18	IGHJ6*02	IGHA1	TGTGCGAAAGATCAGACGCTAGTTTCGCGGGTCAACTACTACGGCATGGACGTCTGG	31228
1431	IGHV1-18*04	IGHJ4*02	IGHA1	TGTGCGAGAGATACATCCTATAACAATGGCTGGGGACTTGACTACTGG	1023
1932	IGHV1-69*01	IGHJ5*02	IGHA1	TGTGCGAGAGAGAGAGATCCGCATGATGATAGTAATGGTTACAATTGGTTCGACCCCTGG	12681
1993	IGHV3-48*02	IGHJ4*02	IGHA1	TGCGTGAGAGAGAGTGAGCATCACATGTTTACGTGG	33875
2040	IGHV3-7*01	IGHJ4*02	IGHA1	TGTGCGAGAGATGGGCCCTATTGTAATGGTGGTATCTGCTACGGACGTCTCTACTGG	41059
2055	IGHV3-74*01	IGHJ2*01	IGHA1	TGTGCGAGGGTATCGCCCAACTGGTACAACGATCTCTGG	43473
672	IGHV3-53*01	IGHJ3*02	IGHA1	TGTGCGCGGTCTATTAACTTGCACGAGGCTATTGATATGTGG	36641
736	IGHV1-2*06	IGHJ3*02	IGHA1	TGTGCGAGAGCGGAAGAGACTACGGTGTCTTCGTATGATGCTTTTCATATCTGG	3543
884	IGHV4-34*01	IGHJ5*02	IGHA1	TGTGCGAGACGTGTACGAAGGTGTAGTAATAGGTGCTATGTTTGGTTCGACCCCTGG	52103
924	IGHV4-4*07	IGHJ4*02		TGCGCGAGAGGAAGTGACGGTGACTACTACTTTGACCACTGG	60447
980	IGHV4-61*03	IGHJ4*02	IGHM	TGTGCGAGAGAGCTGCCAGCAGCTGGTCACTTTGACTCTTGG	65049
1151	IGHV3-11*01	IGHJ5*02	IGHG1	TGTGCGAGACGGGGGGATGGTTCGGGACCGACGTTCGACCCCTGG	18326
1268	IGHV1-8*01	IGHJ6*02	IGHA1	TGTGCGAGTCAAATTTCGGCACCGGCGAAGTATTTCTACTACAACTACGGTATGGACGTCTGG	15180
1322	IGHV4-28*01	IGHJ3*02	IGHA1	TGTGCGAGAAGTCCGGATAGATATGGCAAACCAGAGGCTTTTGATATCTGG	48907
1399	IGHV4-39*01	IGHJ4*02	IGHA1	TGTGCGAGACATAAGTGGTTGGGTGTTTCGATTTTTGGAGGGCCGTTTGCCTCCTGG	57029
1409	IGHV4-39*01	IGHJ4*02	IGHA1	TGTGTGAGACATTCAGTTGGAACAATGATGGATTACTGG	54770
1423	IGHV4-39*01	IGHJ5*02	IGHA1	TGTGCGAGACACTTGTCGAGCGGTAATCGTCCTTTGTACAACTGGCTCGACCCCTGG	58746
1878	IGHV3-74*01	IGHJ4*02	IGHA1	TGTGTAAGAGGGTCTCATAACAGTTATTCTGACCACGTCCTCTTTGACTATTGG	45263
2043	IGHV4-39*01	IGHJ5*02	IGHG1	TGTGCGACATCGGAACGCTTTTTGGGGGACTTACCCCAAATCAACTGGTTCGACCCCTGG	58862
2047	IGHV3-21*01	IGHJ4*02	IGHA1	TGTTCGAAAATTAAGGATAGGAGCTCGTCAATCGGGGACTATTGG	22097
0	IGHV3-74*01	IGHJ4*02	IGHA1	TGTGTAAGAGACTGTTGTGGGACGTTCGGTGACGACTGG	44453
1	IGHV1-8*01	IGHJ4*02	IGHA1	TGTTCGAGAGCGGGTCTCTGGGCTGCCTTGGGGGACTTCTGG	14378
2	IGHV3-74*01	IGHJ4*02	IGHA1	TGTGCAAGTAGTAGAGGCGTG	43813
6	IGHV4-34*01	IGHJ5*02	IGHM	TGTGCGAGTGGCCAGGCACACGCGTGGGAGTTACAACAGTCCTGG	51974
4	IGHV3-21*01	IGHJ4*02	IGHA1	TGTGCGAGAGAACGAGCGGGTTACTACCTTGACTGTTGG	21767
5	IGHV3-74*01	IGHJ4*02	IGHA1	TGTGCAAGAGGGACTACGGTGACTAAAACCTTTGACTACTGG	44588
3	IGHV1-8*01	IGHJ4*02	IGHA1	TGTTCGAGAGCGGGTCTCATGGCTGCCTTGGGGGACTTCTGG	14378
24	IGHV4-4*07	IGHJ4*02	IGHM	TGTGCGAGAGATCAGACTGGTTATGGGGAATACTACTTTGACTACTGG	60657
8	IGHV3-74*01	IGHJ4*02	IGHA1	TGTGTAAGAGATTTCGTGGGACCGAGGGACTACTGG	44090
7	IGHV3-74*01	IGHJ3*02	IGHA1	TGTGCAACCTTGGCGGATACCTCCCGCGGAGCTTTTGATATCTGG	43614
13	IGHV4-39*01	IGHJ4*02	IGHA1	TGTGCGAGGTTTAGTGGGAGCTACCGAGCGTTTGACTGGTGG	55169
17	IGHV4-59*02	IGHJ3*02	IGHA1	TGTGCAAAGTCGAAGGATCCGATCCTCGCAGCCTCTGCTTTTGATATCTGG	62059
16	IGHV1-2*02	IGHJ4*02	IGHA1	TGTGCGAGAGATCCTGTTATTGTGGACTCCTACTTTGACTCCTGG	4697
12	IGHV3-74*01	IGHJ3*02	IGHA1	TGTGCAACCTTGGCGGATACCTCCCGCGGAGCTTTTGATATCTGG	43614
15	IGHV3-7*01	IGHJ4*02	IGHA1	TGTGCGAGTGGCTTTCCCCCTACCAGTGGCTATTACGACTACTGG	40211
10	IGHV3-74*01	IGHJ4*02	IGHA1	TGTGCAAGAGGCTGGTTAGTGGGAGCTGACTCCTTTGGCTACTGG	44715
27	IGHV3-73*02	IGHJ4*02	IGHM	TGTAAGACTTGGCTAGAACCTTTTGACTACTGG	42988
9	IGHV3-73*02	IGHJ4*02	IGHA1	TGTACTAGACATTTGTATGGTGGCCCCCCCAATGACTACTGG	43065
11	IGHV3-21*01	IGHJ2*01	IGHA1	TGTGCGAGAGGGGAGACCCGCTTCGATCTCTGG	21390
14	IGHV6-1*01	IGHJ5*02	IGHA1	TGTGCCAGAGATCGGGCTCTTACTCCCGGAATGGCAATTGCTACAGACAACTGGTTCGACCCCTGG	70741
20	IGHV1-8*01	IGHJ1*01	IGHA1	TGTGCGAGACAGAATAACTACGGGGAATTCCAGCACTGG	14002
32	IGHV1-69*01	IGHJ6*02	IGHM	TGTGCGAGAGACCCTATAGCAGCTCGTCAGGACTACTACTACGGTATGGACGTCTGG	13141
29	IGHV4-61*01	IGHJ4*02	IGHA1	TGTGCGAGAGTAACGCTTTTTGGAGTGATTATCAACTGG	64992
21	IGHV4-34*01	IGHJ6*02	IGHA1	TGTGCGAGAGGAGATACAGTGATGCCGTTCCACCCCAAATTCTACTACGGTATAGACGTCTGG	52682
40	IGHV6-1*01	IGHJ4*02	IGHM	TGTGCAAGAGTGGAGGGTATAACTGGAACTCGGAGTTTTGACTACTGG	70401
26	IGHV3-48*01	IGHJ4*02	IGHA1	TGTGCGAGGACTTTTTGTAATGATACCAACTGCTTCTACTTTGACGACTGG	34648
22	IGHV3-53*01	IGHJ4*02	IGHA1	TGTGCGAGAGAGGGAAGAAGAGATGTGGACAATGGCAGGTATAACTATGACTACTGG	37798
23	IGHV3-74*01	IGHJ4*02	IGHA1	TGTGTAAGAGGGTCTCATAACAGTTATTCTGACCACGTCCTCTTTGACTATTGG	45263
34	IGHV4-39*02	IGHJ3*01	IGHA1	TGTGCGAACTCCGGTGACTACAGTCATAATGCTTTTGATCTCTGG	53509
31	IGHV3-7*01	IGHJ1*01	IGHA1	TGTGCGAGAGTCGAATCCGGTTCTTTCCAGCACTGG	38411
30	IGHV3-53*01	IGHJ3*02	IGHA1	TGTGCGAGAGATCTGATCTCGCGTTATACACACATGTGGGCTTTTGATATCTGG	36751
39	IGHV3-7*01	IGHJ4*02	IGHM	TGTGCGGGCATGCATAGCAGCTATTGGTACGTGGAGGGGACTGACTATTGG	40845
25	IGHV3-74*01	IGHJ5*02	IGHA1	TGTACAACCTTCGCTTCTACAGTGCCCACCTGG	45407
48	IGHV3-15*01	IGHJ4*02	IGHM	TGTACCACAGACTACCAGTATTACTATGGTTCGGGGAGTTATTATAATCTTGACTACTGG	20675
55	IGHV4-39*01	IGHJ6*02	IGHA1	TGTGCTCGCTACTACTTCTTCGCTATCGACGTCTGG	59309
37	IGHV4-61*01	IGHJ6*02	IGHA1	TGTGCGACCTTGCGTTTGGAGCAGATATCTTTTAGCCATCACTATTACGGTTTGGACGTCTGG	65887
81	IGHV3-48*02	IGHJ6*02	IGHM	TGTGCGAGAGATGGAGGACGTGGATACGATATGGACGTCTGG	35235
49	IGHV4-39*01	IGHJ5*02	IGHA1	TGTGCGAGACCGTTGAGGGGTTCGACTACGGGATTCGACCCCTGG	58132
18	IGHV3-74*01	IGHJ4*02	IGHA1	TGTATAAAAGTCCCAGAGTACTGG	43823
75	IGHV4-61*01	IGHJ4*02	IGHM	TGTGCGACAGGTTCAGACGCCTACAAGGTGGGCTACTGG	64961
43	IGHV3-53*01	IGHJ4*02	IGHA1	TGTGCGAGCCCCCATGGTAGTAGTGGTTATTACTATCTTGACTACTGG	37593
33	IGHV3-48*02	IGHJ4*02	IGHA1	TGCGCGAAAATTAGGGATGGCAGCTCGTCAATCGGGCACTACTGG	34186
77	IGHV1-2*02	IGHJ4*02	IGHM	TGTGCGAGAGGGCTCTCTAGTTATAGGGACTACCGGCCGGGCTACTGG	4970
42	IGHV4-34*01	IGHJ4*02	IGHA1	TGTGCGAGAGGATCTAGGCGCAGCATCGACACTTATCCTTTTGACTACTGG	51234
28	IGHV3-74*01	IGHJ6*02	IGHA1	TGTGTAAGGGGTACCGTTGGCTGGAGTGGTGTGGACGTCTGG	45805
38	IGHV4-59*01	IGHJ3*02	IGHA1	TGTGCGAGGACTTGGGGATCTCAGGATGGTATAAATATCTGG	61971
61	IGHV1-46*01	IGHJ4*02	IGHA1	TGTGCGAGAGATCTTACTAATAGTTGGAGTTCTCAATACTACCTTGACTCCTGG	9442
59	IGHV4-34*02	IGHJ4*02	IGHA1	TGTGCGAGGGGATTTCGGTCCAATCTTCGCTTTGACTACTGG	50848
53	IGHV3-48*01	IGHJ4*02	IGHA1	TGTGCGAGGACAAAATATTACTATGACAGTAATGACTCCTGG	34149
52	IGHV1-8*01	IGHJ4*02	IGHA1	TGTCTTAAGCGTCATTATGATATGTCGCGTGCTTATTCCTCCTTTGACTTCTGG	14586
50	IGHV4-59*01	IGHJ6*02	IGHA1	TGTGCGAGAGGCCCTATTACGGAGGTAACTGATTACGGTATGGACGTCTGG	64395
78	IGHV4-28*07	IGHJ3*02	IGHA1	TGTGCGAGAAGTCCGGATAGATATGGCAAACCAGAGGCTTTTGATATCTGG	48907
57	IGHV4-4*07	IGHJ6*02	IGHA1	TGTGCGAGACAGGGAAGTTATTATTACTACCTTATGGACGTCTGG	61437
41	IGHV3-33*06	IGHJ4*02	IGHA1	TGTGCGAAATCAAGTCGCGATTTTTGGAGTGGTCCCCGGGACCACTACTTTGACTCGTGG	32648
68	IGHV4-4*07	IGHJ3*02	IGHA1	TGTGCGAGAGATTTTTACGGTGGTACCTCTGATGCTTTTGATATCTGG	60113
74	IGHV4-34*02	IGHJ2*01	IGHA1	TGTGCGAGGGACTCTGGCGTGGTGCGCGGTCCTGTTCTAATCACTGGTGGGGATCCACACTTCGATCAGTGG	50253
65	IGHV3-30*18	IGHJ4*02	IGHA1	TGTGTGAAGGACAGCGGCACTGGCTGGTACTTCCCAGGTCCCTATTGG	29950
58	IGHV4-34*01	IGHJ6*02	IGHA1	TGTGCTAGAGGCCTTCGGTCTGTGGAGTGGACCGGGGACGGGGCTTTTGCTTTCTATTACGGAATGGACGTCTGG	52971
62	IGHV1-2*02	IGHJ4*02	IGHA1	TGTGCGAGAGGGAATTACGATATTTTGACCCTTGACTACTGG	4438
51	IGHV1-46*01	IGHJ4*02	IGHA1	TGTGCGAGAGGAGGGCGGCCAAGTGACGGTATCTACAGAGCGCCATGGGAGTTCTGG	9539
84	IGHV3-48*02	IGHJ4*02	IGHA1	TGTGCGAGAGGTCAAACCTATGTGGACCAATGG	33773
45	IGHV3-73*02	IGHJ4*02	IGHA1	TGTACTAGCCAAAGCCGTCAAGCAGTGGCTGTAGACTACTGG	43077
44	IGHV3-48*01	IGHJ4*02	IGHA1	TGTGCGAGACCCTCCTCGGAGCTACTCTTGTGGTACTCTGACTACTGG	34382
71	IGHV4-39*01	IGHJ4*02	IGHA1	TGTGCGAGACATCCCCACGGTGTAGTGGGAGATTGGTACCTTGACCACTGG	56317
35	IGHV3-7*01	IGHJ4*02	IGHA1	TGTGCGAGAGACAGTCTACGGAGGTTTGACTTCTGG	39412
72	IGHV4-39*01	IGHJ4*02	IGHA1	TGTGCGAGGCCCTCCCGTACAGGGAACTACTACTACTGG	54434
54	IGHV3-72*01	IGHJ3*02	IGHA1	TGTGTTAAAGATGACCCGAACCTTCCTGGGACCTTTGATATCTGG	42168
56	IGHV4-39*01	IGHJ5*02	IGHA1	TGTGCGAGACGCTTGGGCTCGTGGGACATCAACTGGTTCGACCCCTGG	58295
63	IGHV3-53*02	IGHJ4*02	IGHA1	TGTGCGGGAGATACAGCTTGGGGGAGAGTCTTCCACTGG	37159
97	IGHV4-4*07	IGHJ3*02	IGHM	TGTGCGAGAAGTGCGAGTTACTATGGTGCTTTTGATATCTGG	60066
73	IGHV1-18*04	IGHJ4*02	IGHA1	TGTGCGAGAGCGGGGCAGTGGCTGATCCACTGG	446
70	IGHV3-21*07	IGHJ4*02	IGHA1	TGTGCGCGAGGAATTTCGAAGTCCGGAGCAATCTGG	21740
47	IGHV3-23*01	IGHJ6*02	IGHA1	TGTGTGAAGGATGGGCCCTGGTACGGCCATTTCCACTACTACTATGCTATGGACGTCTGG	28767
96	IGHV4-59*01	IGHJ6*02	IGHA1	TGTGCGAGAGTTCAGGGTTTCGCAGTGGCTGATACTAACTACTACAACGGTATGGACGTCTGG	64600
91	IGHV3-30*18	IGHJ4*02	IGHA1	TGTGCGAAAGAGACTCAGAAGTATGCGAGTGGCTGGTTCTTTGAGTCCTGG	30014
104	IGHV1-2*02	IGHJ3*02	IGHA1	TGTACGAGGAGGCGCCTTGATAGTAATGATGGTTTTGATATCTGG	3375
140	IGHV4-59*01	IGHJ3*02	IGHA1	TGTGCGAGCGGCATGGACCGTGCGAAAATCCACATCTGG	61928
83	IGHV3-7*01	IGHJ4*02	IGHA1	TGTGCGAGAGGTAGTGGGAGCTATTACAGGCACTGG	39493
79	IGHV3-23*01	IGHJ4*02	IGHA1	TGTACGAAAGATAGTCCGGCCCCCTTTGACTTCTGG	24380
95	IGHV3-21*02	IGHJ4*02	IGHA1	TGTGTGAAAGAGTCTTCGGGTGACTCCCTTGATTATTGG	21754
82	IGHV3-23*01	IGHJ6*02	IGHA1	TGTGCGAAGACCCTTCCGGCTCTAAATACACGACAAAACTACTATCATGGCATGGACGTCTGG	28808
90	IGHV3-73*02	IGHJ5*02	IGHA1	TGTTCCTCTCGAGTGGGAACTACTGCTGCCTGG	43282
69	IGHV1-69*01	IGHJ4*02	IGHA1	TGTGCGAGAGACGTGCAGCAATTGGTTTATTCAGGCGTGGGCAACTGG	11411
125	IGHV4-61*01	IGHJ4*02	IGHA1	TGTGCGAGAGCTAGATACAGCTATGGTCCCATTGACTACTGG	65073
123	IGHV3-30*18	IGHJ4*02	IGHA1	TGTGCGAAAGTTGGCATCGAATATGCCAACTCGGAGTTTGACTACTGG	29878
108	IGHV4-59*11	IGHJ4*02	IGHA1	TGTGCGAGATATCCCGACCGCGCCGGTGGGACCTTTGATTACTGG	62944
64	IGHV6-1*01	IGHJ5*01	IGHA1	TGTGCAAGGGGACTTTGGTCAGAAGGTTTCGACTCCTGG	70615
173	IGHV2-5*01	IGHJ6*02	IGHM	TGTGTACACAAGGAAGGTATTTTTTTTGACTGGTTATCAACAAAGGGCTTCGACGTGTGG	16728
76	IGHV1-2*02	IGHJ5*02	IGHA1	TGTGCGAGAGTTGAACTGCATAGCAGCCATTTATTCCGGTTCGACCCCTGG	6676
117	IGHV4-39*01	IGHJ6*02	IGHA1	TGTGCTCGCTACTACTTCTTCGCTATCGACGTCTGG	59309
106	IGHV1-2*02	IGHJ4*02	IGHA1	TGTGCGAGAACAAGCTACGGTGACAAAGTGGGTGCTGATGACTGCTGG	4996
142	IGHV4-34*02	IGHJ4*02	IGHA1	TGTGCGAGGGGATTTCGGTCCAATCTTCGCTTTGACTACTGG	50848
85	IGHV3-74*01	IGHJ2*01	IGHA1	TGTGCGAGGGTATCGCCCAACTGGTACAACGATCTCTGG	43473
94	IGHV3-49*03	IGHJ4*02	IGHA1	TGTGCAAGGGGTCGACCAGGTCGTACAGGATACTACTTTGACTATTGG	36031
119	IGHV1-18*04	IGHJ4*02	IGHA1	TGTGCGAGAGAGGGCGATTTCTGGAGTGGTTATTCCTTTGACTACTGG	1098
135	IGHV3-23*01	IGHJ3*01	IGHA1	TGTGCGAAAGATCTTCCGGGGCGAAGTAGGGTTGATGCTTTTGATGTCTGG	23891
80	IGHV3-53*02	IGHJ3*02	IGHA1	TGTGCGGCAGTGGGAACTACTAGAGATAGGGATGCTTTTGATATTTGG	36704
111	IGHV1-18*04	IGHJ4*02	IGHA1	TGTGCGAGAGATACATCCTATAACAATGGCTGGGGACTTGACTACTGG	1023
66	IGHV3-74*01	IGHJ4*02	IGHA1	TGTGCAAGGGCGTCCGGAGATAAATATGACAATAGGAGGCCCTTCGACTACTGG	45252
86	IGHV3-21*01	IGHJ4*02	IGHA1	TGTGCGAGATGTGGGCACCGGTGGTACCATGACTACTGG	21815
88	IGHV4-34*01	IGHJ6*02	IGHA1	TGTGCGAGAAGCCCCCGACATTGTCTTGGTGGTTCCTGCTATTTCGATAGTTTCGACGTTTGG	52667
99	IGHV3-30*03	IGHJ3*01	IGHA1	TGTGCGACCCGGGAAATGTACTACTATGATGCCACTGGATTTCCGCGAGATGGCTTTGATGCCTGG	29283
102	IGHV1-18*01	IGHJ4*02	IGHA1	TGTGCGAGAGGCCCTCATTCATCAATAGGTGACTATGACTCCTGG	946
105	IGHV4-59*01	IGHJ6*02	IGHA1	TGTGCGCGAGCCCTCCAGTACTACTACGGAATGGACGTCTGG	64302
153	IGHV4-59*11	IGHJ5*02	IGHA1	TGTGCGGGCTATCTGGGGGAATTAAGACTGGGGTTCGACCCCTGG	63917
136	IGHV4-39*01	IGHJ4*02	IGHA1	TGTGCGAGACGGGGTGTTTATTGTCCTAATGGTGTTTGCGACAGGGGAAACTACTACTTTGACTACTGG	57769
130	IGHV1-45*02	IGHJ4*02	IGHA1	TGTGCAAGTTCGAACAACAGTCCGCACTATTCTTTTGACTATTGG	8454
113	IGHV3-21*01	IGHJ5*02	IGHA1	TGTGCGAGAGAGGATTGTGATATTACCAGCTGCTCGAAAAAGAACTGGTTCGACACCTGG	22867
132	IGHV3-21*07	IGHJ4*02	IGHA1	TGTGCGAGGCATCTTCAAGATTGTAGTGGAGGGAGTTGTTACTCTCGGATTGGTGACCACTGG	22677
100	IGHV3-53*01	IGHJ3*02	IGHA1	TGTACGAGAGATGACGGGAGATCCTTGATTCATATCTGG	36606
115	IGHV3-74*01	IGHJ6*02	IGHA1	TGTGCAAGAGGCTACCCCGCTAATATGGACGTCTGG	45743
92	IGHV1-69*01	IGHJ4*02	IGHA1	TGCGCGAGGACCAAGGAGGGCGATTGTAGTGGCGGTACCTGCTACTCTCTCTTTTGTGACTCGTGG	12297
112	IGHV3-23*01	IGHJ4*02	IGHM	TGTGCGAAACAGGCGGTGTCGGATGGCAGTGGCTGGTACTGGGGCCACTGG	26244
87	IGHV3-53*01	IGHJ5*02	IGHA1	TGTGCGAGAGGGCGATCGGGTGGCCCAAGGTTCGACCCCTGG	37931
161	IGHV4-34*02	IGHJ2*01	IGHA1	TGTGCGAGACGTCCGCGATACTTCGATCTCTGG	50157
36	IGHV4-34*02	IGHJ5*02	IGHA1	TGTGCCTCCCGGGGAGTACCTGGGGCTCTCAGATCGTGGTTCGACCCCTGG	52011
199	IGHV3-48*01	IGHJ4*02	IGHM	TGTGCGACTCACCGTATAGCAGCAGCCGAAAGCTACTGG	33888
118	IGHV4-39*08	IGHJ6*02	IGHA1	TGCGCGAGATCTGCGCGGGTGATTACGAACAAAGTAGTGGTTACGTCGCACGGTTTGGACGTCTGG	59805
121	IGHV3-30*18	IGHJ6*03	IGHA1	TGTGCGAAGACCCGGGACGATTTTTGGAGTGGTTACGACTTCGACATGGACGTCTGG	31270
101	IGHV4-39*01	IGHJ6*02	IGHA1	TGTGCGAGACATTTATACGGAAAGGGTATGAAAGTCTGG	59327
164	IGHV3-48*02	IGHJ4*02	IGHA1	TGTGCGAGAGAGTTTTGTGCTGGTTCCAGCTGCTACCGTGGGGTTTGTGACAACTGG	34816
243	IGHV4-61*01	IGHJ4*02	IGHA1	TGTGCGACAGGTTCAGACGCCTACAAGGTCGGCTACTGG	64961
227	IGHV2-5*01	IGHJ6*02	IGHM	TGTGCACACGACGTACCCGGCAACGACGGTTTCGACGTCTGG	16694
141	IGHV3-30*18	IGHJ4*02	IGHA1	TGTGCGAAACGAAGAAGGGGGGGTGACGCCACACTAGATTGGTTCTTGGACTACTGG	30428
143	IGHV1-46*01	IGHJ6*02	IGHA1	TGTGCGAGAGATAGGGGGCACATAGAATCAGTTATTACCGAACCGGGGATATTCGGTATGGACGTCTGG	10165
110	IGHV4-39*01	IGHJ2*01	IGHA1	TGTGCGAGAGTGCGGCGAACTTACTGGCACTTCGATCTCTGG	53205
127	IGHV4-61*01	IGHJ4*02	IGHA1	TGTACGACAGGTTCAGACGCCTACAAGTTGCACTACTGG	64961
120	IGHV1-69*06	IGHJ4*02	IGHA1	TGCGCGACAAACCATAAATATAGCAGCCCTTGGGGGCCCTTTGACTTCTGG	11555
187	IGHV3-9*01	IGHJ3*02	IGHA1	TGTGTAAAACCTATGGAGAAGAATGATGTTTTGACGGAGGAGTTTTTTGATATCTGG	46528
180	IGHV3-7*01	IGHJ4*02	IGHM	TGTGTGAGAGATCACGACACTAATGGCTGGTATATTGATGACTGG	40468
158	IGHV1-18*04	IGHJ1*01	IGHA1	TGTGCGCGAGATCTAGTGGGATCATTTTCCCGCAAAGGATTCCAGAACTGG	23
122	IGHV1-46*01	IGHJ6*02	IGHA1	TGTGCGAGAGCGGTAGTCTCTGGAACTGGCGACTACTACGGTCTGGACGTCTGG	10053
196	IGHV2-5*01	IGHJ5*02	IGHA1	TGTGCACACAGAGTGGGGGGGGAAGTGGTTCGGGGAGTTGTTACTCCCGGCTGGTTCGACCCCTGG	16644
178	IGHV5-51*03	IGHJ4*02	IGHA1	TGTGCGAGACTCGGGCCAAGTACGGTGGTGACTTCCGGGGACTACTGG	67692
169	IGHV4-4*07	IGHJ4*02	IGHA1	TGCGCGAGAGGAAGTGACGGTGACTACTACTTTGACCACTGG	60447
116	IGHV4-39*01	IGHJ4*02	IGHA1	TGTGCGACTTCAACGTGGGTACAACAATGGAAATCAGCCCCTCACAGGTTTGACGTCTGG	57244
157	IGHV1-8*02	IGHJ4*02	IGHA1	TGTGCGCGAGACAGAAGGGGCCTTGCATTCTGG	14216
146	IGHV2-5*01	IGHJ4*02	IGHA1	TGTGCGCACACGCGTTATCGTGATAGTAGTGCTGTCCCCCCCCCTGACTATTGG	16202
147	IGHV3-23*01	IGHJ4*02	IGHA1	TGCGCGAAATTTTACCGAGCAGAGGCTGGTACGGTTAAGAGGGCGGTCGACCATAAAAGAATTGACTCCTGG	27846
137	IGHV4-39*01	IGHJ4*02	IGHA1	TGTGCGAGGCTATGGAGTGGGAGCCGCCCCCCCGACTATTGG	54820
191	IGHV4-30-4*09	IGHJ4*02	IGHA1	TGTACGAGAGACTCCATTTTAGTGGGAGCTAGACCCGTTTGG	49223
189	IGHV4-39*01	IGHJ2*01	IGHA1	TGTGTGAGACACGATTTGGCGGTAGGACTTTCGCACTGGTACTTCGATCTCTGG	53309
152	IGHV1-2*02	IGHJ4*02	IGHA1	TGTGCGAGGGAATCCTGGCACTACGACTTCTGG	3847
109	IGHV1-2*02	IGHJ5*02	IGHA1	TGTGCCAACAACCGCAATCCTGGCAGTGATTACTTCCTGTCGTCCTGG	6529
98	IGHV3-30*18	IGHJ6*02	IGHA1	TGTGTGAAAGATCGGGGGTGGGCTACAGTAACTTCGCGGGGTATGGACGTCTGG	31198
156	IGHV1-46*04	IGHJ4*02	IGHA1	TGTGCGAGAAATCTGGTGGGACCTACGGGGCTTGGTTACTGG	8880
216	IGHV4-4*07	IGHJ5*02	IGHA1	TGTGCGAGAGACGTGGATCAGTATGTTTCGGGAATTTATCATGACAATTGGTTCGACCCCTGG	61346
159	IGHV1-2*07	IGHJ4*02	IGHA1	TGTGCGAGCCCAGGTGGAGTTAATTTCGACGTTTGGACGGACTGG	4852
46	IGHV3-74*03	IGHJ5*02	IGHG1	TGCACAAGAGATCTCCCTTACTCCGATCGTCGCAGTTCGATGGGTAGAAACTACTTCGACCCCTGG	45688
114	IGHV3-23*01	IGHJ4*02	IGHA1	TGTGCGAAGTCGAATATTGCACATCGCTTATCGCTCTGTTTTGACCAGTGG	26587
249	IGHV2-5*01	IGHJ4*02	IGHA1	TGTGCACACAGACCAGCGTATAGCAGGGGCCAACGAATATTTGACTGCTGG	16125
177	IGHV5-51*01	IGHJ4*02	IGHA1	TGTGCGAGACGGGCGCTATCAACCGGTGCTTGGGCCGACTCGCGCTTCGATTATTGG	68280
176	IGHV5-51*01	IGHJ3*01	IGHA1	TGCGCGAGACATGATGCCGATTTTTGGAGTGGTTCATATCCTGGCACTTTTGATTTGTGG	66619
228	IGHV2-5*01	IGHJ3*01	IGHA1	TGTGCACACATATCCACACCTATGTCTTCGGGATATGATACTTTTCATGTCTGG	15677
165	IGHV5-51*01	IGHJ4*02	IGHA1	TGTGCGAGACACGCGATGCCAGCTCGCTTCGAGGATCATTTTGACTCCTGG	67860
175	IGHV3-23*01	IGHJ4*02	IGHA1	TGTGCGAAAGGGCGACTTCCCGGAGAGTCCTACTTTGACGACTGG	25264
193	IGHV3-30*03	IGHJ4*02	IGHA1	TGCGCGAGAGATCACAAGACCATCTATGATGGTAGCGGTTATTTCTTTGACTACTGG	30538
131	IGHV3-20*01	IGHJ6*02	IGHA1	TGTGCGAGACCCTTTGTTACTCATCACTATTTCTACGGTATGGACGTCTGG	21347
129	IGHV3-30*18	IGHJ4*02	IGHA1	TGTGCGAAGGATTTAAGAGATGGCTACAATTATATTGAAGACTGG	29681
160	IGHV3-30*18	IGHJ4*02	IGHA1	TGTGCGAAAACCCCGGATAAATGTGGTCCTTCTTGCTATTTAATTGACTACTGG	30229
225	IGHV1-2*02	IGHJ2*01	IGHA1	TGTGCGAGGGCCGTTGGGTATGGTGGCAACTGGTACTTCGATCTCTGG	3213
185	IGHV3-23*01	IGHJ4*02	IGHA1	TGTGCGAAGGTCGCCGTGATGACTACGGTGACTAGCCGATTTGACCACTGG	26581
203	IGHV4-61*01	IGHJ2*01	IGHA1	TGCGCGAGAAGTCTCCGGTATTGTGGTGGTGGTACCTGCTACTCCTGGTACTTCGATCTGTGG	64784
167	IGHV1-2*02	IGHJ4*02	IGHA1	TGTGCGAAAAATCCCACTACCGGCAGCTGGTACCCATATGACTTTGACTACTGG	5570
197	IGHV1-2*02	IGHJ5*02	IGHA1	TGTGCGAGAGGGGACTCGGTCGGGTGGAGGTGGTTGGTCGACCCCTGG	6562
192	IGHV1-46*01	IGHJ4*02	IGHA1	TGTGCGAGAGTGGATGCGCCCATGGTTTCTAATTTCTGG	8823
182	IGHV5-51*03	IGHJ4*02	IGHA1	TGTGCGAGACAACTTAATCGGTTTGGAAGTGGTTTTTATCCTCCCGGGGACTCGCCGTTTGACTACTGG	68535
232	IGHV3-7*01	IGHJ4*02	IGHM	TGTGCGAGAATTGGTTATAGCAGCTCGTCTTTTGACTACTGG	39974
170	IGHV4-4*07	IGHJ5*02	IGHA1	TGTGCGAGAGGTCTCGGTGGTTATTACTACCAAGACACCTGG	61120
281	IGHV3-23*01	IGHJ4*02	IGHM	TGTGCGAAAGCACGTGGCTACGATACCAAGAACTGTGACTACTGG	25224
138	IGHV1-69*01	IGHJ5*02	IGHA1	TGTGTATCTGTTGACTGTGGTGAAGACTGTTACTCGCCCCACTGGTTCGACCCCTGG	12675
234	IGHV3-21*01	IGHJ6*02	IGHA1	TGTGCGAGAGGGGAGTACCGTATGGACGTCTGG	22913
229	IGHV3-48*01	IGHJ4*02	IGHA1	TGTGCGAGAGCGCGAGGGAGTAGCAGTTGGTACGCCCTTGACTACTGG	34459
237	IGHV3-9*01	IGHJ4*02	IGHA1	TGTGTAAAAAGTGTGGTCGCAGCAGATGCCACTTACTTTGACTACTGG	47209
241	IGHV4-61*01	IGHJ6*02	IGHA1	TGTGCGAGAGTACAAGGGCAGTCATACTTCTACTACTACGGTATGGACGTCTGG	65809
163	IGHV3-7*01	IGHJ4*02	IGHA1	TGTGTGAGAGTGGGGAACAGTGGCTGGAAACTTGACTACTGG	40195
219	IGHV4-4*07	IGHJ5*02	IGHA1	TGTGTGAGAGACCTGGAGTATTATTATGATGGCTTCGACCCGTGG	61154
270	IGHV4-59*01	IGHJ4*02	IGHA1	TGTGTGACAAGTCAATACAGCTATGGCCCAATTGCCTATTGG	62792
89	IGHV3-74*01	IGHJ4*02	IGHG1	TGTACAAGAGACTATCATATATTATCAGCTGGTCTACAATATTGG	44716
171	IGHV4-59*01	IGHJ6*02	IGHA1	TGTGCGAGAGTGGGACAGTTTGGCTCGGGCGTCCGACATTACGGTATGGACGTCTGG	64504
168	IGHV3-30*18	IGHJ4*02	IGHA1	TGTGGGAAGGACTTCTCACAACTTAGTAGAATAATTGACTCCTGG	29706
209	IGHV3-15*01	IGHJ5*02	IGHA1	TGCACCACCTCCCTAGCGTTTGACAGTAGTGGTCATTACCATGGCCACTGGTTCGGCCCCTGG	20974
262	IGHV3-9*04	IGHJ4*01	IGHM	TGTGCAAAAGAACCGAACAGATATAGTGGCTACGATTTTATTGACTTTTGG	47270
208	IGHV3-15*01	IGHJ4*02	IGHA1	TGTTCCACTTTTTGGGATGGCTATAATGTGATTGACTACTGG	20015
195	IGHV1-18*04	IGHJ4*02	IGHA1	TGTGCGCGAGATACCTCCTATAGCAATGGCTGGGGACTCGACTACTGG	1023
151	IGHV1-18*04	IGHJ1*01	IGHA1	TGTGCGCGAGACGCCATCAGTATGATACTAGCGCTTAACCCCGCTGAATACTTCCAACACTGG	46
198	IGHV5-51*01	IGHJ4*02	IGHA1	TGTGCGAGACATGTCATTGGGGGTTTTGGAGCCGCAGTTGGCTGGTCTGAGTGG	68114
261	IGHV3-9*01	IGHJ4*02	IGHA1	TGTGTAAAAGATATTTCCAGTGGTAACTGGATCTTTGACTCCTGG	46924
239	IGHV4-30-4*09	IGHJ4*02	IGHA1	TGTGCGTGGCTCCAGCCGATGACGACAAGTGGGGTGCCCTTTGACTACTGG	49510
215	IGHV1-18*04	IGHJ4*02	IGHA1	TGTGCGAGAGCGGGCCAGTGGCTGGTCCACTGG	446
226	IGHV1-18*04	IGHJ4*02	IGHA1	TGTGCGAGAGTTGCCCATTGTCACGATAGTCGGGGCTATTTTAGGTTCTTTGAATATTGG	1812
253	IGHV3-23*01	IGHJ3*01	IGHA1	TGTGCGAGAGACGCGTATAACACCTTAAGTCGTCAGAATGATGGGTTTGATCTTTGG	24029
240	IGHV4-34*01	IGHJ4*02	IGHA1	TGTGCGAGATTGTCAATTGTGTGGTCAGTTGACTACTGG	50671
244	IGHV1-69*01	IGHJ4*02	IGHA1	TGTGTGCGAGTCGGCCAGCCAGTGCTATTCGAGAAGGCCGGCTTTGACTATTGG	11836
247	IGHV4-39*08	IGHJ6*02	IGHA1	TGTGCTCGCTATTTCTACTTCGCTATCGACATCTGG	59309
248	IGHV1-18*04	IGHJ1*01	IGHA1	TGTGCGCGAGATCTAGTGGGATCATTTTCCCGCAAAGGATTCCAGAACTGG	23
285	IGHV3-72*01	IGHJ6*02	IGHA1	TGTGCTAGAAGTCCCGCTATGGACGTCTGG	42737
213	IGHV3-9*01	IGHJ4*02	IGHA1	TGTGCTAAGGATCTTACTTATCTCAGCAGCTTGGTCTGTGACTTCTGG	47202
194	IGHV1-18*04	IGHJ4*02	IGHA1	TGTGCGAGAGATACGTCCTATAGCAGTGGCTGGGGGTTTGACTTTTGG	1023
149	IGHV3-7*01	IGHJ2*01	IGHA1	TGTGCGAGAAGGGTGGCAAGTGGGGGCCCGAAGGGTACGGTGGTAAATACGGACTGGTACTTCGAGCTCTGG	38542
162	IGHV3-72*01	IGHJ6*02	IGHA1	TGTGCTAGAGGGGGCGGACTGGGAAACTACCAGTACGCTATGGACGGCTGG	42777
252	IGHV3-15*01	IGHJ4*02	IGHA1	TGTACCACACTTGTAGTGGTTCCAGCTGCTCTAGCTTGGCAATTTGAGTCGAATGACTTCTGG	20734
276	IGHV1-18*04	IGHJ1*01	IGHA1	TGTGCGCGAGATCTAGTGGGATCATTTTCCCGCAAAGGACACCAGAACTGG	23
181	IGHV3-74*01	IGHJ4*02	IGHA1	TGTGCAAGAGATGTCGGTGGGAGGTCCGGCTACTGG	44097
150	IGHV3-9*02	IGHJ4*02	IGHA1	TGTGGATTAGATGGACTCCCTGGGGGCCTGGGCTACTGG	46688
263	IGHV3-9*01	IGHJ4*02	IGHM	TGTGCAAAAGCGTATTGTAGTAGTAGTATTGCCTGCTCCCCTGCGACTACTGGG	47594
275	IGHV1-2*02	IGHJ5*02	IGHA1	TGTGCGAGAGATCGTGCACTGGCTGGCCCAGCCAACTACTGGTTCGACCCCTGG	6735
60	IGHV3-74*01	IGHJ4*02	IGHG1	TGTGCAAGAGATCTCATTGTGGATAACTACGTTAGTGGTGGAGACGACTTTGACTACTGG	45331
183	IGHV3-7*01	IGHJ4*02	IGHA1	TGTGCGAGAGGAGTGACTACCGGGATTGACTACTTTGACTCCTGG	40225
212	IGHV3-21*02	IGHJ5*02	IGHA1	TGTGCGAGCGAGTTTAGCAGTGGCTGGTTCACCCAGGGCTTGGCTCACCGCTGG	22846
258	IGHV3-7*01	IGHJ4*02	IGHA1	TGTGCGAGACTCCTGGATCGACGTGGATACAACTTTGGTTACGACTACTGG	40718
155	IGHV1-69*01	IGHJ6*02	IGHA1	TGTGCGAGAGATATCGCAGACGCTAAAGGGCGAGACTTTTCCTTTGGTTATTCCGGTATGGACGTCTGG	13614
184	IGHV3-7*01	IGHJ6*02	IGHA1	TGTGCGAGGCGGTATTACTATGATAATGGTGGTGGTTGCGGTCTGGACGTCTGG	41842
186	IGHV5-51*01	IGHJ6*02	IGHA1	TGTGCGAGACAGATGATGTCAGCATCTGGCAGCGACTACTTCTACGGTATGGACATCTGG	69351
210	IGHV3-21*01	IGHJ4*02	IGHA1	TGTGCGAGGAGGGGCCCTCTAGATGGCCCTGTTGACTACTGG	21935
242	IGHV4-61*03	IGHJ6*02	IGHA1	TGTGCGAGAGACTACAATAGCGGCGACTACGGTATGGACGTCTGG	65762
211	IGHV3-23*01	IGHJ3*01	IGHA1	TGTGCGAAGGGCCTCCTCGGCGACTACGTCACTTCGGGGGCTTTTGATGTTTGG	23963
217	IGHV4-59*01	IGHJ6*02	IGHA1	TGTGCGAGATATCAGTTTTGGACCGTCGGGCGACCCTACGCTTTGGACGTCTGG	64453
220	IGHV1-69*01	IGHJ4*02	IGHA1	TGTGCGGCTTCCTGGCGGCGTTACTCTAGTTCGGGAAGTTATTCCCCATACTTCTTTGACCACTGG	12305
224	IGHV3-33*06	IGHJ4*02	IGHA1	TGTGCGAAATCAAGTCGCGATTTTTGGAGTGGTCCCCGGGACCACTACTTTGACTCGTGG	32648
256	IGHV5-51*03	IGHJ4*02	IGHA1	TGTGCGAGACATTTCGGGTACAGCTTTGGCTACGGTCTTTGGGGCCCAAATTATGACTTCTGG	68442
368	IGHV3-9*01	IGHJ4*02	IGHM	TGTGCAAAAGCGTATTGTAGTAGTAGTATTGCCTGCTCCCCCGCGACTACTGGG	47594
254	IGHV3-7*01	IGHJ4*02	IGHA1	TGTGCGAAGTACAGTGGGGCCTACTCCTTTGAGTCCTGG	39646
271	IGHV4-34*02	IGHJ6*02	IGHA1	TGTGCGAGAGGCCTGCGGTCTTTGACATGGTCCGGGGAGCGGGCCTTCTACTTCTATTACGCGATGGACGTCTGG	52938
269	IGHV4-4*07	IGHJ6*02	IGHA1	TGTGCGAAAGAGAGGGGGGAGTGGGACGGTATGGACTTCAGG	61419
267	IGHV1-2*02	IGHJ4*02	IGHA1	TGTGCGAGAGAGGGGGGCTACAATTCTGGGGAGGCAATTGACTACTGG	5051
299	IGHV4-30-4*09	IGHJ4*02	IGHA1	TGTGCGAGATACGGTGATTACCCTCTATGGGGATTTGACTCCTGG	49355
278	IGHV1-18*04	IGHJ4*02	IGHA1	TGTGCGAGAGACACCACCTATAGTAGTGGCTGGGGATTTGACCACTGG	1023
308	IGHV3-11*01	IGHJ5*02	IGHA1	TGTGCGAAAGATCGCAGTCGCAGTGGCTTGTACGGGGGGTTTCGGTTTCTTCGTCCTCTAAACCACTGG	18446
290	IGHV3-7*01	IGHJ4*02	IGHA1	TGTGCGAGAGATATGGCTAGGTCACTTGACAACTGG	39434
128	IGHV4-4*07	IGHJ5*02	IGHG3	TGTGCGAGAGAAAGTCATTACGATTTTTGGAGTGGTTGGATGAATTGGTTCGACCCCTGG	61313
328	IGHV2-5*01	IGHJ5*02	IGHA1	TGTGCACACCCCTATTATTATGATAGTAGTGCTTTCGACCACTGG	16478
246	IGHV3-11*01	IGHJ4*02	IGHA1	TGTGCGAGAGATGCCCTTGTGTTTACTTTTGACTATTGG	17609
260	IGHV3-74*01	IGHJ4*02	IGHA1	TGTGCAAGAGATGTCGGTGGGAGGTCCGGCTACTGG	44097
204	IGHV3-30*03	IGHJ4*02	IGHA1	TGTGCGACCTCCTTGGGCAGTGGCTGGGCAAGGTTTGACTACTGG	29687
316	IGHV3-21*02	IGHJ4*02	IGHA1	TGTGTGAGAGAAGATAGTCACAACTCCAAACACTACTACTTTGACCTCTGG	22383
288	IGHV3-7*01	IGHJ6*02	IGHA1	TGTGCGAGAATCCCAACCTTGACCCTAAGTGGGAGCTATTCGTCATACTACTACGGTCTGGACGTCTGG	41999
332	IGHV1-18*04	IGHJ4*02	IGHA1	TGTGCGAGAGCGGACTCTAGACCTTATCACTATGACACTCGTGGAAATCCCGTTGACCAGTGG	1871
298	IGHV4-30-4*09	IGHJ3*02	IGHA1	TGTGCGAGAGGGTCCTGGCGTGGTAGAGACAACCTAGGTGCTTTTGATATCTGG	49084
236	IGHV3-21*08	IGHJ4*02	IGHA1	TGTGCGAGACTCCTGCGATTTTACTTTGACTACTGG	21710
289	IGHV3-49*05	IGHJ5*02	IGHA1	TGTAGTAGGGCATCCCCTATACAACGCCCTGATTGGTTCGACCCCTGG	36327
280	IGHV3-49*04	IGHJ3*01	IGHA1	TGTACTAGAGATGGCTGGGATGGCTACAACCCCGACGGGGCTTTTGATCTCTGG	35698
303	IGHV4-59*13	IGHJ2*01	IGHA1	TGTGCGAGAGATAGCCCAAAAGTGGGGCCGCGAACGGAGGACTGGTACTTCGATCTCTGG	61853
272	IGHV1-69*06	IGHJ5*02	IGHA1	TGTGCGAAAGCGGGGGAACTACTTGTGTGGGACTGGTTCGACGCCTGG	12476
124	IGHV4-59*01	IGHJ4*02	IGHG1	TGTGCGAGAGCTAGTGGGACCTTCCGGTCTTTCTACTTTGACTACTGG	63103
238	IGHV3-30*18	IGHJ4*02	IGHA1	TGTGCGAAGGATTGGCAACCTTATAACTGGAACTACCATGGAGTCTTTGACTCCTGG	30491
321	IGHV1-46*01	IGHJ3*02	IGHA1	TGTGCGAGATCTTCAGGGGGTCCTTTTGATATGTGG	8513
286	IGHV3-7*01	IGHJ4*02	IGHA1	TGTGCGAGAGGTAGTGGGAACTATTACAGGCTCTGG	39492
93	IGHV3-13*01	IGHJ3*02	IGHG1	TGTGCAAGAAGAAATTGGAACCAAGGGGGTGGTTTTGATATCTGG	18813
255	IGHV3-23*01	IGHJ4*02	IGHA1	TGTGTGAAGACCGTGAGGTGGGAACTACCCCCATATTACTTTGACTACTGG	26690
330	IGHV3-21*01	IGHJ4*02	IGHA1	TGTGCGAGAGATAGTCGGGGCTACAATCCATATGTTTACTTTGACTACTGG	22290
103	IGHV1-2*02	IGHJ4*02	IGHG1	TGTGCGAGAGGGAACTATTACTTTGATAATACTGGTTTACATCCCCTCTTTGACTACTGG	6078
301	IGHV1-46*01	IGHJ3*02	IGHA1	TGTGCGAGAGGTAGAAATGGCTACAACTGGTACGCTTTTGATATCTGG	8555
364	IGHV3-74*01	IGHJ3*02	IGHA1	TGTGCAAGTGGCAACCCGGCGGCCGGATATGCTTTTGATATCTGG	43638
310	IGHV3-23*01	IGHJ4*02	IGHA1	TGTGCGAAAGATCTGGGGGCTAACGGAGTGGGAGCTACTTTGGACTACTGG	26380
214	IGHV3-9*01	IGHJ6*02	IGHA1	TGTGCAAAAGATCGTAACTCCTACTTCTACTACGGTGTGGACCTCTGG	48289
279	IGHV3-23*01	IGHJ4*02	IGHA1	TGTGCGAGGCTGACTATACCAGTGGCTGGGATAACTCCATACTTTGACTACTGG	27023
302	IGHV1-46*01	IGHJ6*02	IGHA1	TGTGCGAAAGATTGGGGGGCGATGGGAAGTGTTATTACCGAACCGGGAATATTCGGAATGGACGTCTGG	10165
133	IGHV3-74*01	IGHJ4*02	IGHG1	TGTGTAAGAGATCTGACAGGGGCAAATGACTACTGG	44250
233	IGHV3-21*01	IGHJ4*02	IGHA1	TGTGCGAGAGACAGGGGTCTTGTAGTGGTGGCAACCGGACAATTTGACTACTGG	22416
145	IGHV3-30*18	IGHJ4*02	IGHG1	TGTGCGAAAGCCGGTATGGTAAGGAGCCTTTGGTGGTTCTTTGACTTCTGG	30109
107	IGHV4-34*01	IGHJ6*02	IGHG1	TGTGCGAGAGGCCTTCGCAGTAACTACGTGCCGGGAGCCGTCTGG	52412
312	IGHV3-49*03	IGHJ4*02	IGHA1	TGTACTAGAGGTCCCTCGATGTCGTTTGGTGGGCACTACTATCCGAACTACTTTGACTACTGG	36241
314	IGHV3-23*01	IGHJ4*02	IGHA1	TGTGCGAAAGTCCACGATTATTATTATAGAAGTGGTTTTTACTACCCGGACCACTGG	27266
282	IGHV5-51*03	IGHJ6*02	IGHA1	TGTGCGATATATGGTACACCTGACATGACGGACTATGGTTTGGAAGTCTGG	69191
313	IGHV3-21*01	IGHJ4*02	IGHA1	TGTGCGAGAGGGGGTGTTACTACTAGGTGCTATGACTACTGG	21916
355	IGHV3-7*01	IGHJ5*02	IGHM	TGTGCGAGAGGTCATTGGCAGTTCGAGCGTTGG	41339
324	IGHV1-2*02	IGHJ4*02	IGHA1	TGTGCGAGATCCCGGTTAGCTACAGCTGGGACACACTATGACTCCTGG	5195
320	IGHV3-30*18	IGHJ6*02	IGHA1	TGTGCGAAGACCCGAGACGATTTTTGGAGTGGTTATGATTTCGATATGGACGTCTGG	31270
351	IGHV4-30-4*09	IGHJ4*02	IGHA1	TGTGCGAGAGAAAGGGGGTCCACGGCGCCTCCTCGCGGGGTATTTGACGACTGG	49517
144	IGHV6-1*01	IGHJ4*02	IGHG1	TGTGCAAGAAGCCTCCATTACTATGACAGTAGTGGTTATTACTACTTTGACTACTGG	70508
434	IGHV4-59*01	IGHJ6*02	IGHA1	TGTGCGAGAGACGCCGCCTGCGGTATGGGCGTCTGG	64242
293	IGHV3-7*01	IGHJ5*02	IGHA1	TGTGCGAGAGAACCCACGCCCCTCACATCTTATTCTGCAGGAGGCGCTTATTATTCTTTCGACCTCTGG	41616
294	IGHV1-8*01	IGHJ6*02	IGHA1	TGTGCGGGAGTCACCGCTCCCGATGTTGACGGTGACTACGGAATTCACACCCCCGATTTCGACCTCTGG	15224
306	IGHV1-46*02	IGHJ6*02	IGHA1	TGTGCGAAAGATTGGGGGGCGATAGGATCGGTTATTACCGAACCGGGGATATTCGGTATGGACGTCTGG	10165
309	IGHV3-33*05	IGHJ4*02	IGHA1	TGTGCGAGAAGTTATGACAGTAGTGGCTACAGAGGCCAGTTTGACCACTGG	32420
352	IGHV1-58*01	IGHJ5*02	IGHA1	TGTGCGGTCATGTATTCTCGTGATTCGGGGACTTATTATTCACTCCGACGCTCGGGCTGGTTCGACCCCTGG	10391
154	IGHV1-8*01	IGHJ4*02	IGHG1	TGTGCGAGAGTCCCCCCCAATTATAGCCGTGGCTGGTACGCGGACTCCTGG	14565
300	IGHV4-4*07	IGHJ2*01	IGHA1	TGTACGCGAGTCAGACTTTCGGGCTCACTGGCAGCCCGCACCTACTACTTCGATTTCTGG	60022
347	IGHV3-33*01	IGHJ4*02	IGHM	TGTGCGAGAGAATATTGTAGTACTACCAGCTGCTATGATGATAAGAGGGGGTTTTTTGGCTACTGG	32712
179	IGHV5-51*03	IGHJ4*02	IGHG3	TGTGCGAGACAGCTTAATCGATTTGGAAGTGGTTTTTATCCTCCCGGGGACTCGCCGTTTGACTACTGG	68535
339	IGHV4-59*02	IGHJ6*02	IGHA1	TGTGCGAGAGGGGGGGTCTTCCAGGACGTCTGG	64237
318	IGHV3-9*01	IGHJ4*02	IGHA1	TGTGTGAGAGCCAACGGGGGCGTCCCTCTCGACTGG	46672
277	IGHV3-33*01	IGHJ4*02	IGHA1	TGTGCGAGAATGGGGAGCCATTACTCTGATGGCAGTGGTTACGGCTACGGGGCATTTGACCTCTGG	32711
259	IGHV3-74*01	IGHJ4*02	IGHA1	TGTACAAGAGGCTATGATAACGCTTGGGGGAGTTATCCCTTTGACTACTGG	45103
329	IGHV4-4*07	IGHJ6*02	IGHA1	TGTGCGAGAGATTGGGGCCTCCACGGCATGGACGTCTGG	61414
315	IGHV3-21*02	IGHJ5*01	IGHA1	TGTGCGAGGCCACCTCCGAGACCTGGAACCGTAAACTGGGTCGACTCCTGG	22824
230	IGHV3-7*01	IGHJ5*02	IGHA1	TGCGCGAGAGATTTAGCTAAACAACGGGTGGCCAATGGGGAAGCCGACCACTGG	41546
206	IGHV4-4*12	IGHJ5*02	IGHA1	TGTGCGAAGTTTACGGATGGAGACTTAATTTTGGGCAGCTGGCTCGACCCCTGG	61257
292	IGHV3-7*01	IGHJ4*02	IGHA1	TGTCTGTACTGGAACGACTTCGCACCACCACACTACTTCGACTATTGG	40488
325	IGHV1-69*01	IGHJ6*02	IGHA1	TGTGCGAGCACGGAGGCTTTCGGGTTCTTCGCTATGGACGTCTGG	12910
305	IGHV6-1*01	IGHJ4*01	IGHA1	TGTGCTAGAGGAGGGTGTGTATTGGGGAGTAACAGATGCGCTCCCTTTGACTCCTGG	70525
356	IGHV3-72*01	IGHJ4*02	IGHA1	TGTGCCAGAGTAGAGTGTAGTGGTAGCAGCTGCCATTTGAACTGCTGG	42521
190	IGHV1-18*04	IGHJ5*02	IGHG1	TGTGCGAGAGATTGGTATTGTCCTCCCGGTGATCCTGCTTGTTACAACTGTTTCGACCCCTGG	2357
323	IGHV1-2*02	IGHJ4*02	IGHA1	TGTGCGAGAGGGGGACCCCTCTGGGCCGGAGAACTCTACTACTTTGACTACTGG	5751
148	IGHV3-74*03	IGHJ4*02	IGHG1	TGTGTAAGTGCCTTTAGTGGCAGCAGTAACTACTGG	44263
67	IGHV4-61*03	IGHJ5*01	IGHG3	TGCGCGAGAAGGCGGGGTGACTACGGTGACTACGGTTTCGACTTCTGG	65599
327	IGHV4-34*02	IGHJ2*01	IGHA1	TGCGCGCGCGCTCGGTGGTTCTCTGGGACCGTCGACAGCTACTGGCACTTCGATCTCTGG	50216
341	IGHV4-31*13	IGHJ5*02	IGHA1	TGTGCCAGAGCACTGGGATATAGAAACGGGGGATTCGACACCTGG	50073
265	IGHV4-39*08	IGHJ5*02	IGHA1	TGTGCGAGACATGAGACGATTTTCGAAGCATCAGCTGCTGTGGGTTTCGACCCCTGG	58778
188	IGHV4-39*01	IGHJ5*02	IGHG1	TGTGCGACATCGGAACGCTTTTTGGGGGACTTACCCCAAATCAACTGGTTCGACCCCTGG	58862
334	IGHV3-53*01	IGHJ4*02	IGHA1	TGTTCGAGAGCGACGGGCCCGCGTGACACCCACTGGCCCTACTCTGACTACTGG	37721
345	IGHV3-11*01	IGHJ5*02	IGHA1	TGTGCGAGACGGGGGGATGGTTCGGGACCGACGTTCGACCCCTGG	18326
363	IGHV3-73*02	IGHJ3*02	IGHM	TGTACTCGAGACGACTACGGTGACTACGGTGCCGATGCTTTTGATATGTGG	42930
218	IGHV4-30-4*09	IGHJ5*02	IGHG1	TGCACGAGAGAGGAGCGAGGATATTACCATGATAACAGTGGTTCTTGGGTCAACTGGTTCGACCCCTGG	49841
360	IGHV3-21*01	IGHJ4*02	IGHA1	TGTGCGAGAGTTGGTATAGCAGTGGCTGGTACTAGGGGAGGAGAACTTGAGTACTGG	22577
174	IGHV3-53*01	IGHJ5*02	IGHG1	TGTGCGAGAGATCCTCCGGGTATAGCATTAGGTGGCACGGGGGCCTGG	37962
273	IGHV1-46*01	IGHJ5*02	IGHA1	TGTGTCAGAGCCGAATTCTCCAACTGGTTCGACCCCTGG	9724
375	IGHV1-8*01	IGHJ4*02	IGHA1	TGTTCGAGAGCGGGTCTCATGGCTTCCTTGGGGGACGTCTGG	14378
353	IGHV3-74*01	IGHJ4*02	IGHA1	TGTGCAAGAGATCTCAATGTGCGTGACTACTCAAGTCGTGGAGACGACTTTGACTTCTGG	45330
387	IGHV3-21*01	IGHJ4*02	IGHA1	TGTGCGAGAGATCTCCGGGGAAACAACTATGCGATTGACTACTGG	21999
343	IGHV1-2*02	IGHJ4*02	IGHA1	TGTGCGAGAACACTGACAATCCGTGACAGTACTGGGCAGGTGGACTACTGG	5279
337	IGHV1-24*01	IGHJ4*02	IGHA1	TGTGCCTCTCCGGCTGTTCCTTGGTACTTCTTTGACTACTGG	8040
342	IGHV4-30-4*09	IGHJ4*02	IGHA1	TGTGCGTGGCTCCAGCCGATGACGACATCTGGGGTGCCCTTTGACTACTGG	49510
383	IGHV3-11*01	IGHJ3*02	IGHA1	TGCGCGAGACAGAACTACGGCTTTGACCTAAATAATGCTTTTGACATTTGG	17369
384	IGHV1-18*04	IGHJ6*02	IGHA1	TGTGCGAGAGATGTTTCAGCAGCAGCAGCTGGTGGTGAAGGCTACTACGGTATGGACGTCTGG	2835
381	IGHV3-30*18	IGHJ3*01	IGHA1	TGTGCGAAAGGATTGTATAGTGGGACTCCTGATGCTCTTGATTTTTGG	29132
376	IGHV3-11*01	IGHJ4*02	IGHA1	TGTGCGAGAGATAAGGACGATGACAACGGTGATACAGTCTTTGACTTCTGG	18015
287	IGHV3-21*01	IGHJ4*02	IGHA1	TGTGCGAGAGATGGCTTACATGGCAGTGGCCGCCATTTTGACTACTGG	22164
326	IGHV1-46*01	IGHJ4*02	IGHA1	TGTGCGCGAGACTATCCCGTCGGGGGAATTCCAACTCACCTTTTAGGCCACTGG	9480
372	IGHV4-59*01	IGHJ4*02	IGHA1	TGTGCGAGAGGACAGAGGGGCAGCGCGGCCGAAGACTACTACTTGGACTACTGG	63452
344	IGHV3-11*01	IGHJ4*02	IGHA1	TGTTCGAGAGATCCAAGGCGCCTGCCCTACTGG	17535
359	IGHV3-48*02	IGHJ4*02	IGHA1	TGTGCGAGAGATCTGGGGGTGGCGGATGATGACATTTGGGGGAGTTATCGTTATACATCGTACTACTTTGACTACTGG	34999
172	IGHV1-69*01	IGHJ4*02	IGHG1	TGTGCGAGAGATCGCTACTATGGTTCGGGGAGTCCCTTTGACTTCTGG	11426
361	IGHV3-21*01	IGHJ4*02	IGHM	TGTGCGAGGAAAAATTGTGGTGGTGACTGCTCATATCCGAACCCCCATGACTACTGG	22579
421	IGHV3-15*01	IGHJ4*02	IGHM	TGTACCACCTTCTGTGATGGCCGGGGCGACTACTGG	19616
409	IGHV2-5*01	IGHJ4*02	IGHA1	TGTGCACACACGCGTCATCGTGATAGTAGTGCTGTTTTCCCCCCTGACTTTTGG	16202
166	IGHV1-18*04	IGHJ6*02	IGHG1	TGTGCGAGACCGCATCCTTCAATTACTGTGGTTCGGGGAGTTACCCGGCAATACTACTATTATGGTATGGACGTCTGG	3047
207	IGHV3-7*01	IGHJ4*02	IGHG1	TGTGCGCAGGACACCTATCGTCAAGATGACCACTGG	39536
311	IGHV3-49*05	IGHJ4*02	IGHA1	TGTTCTAGACTTAGAGTAGTGGTCCGGGTGCCCAAAGCCAACTATAGCAGCAACTGGTACTTTGAGGACTGG	36286
449	IGHV5-51*03	IGHJ5*02	IGHA1	TGTGCGAGACATGAGAGGCTTGCAGCAGTTGGTGACCCCTGG	68637
201	IGHV4-39*01	IGHJ4*02	IGHG1	TGTGCGAGACATGTTAGCAGCAGCTGGATTTACTTTGACTACTGG	55437
222	IGHV1-2*02	IGHJ6*02	IGHG1	TGTGCGAGAGATTACGAACGGTGGGTGGTTTTGCCCTACTACTTCTACGGTTTGGACGTCTGG	7591
304	IGHV1-2*02	IGHJ5*02	IGHA1	TGTGCCAACAACCGCAATCCTGGCAGTGATTACTTCCTGTCGTCCTGG	6529
250	IGHV4-61*08	IGHJ3*01	IGHA1	TGTGCGAGGGACGACCAGTGGGGAGATCCCTTTGATCTTTGG	64817
335	IGHV5-51*03	IGHJ3*02	IGHA1	TGTGTGAGACACACTAATGCCGATCCCCAGCCTTTTGATATCTGG	66309
365	IGHV3-74*01	IGHJ1*01	IGHA1	TGCACAAGAGTGGGGGATTTTGATGCAAGTGGTTATTACGGATTTTCCCAGTACTGG	43461
295	IGHV1-46*01	IGHJ5*02	IGHA1	TGTGCAAAAACGGCCGCGGAAAGTCCTTGTGGCGATGACTGCTTTTCACTTCAGTCCTGG	9862
245	IGHV1-2*02	IGHJ4*02	IGHG1	TGTGCGAGAGATCTCTATCCAGTGTCTGGTACGATTTCGGGGGTGACTGCTGTCTACTGG	6057
349	IGHV3-11*01	IGHJ4*02	IGHA1	TGTGCGAGAGATGGCCCTGTGTTTGGTTTTGACTATTGG	17609
235	IGHV3-15*01	IGHJ5*02	IGHA1	TGTACCACAGATCCCAGGAGGGGGTTCCGTGACTGGTCCGACCCCTTG	20928
296	IGHV3-30*03	IGHJ4*02	IGHA1	TGTGCGAGAGGGGCACAGGCAGTGGCTGGAGATCTCCGACACTACTCTGATAGTACTCCTTATTCCGGCCTCCTTGACTACTGG	30816
205	IGHV2-5*01	IGHJ4*02	IGHG1	TGTGCACACAGCGAGCGTCGATACACCTATGGTGCCTTTGACTACTGG	16058
348	IGHV1-2*06	IGHJ6*02	IGHA1	TGTGCGGGGGTCACCGCTCCCGATGTTGACGCTGACTACGGAATTTTCACCCCCGATTTGGACCTCTGG	7773
200	IGHV3-49*03	IGHJ5*02	IGHG1	TGTACTAAAGCCATAATAAATCGGAACGGCTGGTTCGACCCCTGG	36307
231	IGHV3-7*01	IGHJ4*02	IGHG1	TGTGCGAGCGTCAAAGGTCGGACTAACTGGGGCGACTACTGG	40141
367	IGHV3-23*04	IGHJ4*02	IGHA1	TGTGCGAAGGAGTCGAGTTTCGCCTACGGTCCTCTCTCATCCCACTTTGACTACTGG	27155
398	IGHV3-30*03	IGHJ6*02	IGHA1	TGCGCGAGAGACGGCTTTTGGGGGAGTCATCGGGCTATGGACGTCTGG	31072
223	IGHV1-8*01	IGHJ5*02	IGHG1	TGTGCGAGAGGCGGGGGATACTATGATAGTGGTGGTTATCATATCTCCGGATTCGACCCCTGG	14967
391	IGHV3-20*04	IGHJ6*02	IGHA1	TGTGCGAGAGGCTACAGTTCCCACTACTACGACTTCGGTGTGGACGTCTGG	21349
407	IGHV1-46*01	IGHJ6*02	IGHA1	TGTGTGAAGGATAAGGGGCCGATGGGAATGGTTATTACCGAACCGGGGATCTACGGTATGGACGTCTGG	10167
257	IGHV3-7*01	IGHJ4*02	IGHG1	TGTACGAGAGATGGACTTTGG	38922
378	IGHV1-46*01	IGHJ6*02	IGHA1	TGTGCGAGAGCTCACGGGTATGGGTACTACGGTCTGGACGTCTGG	9977
393	IGHV3-9*01	IGHJ4*02	IGHA1	TGTATAAAAGAAAAACTGCCCGGTGGCCTTGACTACTGG	46681
420	IGHV3-15*01	IGHJ3*01	IGHA1	TGTGCCACTGGATACTGTAGCGGTGGTAGGTGCCACTACGATGATGCTTTTCATCTCTGG	19281
424	IGHV3-23*01	IGHJ4*02	IGHA1	TGTGCGAAAGATATGGGGCCGGGGCCATTTTGTGGTGTTGACTGCCATATCTTTGACCAATGG	27607
392	IGHV3-48*01	IGHJ3*01	IGHA1	TGTGCGAGAGGCACGCCGCGGCTGACTAATGATGTGGGGGATGCATTTTATGTCTGG	33584
427	IGHV5-51*03	IGHJ5*02	IGHA1	TGTGCGAGACTTCAACCGGAACATTGGTTATTAGGAGACAACTGGTTCGACCCCTGG	68882
397	IGHV1-45*02	IGHJ4*02	IGHA1	TGTGCAAGTTCGACCAACAGTCCGCACTATTCCTTTGACTACTGG	8454
399	IGHV1-18*04	IGHJ4*02	IGHA1	TGTGTGAGAGATCGGGGGCCGTATTGTACTAGGCCTAATTGCTACTCAAGGTATTTTGACTATTGG	1946
433	IGHV4-59*11	IGHJ6*02	IGHA1	TGTGCGAGATTTGGGACCAGCTACTACTACGGTATGGACGTCTGG	64328
362	IGHV5-51*03	IGHJ3*02	IGHA1	TGTGTGAGAAACGGTTGTAGTGGTGGTGCCTGCTTCGATATCTGG	66308
350	IGHV3-11*01	IGHJ4*02	IGHA1	TGTGCGACAGACATGTCGTTGGTCACCTTTGACATCTGG	17605
380	IGHV1-46*01	IGHJ4*02	IGHA1	TGTGCGAGGCCTCACTGTGATCGTGACTGCTTTGGCCCACGTTTTGACCACTGG	9407
415	IGHV3-23*01	IGHJ4*02	IGHA1	TGTGCGAAGAAGGGAGCCAGTACCTCCGAGTTCTACTTTGACTATTGG	25557
358	IGHV3-48*02	IGHJ4*02	IGHA1	TGTGCGAGAGATCTGGGGGTGGCGGATGATGACGTTTGGGGGACTTATCGTTATACATCGTACTACTTTGACTACTGG	34999
382	IGHV1-46*01	IGHJ4*02	IGHA1	TGTGCGACATTCGGAGATGGCTACAAACGAGTTGACTTCTGG	8899
438	IGHV1-2*02	IGHJ4*02	IGHA1	TGTGCGAGGACTTATAGCAGCAGCTGGTTTGGGTTTGACTACTGG	4864
460	IGHV3-9*01	IGHJ4*02	IGHA1	TGTGCAAAAGAGGACGCCCATAACTGGAGCTATGACTCCTGG	46734
251	IGHV3-11*01	IGHJ3*02	IGHG1	TGTGCGAGACTAAATAGGATTGATATCTGG	17295
266	IGHV1-2*02	IGHJ3*01	IGHG1	TGTGCGAGAGATCAGAGGGGAATTCTTATGGTTCGGGGACCTCTCTCCAATGCTTTTGATTTCTGG	3710
401	IGHV1-46*01	IGHJ3*02	IGHA1	TGTGCGTGCGGTGACTATGAAGCTCCCGATGTTTTTGCTATGTGG	8532
440	IGHV3-11*01	IGHJ4*02	IGHA1	TGTGCGAGAGATGCCCTTGTGTACACTTTTGACTATTGG	17609
385	IGHV1-8*01	IGHJ6*02	IGHA1	TGTGCGAGAATTGGACTAGAGTGTAGTACCACCAGCTGTTATACTGCCGTTTACGACTACTACGGTATGGACGTCTGG	15252
422	IGHV3-73*02	IGHJ4*02	IGHA1	TGTAATCCACTCGCCGGTGACTTTGACGTAATG	42989
388	IGHV3-7*01	IGHJ4*02	IGHA1	TGTGCGTCAAACTCGGACTACCGTTTTGAGTACTGG	39552
370	IGHV4-59*01	IGHJ6*02	IGHA1	TGTGCGAGGGATCTATGGTTCGGGGAGTCATTATCCGGTTTGGACGTCTGG	64409
377	IGHV3-30*18	IGHJ4*02	IGHA1	TGTGCGAAAGAACAGGACTACGGTGACTTCTCTGACTACCGG	29442
439	IGHV3-33*01	IGHJ6*02	IGHA1	TGTGCGAGTAGTTCGAGAGGTAGTAGTATCAGCTGTTATTCGTGGTTGTGTCAATTGTACGGTATGGACGTCTGG	33162
264	IGHV4-39*08	IGHJ6*02	IGHG1	TGTGCGAGACGCCTCGATTTTTGGAGTGGTTATTATGAGGGGAGGGGGGAAAACTACGGTATGGACGTCTGG	59880
431	IGHV1-8*02	IGHJ4*02	IGHA1	TGTGCGCGAGACAGAAAGGGCCTTGCATTCTGG	14216
134	IGHV3-53*01	IGHJ3*01	IGHG3	TGTGCGAGAGGCCCTGGGCACAATGTGTGGAGTGGTTACTATGCTTTTGATGTCTGG	36786
221	IGHV1-69*01	IGHJ4*02	IGHG1	TGTGCGAGCCCCCACCCGCCTGGGGACCACCACTTTGACCACTGG	11316
297	IGHV4-61*01	IGHJ4*02	IGHG1	TGTGCGAGTTACTACTATGATAATACTCTTTATTACGACCATTACTACTTTGACTACTGG	65472
331	IGHV3-7*01	IGHJ6*02	IGHA1	TGTTCGAAATTGGGCAGGGGTAGTGGCCGTATGGACGTCTGG	41729
340	IGHV4-39*01	IGHJ5*02	IGHG1	TGTGCGAGACGCCTAGCTCGTCAGGGCTGGTTCGACCCCTGG	58045
374	IGHV1-2*02	IGHJ5*02	IGHA1	TGTGCGAGAGATAGGCGACTGACTGGAACTGTTCGGGACCGTCCTGGCGCTTCTGACCTCTGG	6959
389	IGHV3-48*02	IGHJ1*01	IGHA1	TGCGCGAGGTCCTCTGATGACGTCTGGGGGAGTTACCGTTCGTTTTTTGATTTCTGG	33381
435	IGHV4-4*07	IGHJ1*01	IGHA1	TGTGCGAGGGATAAAAGTAGCTGGCAAGAATACCTCCAACACTGG	59966
437	IGHV4-34*02	IGHJ6*02	IGHA1	TGTGCGAGAGGTTTCGTGGGACTTACTCGTAGGTACTCCCACATTGTGGACGTCTGG	52577
366	IGHV3-74*01	IGHJ4*02	IGHA1	TGTACAAGAGGCGGTGACACCGAGATTTTTGACTTCTGG	44296
428	IGHV3-9*01	IGHJ4*02	IGHA1	TGTGTAAAAGTTTCCCGCGGGGGTTATGTTGGCTCCTTTTATGACAGACGTGGTTTTTATTTTGACGGCTGG	48008
441	IGHV1-69*01	IGHJ4*02	IGHA1	TGTGCGAGAGTCGGCCAGCCACTACTATTCGAGAAGGGCGGCTTTGACTATTGG	11836
448	IGHV3-15*01	IGHJ4*02	IGHA1	TGTGCCACAGTGGGGTGGCATATGAATTATTATGAGAGTAGTGGTTACGCTGACCACTGG	20721
291	IGHV3-53*01	IGHJ6*02	IGHG1	TGTGCGAGTAGGTGGTTGTGGAACTACTACTCTATGGACGTCTGG	38068
465	IGHV2-70*01	IGHJ6*02	IGHA1	TGTGCACGGACACAGTCTTCTTATTACAACGGCTACCTATACTATCACGGAATAGACGTCTGG	17152
403	IGHV4-61*01	IGHJ4*02	IGHA1	TGTGCGACTGGACCCAGTGGTTATAGAGTTGACTACTGG	64967
418	IGHV5-51*01	IGHJ5*01	IGHA1	TGTGTGAGAAGTGCGACGGGTAACTGGTATCAAAAGTTCGACTCCTGG	68744
283	IGHV3-74*01	IGHJ6*02	IGHG1	TGTGCAAGAGTTCACTATGATTCGGGGACGAACGTCTGG	45766
426	IGHV3-23*01	IGHJ4*02	IGHA1	TGTGCGAAGTCGAATATCCCACATCGCTTATCGCTCTGTTTTGACCAGTGG	26587
445	IGHV1-18*04	IGHJ4*02	IGHA1	TGTGCGAGAGAATTGATTGGAAGCACAGGGGGGGACCACTGG	672
462	IGHV1-18*04	IGHJ4*02	IGHA1	TGTGCGAGAGATCTGGAAAACTGGCTGGTCTTTGGGTTCTGG	699
456	IGHV3-49*03	IGHJ4*02	IGHA1	TGTAACAGAGCTGGTGTTACGAGATTTGGAGTGGTAATTCCCCCCGGGCTTAACTGG	36168
487	IGHV3-23*01	IGHJ4*02	IGHA1	TGTGCGAAAGTGCGTTTCGGGAGTTGGTACTACTTTGACTCCTGG	25302
284	IGHV3-7*01	IGHJ4*02	IGHG1	TGTGCGAGAAGTCGGTGGTTGAGTGAGAGCTATCCCTCGGAACTTGACTTCTGG	40871
458	IGHV3-9*01	IGHJ6*02	IGHA1	TGTGCAAAAGACACGGGCGGTCCAAGGTGGCACGATGTCGTAGTAGTTCCAGCTGCTGTATTCGGCCTTTACGGTATGGACGTCTGG	48890
452	IGHV3-7*01	IGHJ4*02	IGHA1	TGTGCGGCCTTGGATACAGCTCCGGGTCGTGTTGGCGGCTACTGG	40215
417	IGHV5-51*01	IGHJ4*02	IGHA1	TGTGCGAGAGTGATTAGAGATGACTACTGTGGCCACTGG	67006
451	IGHV5-51*03	IGHJ4*02	IGHA1	TGTGCGAGAGTGGCGATGCATTCGAAATACTACTATGATAGTAGTGACTATAAGACGCCTGAAAAATATTGG	68564
402	IGHV4-30-4*09	IGHJ6*02	IGHA1	TGTGCGAGAACCAGGAAATATTGTGCTTCTGCCACCTGTTCGCACTACTACGACGGGATGGACGTCTGG	49975
446	IGHV1-58*01	IGHJ5*02	IGHA1	TGTGCGGCAGATCGGCTGGGGTCCTATGTTGATGGTGTTTTTCACTACATAGGGAAACTCGACCCCTGG	10386
319	IGHV4-61*03	IGHJ6*02	IGHG1	TGTGCGAGGGGGTCGGACGATTCCGATTTTTGGGGCCACTACACTCTGGACGTCTGG	65850
412	IGHV3-7*01	IGHJ6*02	IGHA1	TGTGCGCGAGGTGTCCCCCCTGCGGACGTCTGG	41669
423	IGHV3-21*04	IGHJ6*02	IGHA1	TGTGCGAGAGACACGTATTACTTCGATAGTAGTGGTGACTACTATCCTGGTTACTACGGTATGGACGTCTGG	23320
443	IGHV3-30*18	IGHJ4*02	IGHA1	TGTGCGAAAGATTGGCAGCCTTATAACTGGAACTACCATGGGGTCTTTGACTCTTGG	30491
459	IGHV3-23*01	IGHJ4*02	IGHA1	TGTGCCAAAGACAGAGGTGCGGCTGCCGGTGGCTGGGAAGAATACTACTTTCACTACTGG	27371
464	IGHV1-2*02	IGHJ5*01	IGHA1	TGTGCGACAGATAGGGGACACGAGCGACTCCCGTTTGAGACCTGG	6474
470	IGHV3-11*01	IGHJ5*02	IGHA1	TGTGCGAGACGGGGGGATGGGTCGGGACCGACGTTCGACCCCTGG	18326
395	IGHV3-9*01	IGHJ6*02	IGHG1	TGCGCAAAAGTACTCGAAGTCGGCCCTGACTTCTTCTACAACGGTTTGGACGTCTGG	48538
468	IGHV1-2*02	IGHJ4*02	IGHA1	TGTGCGAGAGGAAATGGTCTTTCGATTTTTGCAGTGGTTGAGACGTGG	5120
268	IGHV1-8*01	IGHJ5*02	IGHA1	TGTTCGAGAGCGGGTCTCTGGGCTGCCTTGGGGGACCTCTGG	14811
416	IGHV3-23*01	IGHJ6*02	IGHA1	TGTGCGAAGACCCTTCCGGCTCTAAATACACGACAAAACTACTATCATGGCATGGACGTCTGG	28808
373	IGHV1-69*01	IGHJ6*02	IGHG1	TGTGCGAGAGGTATCCAGGGACAATGGTCCGGGGAGTTGTTGCGCCAGTTTCGTTACGGTATGGACGTCTGG	13757
447	IGHV3-23*01	IGHJ6*02	IGHA1	TGTGCGAAAGTTTTGCGGGCCACGGAGACCCTACTTTCCCTCTCGTATTACTATTACGGAATGGATGTCTGG	28927
404	IGHV4-4*07	IGHJ6*02	IGHA1	TGTGCGAGAGATGGAAGTCTGGATTTTTGGAGTGGTGATTATAACGATGACTACTATTACGGTATGGACGTCTGG	61698
396	IGHV4-4*07	IGHJ4*02	IGHA1	TGTGCGAGAGATGCCTATGGCGGCGCCTTTGACTACTGG	60310
489	IGHV3-9*01	IGHJ4*02	IGHA1	TGTGTCAAAGGCCGTCGCACTCACTGCTATTACCCTCTTGACCAATGG	47227
386	IGHV5-51*03	IGHJ4*02	IGHG1	TGTGCGAGACATCACGGCTGGTACCAAGGGGTTGACTACTGG	67127
517	IGHV3-7*01	IGHJ4*02	IGHA1	TGTGCGAGAGAGAGGGGTGGTGTCCTTGACTACTGG	39421
463	IGHV1-18*04	IGHJ6*02	IGHA1	TGTGCGAGAGATCGAGTCGTAGTACCCTCTGCTGTCGACAATCCCTCGGCTAGGTACGGTATGGACGTCTGG	2983
485	IGHV5-51*03	IGHJ5*02	IGHA1	TGTACGAGGCGAGGATATTGTGATGGCGGCAGTTGCTTGCCGGGTCGCTGGTTCGACCCCTGG	68942
442	IGHV1-18*04	IGHJ3*01	IGHG1	TGTGCGAGAGATGGCTGGCATACGGTTGTTATTGCGGGGTTGAAAGCTTTTGATGTGTGG	287
346	IGHV3-11*01	IGHJ4*02	IGHG1	TGTGCGAGCGCATGGACGTATTACTTTGATCATAGTGGTCGTTACTACCCCCCAAATGACTACTGG	18263
390	IGHV3-21*08	IGHJ6*02	IGHG3	TGTGCGAGAGAGAGGGGTCCTGATTGGAGTTATGGTTTGGACGTCTGG	22965
495	IGHV4-34*01	IGHJ5*02	IGHA1	TGTGCGAGACGTGTACGAAGGTGTAGTAACAGGTGCTATGTTTGGTTCGACCCCTGG	52103
336	IGHV4-61*08	IGHJ5*02	IGHG1	TGTGCGAGAGGTCGTGGTTATCTCGTAAACACCTGGTTCGACCCCTGG	65620
444	IGHV3-30*18	IGHJ4*02	IGHG1	TGTGTGAAACATGGCAGCCGGGGTCCAAACGACTTAGAGTACTGG	29711
317	IGHV3-23*01	IGHJ4*02	IGHG1	TGTGCGAAAGATTTCAAACCCAGTGACGGGAAGTTCGAACTTGACTACTGG	26428
354	IGHV3-23*01	IGHJ3*01	IGHG1	TGTGCGAGAGATGGCTGGGTGGCAGTGGCTGGTACGAATGATGGATTTGATTTCTGG	24075
512	IGHV3-7*01	IGHJ4*02	IGHA1	TGTGTGAGAGGGGGGGAATCGAGGTTATTAACAACTCTCTGG	40194
371	IGHV1-69*01	IGHJ4*02	IGHG1	TGTGCGAGTGGAAGTGGCTGGTACTCGGGGCCTTGCGACTTCTGG	11341
490	IGHV3-9*01	IGHJ6*02	IGHA1	TGTGTAAAAGACGGGGAACGGATGACGGCCTTTGGACTGGTCATCGGCCCCAATTCACACCACGGAATGGACGTCTGG	48867
475	IGHV3-53*01	IGHJ4*02	IGHA1	TGTGCCACACTGAACCATTTGAGCAGGGGCTTCTTTGACCGCTGG	37358
498	IGHV4-4*07	IGHJ6*02	IGHA1	TGCGCGAGAGGGGGGAGTGTTGAAGGTACTGGGGCATACTACGGTTTGGACGTCTGG	61558
5369	IGHV3-9*01	IGHJ4*02	IGHM	TGTGCAAAAGCGTATTGTAGTAGTAGTATTGCCTGCTCCCCCGCGACTACTGGG	47594
543	IGHV4-61*01	IGHJ6*02	IGHA1	TGTGCGATAGTACAAGGGCAGTCATACTTCTACTACTACGGTATGGACGTCTGG	65809
274	IGHV1-69*01	IGHJ4*02	IGHG3	TGTGCGCGATCTCCTAACTACACCTGGTCCAAGTTTGACTCCTGG	11346
405	IGHV4-59*01	IGHJ5*02	IGHG1	TGTGCGAGGCTCCCTGCCAGCGTTCCCAGCTGCTATGGATGTGACTGGTTCGACCCCTGG	64160
488	IGHV3-23*01	IGHJ3*02	IGHA1	TGTGCGAAACAGGGTGATGGAAAACCTCATGAAAGCAGCTCTTATAAGGATGCTTTTGATATGTGG	24142
499	IGHV1-69*01	IGHJ6*02	IGHA1	TGTGCGAGCCTACTTACGTACGGAATGGACGCCTGG	12859
408	IGHV2-5*01	IGHJ6*02	IGHG1	TGCGCACACAGACGGGAGGCGTCTTACGACGTCTCAACTGGTTGGCGGCACTACGGACTGGACGTGTGG	16777
406	IGHV3-11*01	IGHJ4*02	IGHG1	TGTGCGAGAGTTCTTCTAGACTACGGTGAACACTACTTTGACTACTGG	17958
429	IGHV1-18*04	IGHJ4*02	IGHG1	TGTGTGAGAGATATGACTTCTAGAGGAGAAGGCTACAAACCTGACTACTGG	1423
501	IGHV4-61*01	IGHJ4*02	IGHA1	TGTTCGAGAGGATGGGATAGTGGGAGCTTCGAACTGGACTCCTGG	65158
379	IGHV3-11*01	IGHJ3*01	IGHG1	TGTGCGAGAGACCTCTCGGATGGTCTCGGTGACTCCGTCCTAGGGGCTTTTGACCTGTGG	17409
503	IGHV1-69*01	IGHJ2*01	IGHA1	TGTGCTATAGCAGAGATGGTATATGCAAGTTCGTCAAGCAGGTGGTACTTCGATGTCTGG	10549
333	IGHV3-72*01	IGHJ4*02	IGHG1	TGTGTTAAAGATTCCGGACGTGGGGCCTACTTTGACTACTGG	42404
357	IGHV3-48*01	IGHJ1*01	IGHG1	TGTGCGAGAGGCTACGGTGACGACGGATACTTCCAACACTGG	33359
413	IGHV3-15*01	IGHJ4*02	IGHG1	TGTATCCGTGAAGACTACACGCGCCAATTCTGG	19539
461	IGHV1-18*04	IGHJ4*02	IGHA1	TGTACGAGAGATGAGGGCTACGATATGGGCTACTGG	466
545	IGHV4-4*07	IGHJ4*02	IGHM	TGTGTGAGAGATCAGACTGGTTATGGGGAATACTACTTTGACTACTGG	60657
605	IGHV3-74*01	IGHJ4*02	IGHA1	TGTGCAAGTAGTAGAGGCGTG	43813
504	IGHV1-69*01	IGHJ4*02	IGHA1	TGTGCGGCAAGCGGTCCCAGAGAAGGCTACAATTACATTGGGGGCTTCTGG	11735
338	IGHV4-4*07	IGHJ4*02	IGHG1	TGTGCGAGATCTGATAGTGGGAGCTTCCAGTTCCACTTTGACAACTGG	60707
472	IGHV4-61*08	IGHJ6*02	IGHA1	TGTGCGAGGGATACCACCGGAGTTAGGACGTGGTTGGGAATGGACGCCTGG	65792
612	IGHV3-7*01	IGHJ4*02	IGHA1	TGTGCGAGAGATAGTCTACGGAGGTTTGACTTCTGG	39412
411	IGHV3-72*01	IGHJ4*02	IGHG1	TGTGTTAAAGATTCCGGACGTGGGGCCTTCTTTGACTACTGG	42403
484	IGHV3-23*01	IGHJ6*02	IGHA1	TGTACGAAAGAGCATGGGCAGCAGCTGGACTACTACCCCCACTACGGTATGGACGTCTGG	28697
419	IGHV3-48*01	IGHJ4*02	IGHG3	TGTGTCAGAGATGAATATTACTTTGATACTAGTGGTTCTTACCGAACTTTTGACTACTGG	34928
5189	IGHV3-23*01	IGHJ3*01	IGHA1	TGTGCGAAAGATCTTCCGGGGCGAAGTAGGGTTGATGCTTTTGATGTCTGG	23891
1422	IGHV4-4*07	IGHJ4*02	IGHA1	TGCGCGAGAGGAAGTGACGGTGACTACTACTTTGACCACTGG	60447
507	IGHV3-23*01	IGHJ4*02	IGHA1	TGTGCGAGAGATATCGCAGTTTCGATTTATAAATTGGACAACATTGTGATTGGTTTTTATTCTGACTACTGG	27844
477	IGHV3-15*01	IGHJ4*02	IGHA1	TGTACGACTGACCGGAGTTATGGTTACTACTCTGCCCACTGG	19951
625	IGHV4-31*02	IGHJ4*01	IGHA1	TGTGCGAGAGAACGTCGTGCGGGTGGCAGTTGGTTAACTGACTTTTGG	50043
432	IGHV1-69*01	IGHJ6*02	IGHG1	TGTGCGAGAGACGAAGTCCGATACGGATATGAATATGGGAATCACTTTTATTATCATATGGACGTCTGG	13612
491	IGHV3-48*01	IGHJ5*02	IGHA1	TGTGCCAGAGATCAGTGGGACTCACTGGGTTACAACTGGTTGGACACCTGG	35106
500	IGHV1-69*01	IGHJ6*02	IGHA1	TGTGCGAGGATGGCATATTGTGGTGGTGACTGCTCCACTCCCCGGGACTTCTATTACTATGGTATGGATGTCTGG	13860
322	IGHV1-46*01	IGHJ6*02	IGHG3	TGTGCGAGAGAATTTGTGGCAGCATCTGATAGGAGGGACGTCGACTTAGACTTCTTCGCTTTGGACGTCTGG	10194
410	IGHV5-51*01	IGHJ3*02	IGHG1	TGTGCGAGACAGGGCCCCATGTCTGGAGATGCTTTTGATATCTGG	66270
450	IGHV3-48*01	IGHJ6*02	IGHG1	TGTGCGAGAAGATTTTGTGATAGAACCACCTGCTATCCCCACTTCTACTACAGTATGGACGTCTGG	35480
513	IGHV3-48*03	IGHJ4*02	IGHA1	TGTTCGAAAATTAAAGATGGGAGCTCGTCAATCGGGGACTCCTGG	34185
564	IGHV3-11*01	IGHJ1*01	IGHA1	TGTGCACGTCATAAGGATTTTGTGCACCTTGATCACTGG	17225
3010	IGHV2-5*01	IGHJ4*02	IGHA1	TGTGCGCACACGCGTTATCGTGATAGTAGTGCTGTCCCCCCCCCTGACTATTGG	16202
414	IGHV3-23*01	IGHJ4*02	IGHG1	TGTGCGAAAGATTGTAGTGGTGGTAGCTGCTGGCTCTTTGACTACTGG	25805
486	IGHV3-23*01	IGHJ4*02	IGHA1	TGTGCGAAAGATCGAAAGGCTGGTGGTCAGTCACGTGGGGACTTTGACTTCTGG	26820
1842	IGHV4-59*01	IGHJ4*02	IGHA1	TGTGCGAGAGGACAGAGGGGCAGCGCGGCCGAAGACTACTACTTGGACTACTGG	63452
2051	IGHV1-2*02	IGHJ4*02	IGHA1	TGTGCGAGAGGAAATGGTCTTTCGATTTTTGCAGTGGTTGAGACGTGG	5120
2780	IGHV6-1*01	IGHJ5*02	IGHA1	TGTGCCAGAGATCGGGCTCTTACTCCCGGAATGGCAATTGCTACAGACAACTGGTTCGACCCCTGG	70741
547	IGHV4-59*01	IGHJ3*02	IGHA1	TGTGCGAGGACTTGGGGATCTCAGGATGGTATAAATATCTGG	61971
546	IGHV4-59*01	IGHJ4*02	IGHA1	TGTGCGAGAGGACAGAGGGGCAGCGCGGCCGAAGACTACTACTTGGACTACTGG	63452
511	IGHV3-73*02	IGHJ4*02	IGHA1	TGTTCTCCCCTTGGAAGTTTTTTTGTTCGGGGCGTTTATTCTTGG	43146
2148	IGHV1-46*01	IGHJ4*02	IGHA1	TGTGCGAGAGATCTTACTAATAGTTGGAGTTCTCAATACTACCTTGACTCCTGG	9442
5115	IGHV3-7*01	IGHJ4*02	IGHA1	TGTGCGAGAGATCTGGGGTATTGTAGTGGTGGTAACTGCTACACAACACTTGACTTCTGG	41147
555	IGHV1-8*01	IGHJ1*01	IGHA1	TGTGCGAGACAGAATAACTACGGGGAATTCCATCACTGG	14002
578	IGHV3-15*01	IGHJ4*02	IGHA1	TGTGCCACAGTGGGGTGGCATATGAATTACTATGAGAGTAGTGGTTACCCTGAGTACTGG	20721
580	IGHV3-21*06	IGHJ6*02	IGHA1	TGTGCGAGAGAGGGTATGGCAGTGGCTGGTGATGTTCGGAGGAGGAGGCACACCCTGAAAAATTATTCCCAGTCCTATGGTATGGACGTCTGG	23407
436	IGHV4-34*01	IGHJ1*01	IGHG3	TGTGCGAGAGGCGGGGCGTATTCCTATGATAAGAATCAGTTCCAACACTGG	50126
572	IGHV4-39*01	IGHJ2*01	IGHA1	TGTGCGAGAGTGCGGCGAACTTACTGGCACTTCGATCTCTGG	53205
608	IGHV3-74*01	IGHJ4*02	IGHA1	TGTGTAAGAGATTTCGTGGGACCGAGGGACTACTGG	44090
622	IGHV3-53*01	IGHJ3*02	IGHA1	TGTACGAGAGATGACGGGAGATCCTTGATTCATATCTGG	36606
3905	IGHV5-51*03	IGHJ4*02	IGHA1	TGTGCGAGACATTTCGGGTACAGCTTTGGCTACGGTCTTTGGGGCCCAAATTATGACTTCTGG	68442
505	IGHV3-15*05	IGHJ4*02	IGHA1	TGTGTAGGGAACAACGCT	19335
538	IGHV1-8*01	IGHJ4*02	IGHA1	TGTTCGAGAGCGGGTCTCTGGGCTGCCTTGGGGGACTTCTGG	14378
611	IGHV3-73*02	IGHJ6*02	IGHA1	TGTACTAAAGGAGGAATAGCAGTTCGTCCGAAGTACGGTATGGACGTCTGG	43369
476	IGHV3-23*01	IGHJ4*02	IGHA1	TGTGCGAAGGACGGGGAGTGGGGAAATGGCTATAAATATTTTGACTCTTGG	26565
884	IGHV4-39*01	IGHJ4*02	IGHA1	TGTGCGAGACATCCCCACGGTGTAGTGGGAGATTGGTACCTTGACCACTGG	56317
3745	IGHV3-23*01	IGHJ4*02	IGHM	TGTGCGAAAGCACGTGGCTACGATACCAAGAACTGTGACTACTGG	25224
430	IGHV1-69*01	IGHJ3*01	IGHG1	TGTGCGAGAGAAATCACATTGGGGGGTGCCTATGATGTTTGG	10613
482	IGHV3-7*01	IGHJ6*02	IGHG1	TGTGCGAGAGATTTGTGGCCCATGGACGTCTGG	41667
523	IGHV4-39*01	IGHJ4*02	IGHA1	TGTGCGATGTTTAGTGGGAGCTACCGAGCGTTTGACTGGTGG	55169
570	IGHV4-61*01	IGHJ3*01	IGHA1	TGTGCGAGAGTCGGGCCCGGACTGGGTGCTTGTGACTTATGG	64816
596	IGHV3-21*01	IGHJ4*02	IGHA1	TGTGCGAGAGGGGGTGTTACTACTAGGTGCTATGACTACTGG	21916
529	IGHV4-59*02	IGHJ3*02	IGHA1	TGTGCAAAGTCGAAGGATCTGATCCTCGCAGCCTCTGCTTTTGATATCTGG	62059
473	IGHV1-18*04	IGHJ3*02	IGHA1	TGTGCGAGGGCCTTTAGCGGGCTTAGTGTCGCGAAGAAGCTCGGGCAGCGACAAACGGGGGGCCGGGATGCTTTTGATATCTGG	375
394	IGHV3-15*05	IGHJ4*02	IGHA1	TGTTCCACTCTCGGAAGCACTAGCAGCTGCCCAAACGAAGACGGACGCTGCCCTGAAGACCACTGG	20795
553	IGHV1-2*02	IGHJ4*02	IGHA1	TGTGCGAGAACAAGCTACGGTGACAAAGTGGGTGCTGATGACTGCTGG	4996
1981	IGHV4-4*07	IGHJ3*02	IGHM	TGTGCGAGAAGTGCGAGTTACTATGGTGCTTTTGATATCTGG	60066
480	IGHV3-21*01	IGHJ5*02	IGHG1	TGTGCGAGATCGGGTATAGCAGCAGCTGGTGTTTTCTGGCTCGACCTCTGG	22821
615	IGHV3-74*01	IGHJ4*02	IGHA1	TGTGTAAGAGACTGTTGTGGGACGTTCGGTGACGACTGG	44453
3634	IGHV3-48*02	IGHJ6*02	IGHM	TGTGCGAGAGATGGAGGACGTGGATACGATATGGACGTCTGG	35235
525	IGHV4-39*08	IGHJ6*02	IGHA1	TGCGCGAGATCTTCGCGGGTGATTACGAACAAAGTAGTGGTTACGTCGCACGGTTTGGACGTCTGG	59805
527	IGHV2-26*01	IGHJ4*02	IGHA1	TGTGCACGGATATATTTGAGCGTCTCGTCCTTTGACTACTGG	15342
576	IGHV3-33*05	IGHJ4*02	IGHA1	TGTGCGAGAAGTTATGACAGTAGTGGCTACAGAGGCCAGTTTGACCACTGG	32420
588	IGHV3-21*01	IGHJ4*02	IGHA1	TGTGCGAGAGAACGAGCGGGTTACTACCTTGACTGTTGG	21767
594	IGHV3-7*01	IGHJ6*02	IGHA1	TGTGCGAGCGGGATAGCAATGGCTGGCTCCTTCTATTACGGTATGGACGTCTGG	41841
602	IGHV3-74*01	IGHJ5*02	IGHA1	TGCACAAGAGATCAGCTGGAGCCGCATGATATTTTAGCTTGGTTCGACCCCTGG	45622
478	IGHV5-51*03	IGHJ5*02	IGHG3	TGTGCGAGACTGGACCGCAAAGCGACACGCGATCGGGGCAACTGTTTCGACACCTGG	68880
2789	IGHV6-1*01	IGHJ5*02	IGHA1	TGTGCCAGAGATCGGGCTCTTACTCCCGGAATGGCAATTGCTACAGACAACTGGTTCGACCCCTGG	70741
566	IGHV1-8*02	IGHJ4*02	IGHA1	TGTGCGCGAGACAGAAGGGGCCTTGCATTCTGG	14216
2293	IGHV3-11*01	IGHJ4*02	IGHA1	TGTTCGAGAGATCCAAGGCGCCTGCCCTACTGG	17535
2708	IGHV3-11*01	IGHJ4*02	IGHA1	TGTGCGAGAGATGGCCCTGTGTTTGGTTTTGACTATTGG	17609
4210	IGHV3-21*01	IGHJ4*02	IGHA1	TGTGCGAGAGACAGGGGTCTTGTAGTGGTGGCAACCGGACAATTTGACTACTGG	22416
453	IGHV3-21*06	IGHJ4*02	IGHG1	TGTGTGAGAGACGGATACAGTTATGGTGACCAGTGG	21742
467	IGHV4-30-4*09	IGHJ4*02	IGHG1	TGTGCGAGAGCCTATCATTACTCTGATACTAATGGTTACCTCGAGTGG	49402
516	IGHV3-7*01	IGHJ6*02	IGHA1	TGTGCGAGACCAATGCGTCCGTATGGCAGCAGCTGGGCAACGGACGTCTGG	41788
4569	IGHV3-74*01	IGHJ3*02	IGHA1	TGTGCAACCTTGGCGGATACCTCCCGCGGAGCTTTTGATATCTGG	43614
520	IGHV3-74*01	IGHJ6*02	IGHA1	TGTGTAAGGGGTACCGTTGGCTGGAGTGGTGTGGACGTCTGG	45805
599	IGHV5-51*03	IGHJ3*02	IGHA1	TGTGTGAGAAACGGTTGTAGTGGTGGTGCCTGCTTCGATATCTGG	66308
569	IGHV4-61*05	IGHJ3*01	IGHA1	TGCACGAGAGTCGGGCCCGGGCTGGGCGCTTGTGACTTGTGG	64811
579	IGHV3-53*01	IGHJ3*02	IGHA1	TGTGCGAGAGATCTGATCTCGCGTTATACACACATGTGGGCTTTTGATATCTGG	36751
593	IGHV5-51*01	IGHJ6*02	IGHA1	TGTGCGAGGGGTTCATATTGCAGTAAAGGAGTGTGTCACAATAATTACAACTATCACGGTATGGACGTCTGG	69592
597	IGHV3-21*08	IGHJ4*02	IGHA1	TGTGCGAGAGGGGGTGTTACTACTAGGTGCTATGACTACTGG	21916
466	IGHV3-11*01	IGHJ4*02	IGHA1	TGTGCCGTTTATTGTGGTGCGCGTCATTGTGCTGGTGCTGATGCGGACGGCAGCTGG	18152
519	IGHV3-23*01	IGHJ4*02	IGHA1	TGTGCGAAAGTCTCTGAATACTGGGAGGCTGACTCTGATGGTATTGGTTACCCCTATTACTTTGACTCCTGG	27856
524	IGHV1-69*06	IGHJ6*02	IGHA1	TGTGCGCGAGATGCTGGATATCGCGGGCGCGAGGGGAGGCACGCCTACTACGGTATGGACATCTGG	13565
571	IGHV1-45*02	IGHJ4*02	IGHA1	TGTGCAAGTTCGAACAACAGTCCGCACTATTCTTTTGACTATTGG	8454
457	IGHV3-9*01	IGHJ3*01	IGHG1	TGTGCAAAAGATGTCTTAGTGGCAGCTACTCGGCCCGGCGCTTTGGATCTCTGG	46453
551	IGHV1-8*01	IGHJ4*02	IGHA1	TGTCTTAAGCGTCATTATGATATGTCGCGTGCTTATTCCTCCTTTGACTTCTGG	14586
481	IGHV3-21*01	IGHJ5*01	IGHG1	TGTGCGAGAGCGGGTTGTAGTGGTGCCGGCTGCTTTCTAAGGCAAAATTGGTTCGACTCCTGG	22884
2776	IGHV6-1*01	IGHJ5*02	IGHA1	TGTGCCAGAGATCGGGCTCTTACTCCCGGAATGGCAATTGCTACAGACAACTGGTTCGACCCCTGG	70741
469	IGHV1-69*01	IGHJ2*01	IGHG1	TGTGCGAGTTATCACAACTGGAACGACGAATGGTACTTCGATCTCTGG	10508
474	IGHV4-34*01	IGHJ6*02	IGHG3	TGTGCGAGACACCAAGCGAATAAAAGACGTATACCAGTGTCTGGTATGAAGTCCTACTACTACTACGGTATGGACGTCTGG	53002
557	IGHV3-33*06	IGHJ4*02	IGHA1	TGTGCGAAATCAAGTCGCGATTTTTGGAGTGGTCCCCGGGACCACTACTTTGACTCGTGG	32648
1246	IGHV4-4*07	IGHJ4*02	IGHM	TGTGCGAGAGATCAGACTGGTTATGGGGAATACTACTTTGACTACTGG	60657
1248	IGHV4-30-4*09	IGHJ4*02	IGHA1	TGTGCGTGGCTCCAGCCGATGACGACAAGTGGGGTGCCCTTTGACTACTGG	49510
535	IGHV1-46*01	IGHJ3*02	IGHA1	TGTGCGAGATCTTCAGGGGGTCCTTTTGATATGTGG	8513
872	IGHV4-39*01	IGHJ5*02	IGHA1	TGTGCGAGACCGTTGAGGGGTTCGATTACGGGATTCGACCCCTGG	58132
1667	IGHV4-34*01	IGHJ4*02	IGHA1	TGTGCGAGATTGTTAATTGTGTGGTCAGTTGACTACTGG	50671
1734	IGHV4-59*01	IGHJ6*02	IGHA1	TGTGCGCGAGCCCTCCAGTACTACTACGGAATGGACGTCTGG	64302
4831	IGHV3-74*01	IGHJ4*02	IGHA1	TGTGTAAGAGACTGTTGTGGGACGTTCGGTGACGACTGG	44453
508	IGHV3-23*01	IGHJ4*02	IGHG1	TGTGCGAACTCTCGAGATGGTGGGAGCTTCTTGTGCTGG	24600
587	IGHV3-21*01	IGHJ4*02	IGHA1	TGTGCGAGAGAACGAGCGGGTTACTACCTTGACTGTTGG	21767
3553	IGHV3-73*02	IGHJ4*02	IGHA1	TGTACTAGCCAAAGCTGTCAAGCAGTGGCTGTAGACTACTGG	43077
3943	IGHV3-7*01	IGHJ5*02	IGHM	TGTGCGAGAGGTCATTGGCAGTTCGAGCGTTGG	41339
4477	IGHV3-74*01	IGHJ4*02	IGHA1	TGTGCAAGTAGTAGAGGCGTG	43813
613	IGHV3-7*01	IGHJ4*02	IGHA1	TGTGCGAGAGGAGTGACTACCGGGATTGACTACTTTGACTCCTGG	40225
1351	IGHV4-34*01	IGHJ5*02	IGHM	TGTGCGAGTGGCCAGGTACACGCGTGGGAGTTACAACAGTCCTGG	51974
1376	IGHV4-34*01	IGHJ5*02	IGHM	TGTGCGAGTGGCCAGGCACACGCGTGGGAGTTACAACAGTCCTGG	51974
1379	IGHV4-34*01	IGHJ5*02	IGHM	TGTGCGAGTGGCCAGGCACACGCGTGGGAGTTACAACAGTCCTGG	51974
3092	IGHV4-39*01	IGHJ2*01	IGHA1	TGTGCGAGAGTGCGGCGAACTTACTGGCACTTCGATCTCTGG	53205
4211	IGHV3-21*01	IGHJ4*02	IGHA1	TGTGCGAGAGACAGGGGTCTTGTAGTGGTGGCAACCGGACAATTTGACTACTGG	22416
454	IGHV3-7*01	IGHJ5*02	IGHG1	TGTGCGAGACATAACAATTGGCCGGGTATAGCAGCAGCTTTCAATTGGCTCGGCCCCTGG	41579
1365	IGHV4-34*01	IGHJ5*02	IGHM	TGTGCGAGTGGCCAGGCACACGCGTGGGAGTTACAACAGTCCTGG	51974
1745	IGHV4-61*01	IGHJ4*02	IGHM	TGTGCGACAGGTTCAGACGCCTACAAGTTGGGCTACTGG	64961
1866	IGHV4-4*07	IGHJ4*02	IGHM	TGTGCGAGAGATCAGACTGGTTATGGGGAATACTATTTTGACTACTGG	60657
1876	IGHV4-4*07	IGHJ4*02	IGHM	TGTGCGAGAGATCAGACTGGTTATGGGGAATACTACCTTGACTACTGG	60657
2126	IGHV1-69*01	IGHJ6*02	IGHM	TGTGCGAGAGACCCTATAGCAGCTCGTAAGGACTACTACTACGGTATGGACGTCTGG	13141
2188	IGHV1-2*02	IGHJ5*02	IGHA1	TGTGCGAGAGTTGAACTGCATAGCAGCCATTTATTCCGGTTCGACCCCTGG	6676
2403	IGHV3-11*01	IGHJ4*02	IGHA1	TGTGCGACGAAGGGAACCGTGGCTTCCGTGGCCCCATTTGAGATCTGG	17884
3121	IGHV2-5*01	IGHJ5*02	IGHA1	TGTGCACACCCCTATTATTATGATAGTAGTGCTTTCGACCACTGG	16478
617	IGHV3-74*01	IGHJ4*02	IGHA1	TGTGTAAGAGACTGTTGTGGGACGTTCGGTGACGACTGG	44453
780	IGHV4-39*01	IGHJ4*02	IGHA1	TGTGCGAGACGGGGTGTTTATTGTCCTAATGGTGTTTGCGACAGGGGAAACTACTACTTTGACTACTGG	57769
1377	IGHV4-34*01	IGHJ5*02	IGHM	TGTGCGAGTGGCCAGGCACACGCGTGGGAGTTACAACAGTCCTGG	51974
1877	IGHV4-4*07	IGHJ4*02	IGHM	TGTGCGAGAGATCAGACTGGCTATGGGGAATACTACTTTGACTACTGG	60657
2604	IGHV4-59*11	IGHJ4*02	IGHA1	TGTGCGAGATATCCCGACCGCGCCGGTGGGACCTTTGATTACTGG	62944
3637	IGHV3-48*02	IGHJ6*02	IGHM	TGTGCGAGAGATGGAGGACGTGGATACGATATGGACGTCTGG	35235
3810	IGHV3-23*01	IGHJ6*02	IGHA1	TGTGCGAAGACCCTTCCGGCTCTAAATACACGACAAAACTACTATCATGGCATGGACGTCTGG	28808
4036	IGHV3-72*01	IGHJ4*02	IGHA1	TGTGCCAGAGTAGAGTGTAGTGGTAGCAGCTGCCATTTGAACTGCTGG	42521
4666	IGHV3-74*01	IGHJ4*02	IGHA1	TGTGTAAGAGATTTCGTGGGACCGAGGGACTACTGG	44090
496	IGHV1-8*01	IGHJ4*02	IGHA1	TGTTCGAGAGCGGGTCTTTGGGCTGCCTTGGGGGACTTCTGG	14378
584	IGHV3-23*01	IGHJ3*01	IGHA1	TGTGCGAGAGACGCGTATAACACCTTAAGTCGTCAGAATGATGGGTTTGATCTTTGG	24029
709	IGHV4-61*01	IGHJ4*02	IGHA1	TGTGCGAGAGTAACGCTTTTTGGAGTGATTATCAACTGG	64992
1226	IGHV1-2*02	IGHJ4*02	IGHA1	TGTGCGAGGGAATCCTGGCACTACGACTTCTGG	3847
1363	IGHV4-34*01	IGHJ5*02	IGHM	TGTGCGAGTGGCCAGGCACACGCGTGGGAGTTACAACAGTCCTGG	51974
1374	IGHV4-34*01	IGHJ4*02	IGHM	TGTGCGAGTGGCCAGGCACACGCGTGGGAGTTACAACAGTTCTGG	51035
1789	IGHV4-59*01	IGHJ3*02	IGHA1	TGTGCGAGCGGCATGGACCGTGCGAAAATCCACATCTGG	61928
1986	IGHV4-4*07	IGHJ3*02	IGHM	TGTGCGAGAAGTGCGAGTTACTATGGTGCTTTTGATATCTGG	60066
2898	IGHV3-11*01	IGHJ3*02	IGHA1	TGCGCGAGACAGAACTACGGCTTTGACCTAAATAATGCTTTTGACATTTGG	17369
2902	IGHV3-30*03	IGHJ3*01	IGHA1	TGTGCGACCCGGGAAATGTACTACTATGATGCCACTGGATTTCCGCGAGATGGCTTTGATGCCTGG	29283
3130	IGHV4-4*07	IGHJ6*02	IGHA1	TGTGCGAGAGATTGGGGCCTCCACGGCATGGACGTCTGG	61414
4556	IGHV3-74*01	IGHJ3*02	IGHA1	TGTGCAACCTTGGCGGATACCTCCCGCGGAGCTTTTGATATCTGG	43614
4939	IGHV3-74*01	IGHJ4*02	IGHA1	TGTGTAAGAGACTGTTGTGGGACGTTCGGTGACGACTGG	44453
5163	IGHV3-21*02	IGHJ4*02	IGHA1	TGTGTGAAAGAGTCTTCGTGTGACTCCCTTGATTATTGG	21754
5491	IGHV2-5*01	IGHJ4*02	IGHA1	TGTGCACACAGACCAGCGTATAGCAGGGGCCAACGAATATTTGACTGCTGG	16125
573	IGHV4-39*02	IGHJ2*01	IGHA1	TGTGCGAGAGTGCGGCGAACTTACTGGCACTTCGATCTCTGG	53205
1348	IGHV4-34*01	IGHJ5*02	IGHM	TGTGCGAGTGGCCAGGCACACGCGTGGGAGTTACAACAGTCCTGG	51974
3748	IGHV3-23*01	IGHJ4*02	IGHM	TGTGCGAAAGCACGTGGCTACGATACCAAGAACTGTGACTACTGG	25224
657	IGHV4-61*01	IGHJ4*02	IGHM	TGTGCGACAGGTTCAGACGCCTACAAGGTGGGCTACTGG	64961
736	IGHV4-34*01	IGHJ6*02	IGHA1	TGTGCGAGAAGCCCCCGACATTGTCTTGGTGGTTCCTGCTATTTCGATAGTTTCGACGTTTGG	52667
894	IGHV4-39*01	IGHJ4*02	IGHA1	TGTGCGAGGTTTAGTGGGAGCTACCGAGCGTTTGACTGGTGG	55169
1090	IGHV1-18*04	IGHJ4*02	IGHA1	TGTGCGAGAGCGGGCCAGTGGCTGGTCCACTGG	446
1354	IGHV4-34*01	IGHJ5*02	IGHM	TGTGCGAGTGGCCAGGCACACGCGTGGGAGTTACAACAGTCCTGG	51974
1643	IGHV6-1*01	IGHJ4*02	IGHM	TGTGCAAGAGTGGAGGGTATAACTGGAACTCGGAGTTTTGACTACTGG	70401
1868	IGHV4-4*07	IGHJ4*02	IGHM	TGTGCGAGAGATCAGACTGGTTATGGGGAATACTACTTTGACTACTGG	60657
2603	IGHV4-59*11	IGHJ4*02	IGHA1	TGTGCGAGATATCCCGACCGCGCCGGTGGTACCTTTTATTACTGG	62944
2794	IGHV6-1*01	IGHJ5*02	IGHA1	TGTGCCAGAGATCGGGCTCTTACTCCCGGAATGGCAATTGTTACAGACAACTGGTTCGACCCCTGG	70741
3483	IGHV3-48*02	IGHJ4*02	IGHA1	TGCGCGAAAATTAGGGATGGCAGCTCGTCAATCGGGCACTACTGG	34186
3685	IGHV3-21*01	IGHJ4*02	IGHA1	TGTGCGAGAGAACGAGCGGGTTACTACCTTGACTGTTGG	21767
3991	IGHV3-49*03	IGHJ4*02	IGHA1	TGTACTAGAGGTCCCTCGATGTCGTTTGGTGGGCACTACTATCCGAACTACTTTGACTACTGG	36241
690	IGHV1-2*02	IGHJ5*02	IGHA1	TGTGCGAGAGATCGTGCACTGGCTGGCCCAGCCAACTACTGGTTCGACCCCTGG	6735
691	IGHV3-74*01	IGHJ3*02	IGHA1	TGTGCAACCTTGGCGGATACCTCCCGCGGAGCTTTTGATATCTGG	43614
1240	IGHV4-4*07	IGHJ5*02	IGHA1	TGTGCGAGAGACGTGGATCAGTATGTTTCGGGAATTTATCATGACAATTGGTTCGACCCCTGG	61346
1324	IGHV3-30*18	IGHJ6*03	IGHA1	TGTGCGAAGACCCGGGACGATTTTTGGAGTGGTTACGACTTCGACATGGACGTCTGG	31270
1362	IGHV4-34*01	IGHJ5*02	IGHM	TGTGCGAGTGGCCAGGCACACGCGTGGGAGTTACAACAGTCCTGG	51974
1415	IGHV4-4*07	IGHJ4*02	IGHA1	TGCGCGAGAGGAAGTGACGGTGACTACTACTTTGACCACTGG	60447
1647	IGHV6-1*01	IGHJ4*02	IGHM	TGTGCAAGAGTGGAGGGTATAACTGGAACTCGGAGTTTTGACTACTGG	70401
1913	IGHV4-61*01	IGHJ4*02	IGHM	TGTGCGACAGGTTCAGACGCCTACAAGGTGGGCTACTGG	64961
2930	IGHV1-18*04	IGHJ4*02	IGHA1	TGTGCGAGAGTTGCCCATTGTCACGATAGTCGGGGCTATTTTAGGTTCTTTGAATATTGG	1812
3444	IGHV3-7*01	IGHJ4*02	IGHM	TGTGCGGGCATGCCTAGCAGCTATTGGTACGTGGAGGGGACTGACTATTGG	40845
4073	IGHV3-48*01	IGHJ4*02	IGHM	TGTGCGACTCACCGTATAGCAGCAGCCGAAAGCTACTGG	33888
455	IGHV3-48*02	IGHJ4*02	IGHG1	TGTGCGAGAGAAGACCGTTATTATGGTTCGGTGGCCCTTGACTACTGG	34389
741	IGHV4-39*01	IGHJ4*02	IGHA1	TGTGCGACTTCAACGTGGGTACAACAATGGAAATCAGCCCCTCACAGGTTTGACGTCTGG	57244
823	IGHV4-39*01	IGHJ6*02	IGHA1	TGTGCGAGACATTTATACGGAAAGGGTATGAAAGTCTGG	59327
882	IGHV4-39*01	IGHJ4*02	IGHA1	TGTGCGAGACATCCCCACGGTGTAGTGGGAGATTGGTACCTTGACCACTGG	56317
1652	IGHV6-1*01	IGHJ4*02	IGHM	TGTGCAAGAGTGGAGGGTATAACTGGAACTCGGAGTTTTGACTACTGG	70401
1779	IGHV4-4*07	IGHJ4*02	IGHM	TGTGCGAGAGATCAGACTGGTTATGGGGAATACTACTTTGACTACTGG	60657
2529	IGHV1-2*02	IGHJ4*02	IGHA1	TGTGCGAGGACTTATAGCAGCAGCTGGTTTGGGTTTGACTACTGG	4864
2586	IGHV1-2*02	IGHJ4*02	IGHM	TGTGCAAGAGGTCTCTCTAGTTATAGGGACTACCGGCCGGGCTACTGG	4970
3143	IGHV1-2*02	IGHJ5*02	IGHA1	TGTGCGAGAGCGGACTCGGTCGGGTGGAGGTGGTTGGTCGACCCCTGG	6562
3282	IGHV3-15*01	IGHJ4*02	IGHA1	TGTGCCACAGTGGGGTGGCATATGAATTACTATGAGAGTAGTGGTTACCCTGAGTACTGG	20721
4822	IGHV3-21*01	IGHJ4*02	IGHA1	TGTGCGAGATGTGGGCACCGGTGGTACCATGACTACTGG	21815
4971	IGHV3-23*01	IGHJ4*02	IGHA1	TGTGTGAAAGAAGGGTGGGAGCTGCCCCCCCCCATTGACTCCTGG	25493
514	IGHV3-15*05	IGHJ4*02	IGHA1	TGTGTAGCGAACAACGCT	19335
1352	IGHV4-34*01	IGHJ5*02	IGHM	TGTGCGAGTGGCCAGGCACACGCGTGGGAGTTACAACAGTCCTGG	51974
1659	IGHV6-1*01	IGHJ4*02	IGHM	TGTGCAAGAGTGGAGGGTATAACTGGAACTCGGAGTTTTGACTACTGG	70401
1821	IGHV4-4*07	IGHJ3*02	IGHA1	TGTGCGAGAGATTTTTACGGTGGTACCTCTGATGCTTTTGATATCTGG	60113
3870	IGHV5-51*01	IGHJ6*02	IGHA1	TGTGCGAGGGGTTCATATTGCAGTAAAGGAGTGTGTCACAATAATTACAACTATCACGGTATGGACGTCTGG	69592
5152	IGHV3-7*01	IGHJ4*02	IGHA1	TGTGCGAGATTTATCCCTCTAACGGATGACTTTGACAGTAGTGGGTATCCCAACTATTGG	41168
479	IGHV5-51*01	IGHJ4*02	IGHG1	TGTGGCAGACATACTTACTATGATAATAGTGGCCTTTATTACTTTGACTATTGG	68200
509	IGHV5-51*03	IGHJ4*02	IGHG1	TGTGCGAGAGGGACCCAGGGCAGTGGCTGGTACATCCCATTTTATGACTACTGG	68162
627	IGHV4-39*02	IGHJ3*01	IGHA1	TGTGCGAACTCCGGTGACTACAGTCATAATGCTTTTGATCTCTGG	53509
841	IGHV4-39*01	IGHJ6*02	IGHA1	TGTGCTCGCTACTACTTCTTCGCTATCGACGTCTGG	59309
1207	IGHV4-59*02	IGHJ3*02	IGHA1	TGTGCAAAGTCGAAGGATCCGATCCTCGCAGCCTCTGCTTTTGATATCTGG	62059
1353	IGHV4-34*01	IGHJ5*02	IGHM	TGTGCGAGTGGCCAGGCACACGCGTGGGAGTTACAACAGTCCTGG	51974
1582	IGHV4-34*02	IGHJ2*01	IGHA1	TGTGCGAGGGACTCTGGCGTGGTGCGCGGTCCTGTTCTAATCACTGGTGGGGATCCACACTTCGATCAGTGG	50253
1742	IGHV4-61*01	IGHJ4*02	IGHA1	TGTGCGAGAGCTAGATACAGCTATGGTCCCATTGACTACTGG	65073
2606	IGHV4-59*11	IGHJ4*02	IGHA1	TGTGCGAGATATCCCGACCGCGCCGGTGGGACCTTTGATTACTGG	62944
2816	IGHV4-28*07	IGHJ3*02	IGHA1	TGTGCGAGAAGTCCGGATAGATATGGCAAACCAGAGGCTTTTGATATCTGG	48907
3007	IGHV2-5*01	IGHJ6*02	IGHM	TGTGCACACGACGTACCCGGCAACGACGGTTTCGACGTCTGG	16694
3044	IGHV2-5*01	IGHJ4*02	IGHA1	TGTGCACACAGACCAGCGTATAGCAGGGGCCAACGAATATTTGACTGCTGG	16125
3090	IGHV4-39*01	IGHJ2*01	IGHA1	TGTGCGAGAGTGCGGCGAACTTACTGGCACTTCGATCTCTGG	53205
3098	IGHV4-39*01	IGHJ2*01	IGHA1	TGTGCGAGAGTGCGGCGAACTTACTGGCACTTCGATCTCTGG	53205
3257	IGHV4-4*07	IGHJ2*01	IGHA1	TGTACGCGAGTCAGACTTTCGGGCTCACTGGCAGCCCGCACCTACTACTTCGATTTCTGG	60022
3375	IGHV1-18*04	IGHJ4*02	IGHA1	TGTGCGAGAGCGGACTCTAGACCTTATCACTATGACACTCGTGGAAATCCCGTTGACCAGTGG	1871
4289	IGHV3-21*01	IGHJ4*02	IGHA1	TGTGCGAGAGATCTCCGGGGAAATAACTATGCGATTGACTACTGG	21999
492	IGHV4-39*01	IGHJ4*02	IGHG1	TGTGCGACACGCCGAAAAACTGTGGCTGGCCTCTACTTTGACGTTTGG	55809
829	IGHV4-39*01	IGHJ6*02	IGHA1	TGTGCGAGACATTTATACGGAAAGGGTATGAAAGTCTGG	59327
1366	IGHV4-34*01	IGHJ5*02	IGHM	TGTGCGAGTGGCCAGGCATACGCGTGGGAGTTACAACAGTCCTGG	51974
1370	IGHV4-34*01	IGHJ5*02	IGHM	TGTGCGAGTGGCCAGGCACACGCGTGGGAGTTACAACAGTCCTGG	51974
1518	IGHV1-8*01	IGHJ5*02	IGHA1	TGTTCGAGAGCGGGTCTCTGGGCTGCCTTGGGGGACCTCTGG	14811
1641	IGHV4-30-4*09	IGHJ4*02	IGHA1	TGTACGAGAGACTCCATTTTAGTGGGAGCTAGACCCGTTTGG	49223
1983	IGHV4-4*07	IGHJ3*02	IGHM	TGTGCGAGAAGTGCGAGTTACTATGGTGCTTTTGATATCTGG	60066
1984	IGHV4-4*07	IGHJ3*02	IGHM	TGTGCGAGAAGTGCGAGTTACTATGGTGCTTTTGATATCTGG	60066
2240	IGHV1-8*01	IGHJ4*02	IGHA1	CGTTCGAGAGCGGGTCTCATGGCTTCCTTGGGGGACGTCTGG	14378
2282	IGHV3-11*01	IGHJ4*02	IGHA1	TGTTCGAGAGATCCAAGGCGCCTGCCCTACTGG	17535
2374	IGHV3-11*01	IGHJ4*02	IGHA1	TGTGCGAGAGATAAGGACGATGACAACGGTGATACAGTCTTTGACTTCTGG	18015
2451	IGHV4-34*01	IGHJ4*02	IGHA1	TGTGCGAGAGGATCTAGGCGCAGCATCGACACTTATCCTTTTGACTACTGG	51234
3447	IGHV3-7*01	IGHJ4*02	IGHM	TGTGCGGGCATGCATAGCAGCTATTGGTACGTGGAGGGGACTGACTATTGG	40845
3743	IGHV3-23*01	IGHJ4*02	IGHM	TGTGCGAAAGCACGTGGCTACGATACCAAGAACTGTGACTACTGG	25224
4410	IGHV3-73*02	IGHJ4*02	IGHA1	TGTACTAGCCAAAGCCGTCAAGCAGTGGCTGTAGACTACTGG	43077
4846	IGHV3-49*03	IGHJ4*02	IGHA1	TGTGCAAGGGGTCGACCAGGTCGTACAGGATACTACTTTGACTATTGG	36031
5281	IGHV3-73*02	IGHJ4*02	IGHM	TGTAAGACTTGGCTAGAACCTTTTGACTACTGG	42988
5407	IGHV3-7*01	IGHJ4*02	IGHA1	TGTGCGAGTGGCTTTCCCCCTACCAGTGGCTATTACGACTACTGG	40211
618	IGHV3-74*01	IGHJ4*02	IGHA1	TGTGTAAGAGACTGTTGTGGGACGTTCGGTGACGACTGG	44453
669	IGHV4-59*01	IGHJ6*02	IGHA1	TGTGCGAGATATCAGTTTTGGACCGTCGGGCGACCCTACGCTTTGGACGTCTGG	64453
684	IGHV1-45*02	IGHJ4*02	IGHA1	TGTGCAAGTTCGACCAACAGTCCGCACTATTCCTTTGACTACTGG	8454
821	IGHV4-39*01	IGHJ6*02	IGHA1	TGTGCGAGACATTTATACGGAAAGGGTATGAAAGTCTGG	59327
836	IGHV4-39*01	IGHJ5*02	IGHA1	TGTGCGAGACCGTTGAGGGGTTCGACTACGGGATTCGACCCCTGG	58132
850	IGHV4-39*01	IGHJ6*02	IGHA1	TGTGCTCGCTACTACTTCTTCGCTATCGACGTCTGG	59309
1487	IGHV1-8*01	IGHJ4*02	IGHA1	TGTTCGAGATCGGGTCTCATGGCTGCCTTGGGGGACTTCTGG	14378
1610	IGHV4-61*01	IGHJ6*02	IGHA1	TGTGCGACCTTGCGTTTGGAGCAGATATCTTTTAGCCATCACTATTACGGTTTGGACGTCTGG	65887
1632	IGHV4-39*02	IGHJ3*01	IGHA1	TTTGCGAACTCCGGTGACTACAGTCATAATGCTTTTGATCTCTGG	53509
1870	IGHV4-4*07	IGHJ4*02	IGHM	TGTGCGAGAGATCAGACTGGTTATGGGGAATACTACTTTGACTACTGG	60657
1909	IGHV4-61*01	IGHJ4*02	IGHM	TGTGCGACAGGTTCAGACGCCTACAAGGTGGGCTACTGG	64961
2540	IGHV1-46*01	IGHJ6*02	IGHA1	TGTGCGAGAGCTCACGGGTATGGGTACTACGGTCTGGACGTCTGG	9977
2570	IGHV1-2*02	IGHJ2*01	IGHA1	TGTGCGAGGGCCGTTGGGTATGGTGGCAACTGGTACTTCGATCTCTGG	3213
2871	IGHV4-28*01	IGHJ3*02	IGHA1	TGTGCGAGAAGTCCGGATAGATATGGCAAACCAGAGGCTTTTGATATCTGG	48907
3258	IGHV4-34*02	IGHJ6*02	IGHA1	TGTGCGAGAGGCCTGCGGTCTTTGACATGGTCCGGGGAGCGGGCCTTCTACTTCTATTACGCGATGGACGTCTGG	52938
3338	IGHV3-53*01	IGHJ3*02	IGHA1	TGTGCGAGAGATCTGATCTCGCGTTATACACACATGTGGGCTTTTGATATCTGG	36751
3551	IGHV3-74*01	IGHJ4*02	IGHA1	TGTGCAAGAGATCTCAATGTGCGTGACTACTCAAGTCGTGGAGACGACTTTGACTTCTGG	45330
3636	IGHV3-48*02	IGHJ6*02	IGHM	TGTGCGAGAGATGGAGGACGTGGATACGATATGGACGTCTGG	35235
5474	IGHV4-61*01	IGHJ2*01	IGHA1	TGCGCGAGAAGTCTCCGGTATTGTGTTGGTGGTACCTGCTACTCCTGGTACTTCGATCTGTGG	64784
494	IGHV1-46*01	IGHJ4*02	IGHA1	TGTGCAAAAACGGCCGCGGAAAGTCCTTGTGGCGATGACTGCTTTTCGCTTCACTCCTGG	9561
559	IGHV3-30*03	IGHJ5*02	IGHA1	TGTGCGAGAGACCCGGCTGAGCGTTTGGGGGAGTCATCGCTGGACAACTGGTTCGACCCCTGG	30959
992	IGHV4-39*01	IGHJ4*02	IGHA1	TGTGCGAGGCCCTCCCGTACAGGGAACTACTACTACTGG	54434
1252	IGHV1-69*01	IGHJ5*02	IGHA1	TGTGTATCTGTTGACTGTGGTGAAGACTGTTACTCGCCCCACTGGTTCGACCCCTGG	12675
1263	IGHV1-8*01	IGHJ4*02	IGHA1	TGTCTTAAGCGTCATTATGATATGTCGCGTGCTTATTCCTCCTTTGACTTCTGG	14586
1785	IGHV4-59*01	IGHJ3*02	IGHA1	TGTGCGAGCGGCATGGACCGTGCGAAAATCCACATCTGG	61928
1867	IGHV4-4*07	IGHJ4*02	IGHM	TGTGCGAGAGATCAGACTGGTTATGGGGAATACTACTTTGACTACTGG	60657
2269	IGHV1-8*01	IGHJ1*01	IGHA1	TGTGCGAGACAGAATAACTACGGGGAATTCCAGCACTGG	14002
2324	IGHV3-30*18	IGHJ4*02	IGHA1	TGTGCGAAACGAAGAAGGGGGGGCGACGCCACACTAGATTGGTTCTTGTACTACTGG	30428
2736	IGHV3-11*01	IGHJ1*01	IGHA1	TGTGCACGTCATAAGGATTTTGTGCACCTTGATCACTGG	17225
2830	IGHV4-28*07	IGHJ3*02	IGHA1	AGTGCGAGAAGTCCGGATAGATATGGCAAACCAGAGGCTTTTGATATCTGG	48907
3039	IGHV2-5*01	IGHJ3*01	IGHA1	TGTGCACACATATCCACACCTATGTCTTCGGGATATGATACTTTTCATGTCTGG	15677
3133	IGHV4-4*07	IGHJ6*02	IGHA1	TGTGCGAGAGATTGGGGCCTCCACGGCATGGACGTCTGG	61414
3214	IGHV3-7*01	IGHJ4*02	IGHM	TGTGTGAGAGATCACGACACTAATGGCTGGTATATTGATGACTGG	40468
3215	IGHV3-7*01	IGHJ4*02	IGHM	TGTGTGAGAGATCACGACACTAATGGCTGGTATATTGATGACTGG	40468
3328	IGHV3-53*01	IGHJ3*02	IGHA1	TGTGCGAGAGATCTGATCTCGCGTTATACACACATGTGGGCTTTTGATATCTGG	36751
3402	IGHV3-21*01	IGHJ4*02	IGHA1	TGTGCGAGAGATCTCCGGGGAAACAACTATGCGATTGACTACTGG	21999
3453	IGHV3-7*01	IGHJ4*02	IGHM	TGTGCGGGCATGCATAGCAGCTATTGGTACGTGGAGGGGACTGACTATTGG	40845
3507	IGHV3-23*01	IGHJ5*02	IGHG1	TGTGCGCAGGAGGATCTCTATCATGGTAGTGGTTACTCGTGGTTCGACCCCTGG	28212
3652	IGHV3-15*01	IGHJ4*02	IGHA1	TGTACGACTGACCGGAGTTATGGTTACTACTCTGCCCACTGG	19951
3729	IGHV3-23*01	IGHJ4*02	IGHA1	TGTGCGAAAGGGCGACTTCCCGGAGAGTCCTACTTTGACGACTGG	25264
4159	IGHV3-7*01	IGHJ4*02	IGHM	TGTGCGAGAATTGGTTATAGCAGCTCGTCTTTTGACTACTGG	39974
4306	IGHV3-72*01	IGHJ3*02	IGHA1	TGTGTTAAAGATGACCCGAACCTTCCTGGGACCTTTGATATCTGG	42168
4675	IGHV3-74*01	IGHJ4*02	IGHA1	TGTGTAAGAGATTTCGTGGGACCGAGGGACTACTGG	44090
4678	IGHV3-74*01	IGHJ4*02	IGHA1	TGTGTAAGAGATTTCGTGGGACCGAGTGACTACTGG	44090
4913	IGHV3-21*07	IGHJ4*02	IGHA1	TGTGCGAGGCATCTTCAAGATTGTAGTGGAGGGAGTTGTTACTCTCGGATTGGTGACCACTGG	22677
607	IGHV3-74*01	IGHJ6*02	IGHA1	TGTGTAAGGGGTACCGTTGGCTGGAGTGGTGTGGACGTCTGG	45805
630	IGHV3-48*01	IGHJ4*02	IGHA1	TGTGCGAGAGCGCGAGGGAGTAGCAGTTGGTACGCCCTTGACTACTGG	34459
883	IGHV4-39*01	IGHJ4*02	IGHA1	TGTGCGAGACATCCCCACGGTGTAGTGGGAGATTGGTACCTTGACCACTGG	56317
886	IGHV4-39*01	IGHJ4*02	IGHA1	TGTGTGAGACATCCCCACGGTGTAGTGGGAGATTGGTACCTTGACCACTGG	56317
1142	IGHV2-70*01	IGHJ6*02	IGHA1	TGTGCACGGACACAGTCTTCTTATTTCAACGGCTACCTATACTATCACGGAATAGACGTCTGG	17152
1328	IGHV3-30*18	IGHJ6*03	IGHA1	TGTGCGAAGACCCGGGACGATTTTTGGAGTGGTTACGACTTCGACATGGACGTCTGG	31270
1682	IGHV4-59*11	IGHJ6*02	IGHA1	TGTGCGAGATTTGGGACCAGCTACTACTACGGTATGGACGTCTGG	64328
1770	IGHV4-59*11	IGHJ5*02	IGHA1	TGTGCGGGCTATCTGGGGGAATTAAGACTGGGGTTCGACCCCTGG	63917
1956	IGHV4-30-4*09	IGHJ4*02	IGHA1	TGTGCGAGATACGGTGATTACCCTCTATGGGGATTTGACTCCTGG	49355
2771	IGHV1-69*01	IGHJ2*01	IGHA1	TGTGCTATAGCAGAGATGGTATATGCAAGTTCGTCAAGCAGGTGGTACTTCGATGTCTGG	10549
3012	IGHV2-5*01	IGHJ4*02	IGHA1	TGTGCGCACACGCGTTATCGTGATAGTAGTGCTGTCCCCCCCCCTGACTATTGG	16202
3383	IGHV1-18*04	IGHJ4*02	IGHA1	TGTGCGAGAGCGGACTCTAGACCTTATCACTATGACACTCTTGGAAATCCCGTTGACCAGTGG	1871
3631	IGHV3-48*02	IGHJ6*02	IGHM	TGTGCGAGAGATGGAGGACGTGGATACGATATGGACGTCTGG	35235
3670	IGHV3-21*01	IGHJ4*02	IGHA1	TGTGCGAGAGAACGAGCGGGTTACTACCTTGACTGTTGG	21767
4602	IGHV3-74*01	IGHJ3*02	IGHA1	TGTGCAAGTGGCAACCCGGCGGCCGGATATGCTTTTGATATCTGG	43638
4658	IGHV3-74*01	IGHJ4*02	IGHA1	TGTCTAGCATATGGCAGTGAGTGGAACTGG	43899
4817	IGHV3-21*01	IGHJ4*02	IGHA1	TGTGCGAGATGTGGGCACCGGTGGTACCATGACTACTGG	21815
5069	IGHV3-53*01	IGHJ3*02	IGHA1	TGTACGAGAGATGACGGGAGATCCTTGATTCATATCTGG	36606
5248	IGHV3-49*03	IGHJ4*02	IGHA1	TGTAACAGAGCTGGTGTTACGAGATTTGGAGTGGTAATTCCCCCCGGGCTTAACTGG	36168
5469	IGHV3-21*01	IGHJ4*02	IGHA1	TGTGCGAGAGAACGAGCGGGTTACTACCTTGACTGTTGG	21767
515	IGHV3-48*01	IGHJ4*02	IGHA1	TGTGCGACTGGCAGCGGGGCGCTAGTAGTGGTCACCACTTTTGACCGCTGG	34558
1064	IGHV1-18*04	IGHJ4*02	IGHA1	TGTGCGAGAGCGGGGCAGTGGCTGATCCACTGG	446
1105	IGHV1-18*01	IGHJ4*02	IGHA1	TGTGCGAGAGGCCCTCATTCATCAATAGGTGACTATGACTCCTGG	946
1807	IGHV4-59*01	IGHJ4*02	IGHA1	TGTGTGACAAGTCAATACAGCTATGGCCCAATTGCCTATTGG	62792
1827	IGHV4-61*01	IGHJ4*02	IGHA1	TGTGCGACAGGTTCAGACGCCTACAAGGTCGGCTACTGG	64961
2117	IGHV1-69*01	IGHJ6*02	IGHM	TGTGCGAGAGACCCTATAGCAGCTCGTCAGGACTACTACTACGGTATGGACGTCTGG	13141
2821	IGHV4-28*07	IGHJ3*02	IGHA1	TGTGCGAGAAGTCCGGATAGATATGGCAAACCAGAGGCTTTTGATATCTGG	48907
2845	IGHV1-8*02	IGHJ4*02	IGHA1	TGTGCGCGAGACAGAAGGGGCCTTGCATTCTGG	14216
3185	IGHV4-34*02	IGHJ2*01	IGHA1	TGTGCGAGACGTCCGCGATACTTCGATCTCTGG	50157
3414	IGHV3-74*01	IGHJ5*02	IGHA1	TGTACAACCTTCGCTTCTACAGTGCTCACCTGG	45407
3940	IGHV3-7*01	IGHJ5*02	IGHM	TGTGCGAGAGGTCATTGGCAGTTCGAGCGTTGG	41339
4338	IGHV3-53*01	IGHJ4*02	IGHA1	TGTGCGAGCCCCCATGGTAGTAGTGGTTATTACTATCTTGACTACTGG	37593
4504	IGHV3-74*01	IGHJ4*02	IGHA1	TGTGCAAGAGGGACTACGGTGACTAAAACCTTTGACTACTGG	44588
4541	IGHV3-74*01	IGHJ3*02	IGHA1	TGTGCAACCTTGGCGGATACCTCCCGCGTAGCTTTTGATATCTGG	43614
4799	IGHV3-7*04	IGHJ4*02	IGHA1	TGTGCGAGGAGGGGCCCTCTAGATGGCCCTGTTGACTACTGG	40143
5032	IGHV3-15*05	IGHJ4*02	IGHA1	TGTGTAGCGAACAACGCT	19335
5086	IGHV3-74*01	IGHJ4*02	IGHA1	TGTGCAAGAGGCTGGTTAGTGGGAGCTGACTCCTTTGGCTACTGG	44715
598	IGHV5-51*03	IGHJ3*01	IGHG1	TGTGTGAGAAACGGTTGTACTGGTGGTTCCTGCTTCGATGTCTGG	66308
858	IGHV4-39*01	IGHJ4*02	IGHA1	TGTGCGAGACATCCCCACGGTGTAGTGGGAGATTGGTACCTTGACCACTGG	56317
927	IGHV4-39*01	IGHJ4*02	IGHA1	TGTGCGAGACATCCCCACGGTGTAGTGGGAGATTGGTACCTTGACCACTGG	56317
997	IGHV4-39*08	IGHJ6*02	IGHA1	TGCGCGAGATCTGCGCGGGTGATTACGAACAAAGTAGTGGTTACGTCGCACGGTTTGGACGTCTGG	59805
1283	IGHV1-2*02	IGHJ4*02	IGHA1	TGTGCGAGAGAGGGGGGCTACAATTCTGGGGAGGCAATTGACTACTGG	5051
1344	IGHV3-30*18	IGHJ4*02	IGHA1	TGTGGGAAGGACTTCTCACAACTTAGTAGAATAATTGACTCCTGG	29706
1358	IGHV4-34*01	IGHJ5*02	IGHM	TGTGCGAGTGGCCAGGCACACGCGTGGGAGTTACAACAGTCCTGG	51974
1367	IGHV4-34*01	IGHJ5*02	IGHM	TGTGCGAGTGGCCAGGCACACGCTTGGGAGTTACAACAGTCCTGG	51974
1484	IGHV1-8*01	IGHJ4*02	IGHA1	TGTTCGAGAGCGGGTCTCATGGCTGCCTTGGGGGACTTCTGG	14378
1648	IGHV6-1*01	IGHJ4*02	IGHM	TGTGCAAGAGTGGAGGGTATAACTGGAACTCGGAGTTTTGACTACTGG	70401
1989	IGHV4-4*07	IGHJ3*02	IGHM	TGTGCGAGAAGTGCGAGTTACTATGGTGCTTTTGATATCTGG	60066
2290	IGHV3-11*01	IGHJ4*02	IGHA1	TGTTCGAGAGATCCAAGGCGCCTTCCCTACTGG	17535
2480	IGHV4-34*01	IGHJ6*02	IGHA1	TGTGCGAGAGGAGATACAGTGATGCCGTTCCACCCCAAATTCTACTACGGTATAGACGTCTGG	52682
2486	IGHV4-34*01	IGHJ6*02	IGHA1	TGTGCGAGAGGAGATACAGTGATGCCGTTCCACCCCAAATTCTACTACGGTATAGACGTCTGG	52682
2897	IGHV3-11*01	IGHJ3*02	IGHA1	TGCGCGAGACAGAACTACGGCTTTGACCTAAATAATGCTTTTGACATTTGG	17369
3036	IGHV2-5*01	IGHJ3*01	IGHA1	TGTGCACACATATCCACACCTATGTCTTCGGGATATGATACTTTTCATGTCTGG	15677
3050	IGHV2-5*01	IGHJ6*02	IGHM	TGTGTACACAAGGAAGGTATTTTTTTTGACTGGTTATCAACAAAGGGCTTCGACGTGTGG	16728
3081	IGHV4-39*01	IGHJ2*01	IGHA1	TGTGCGAGAGTGCGGCGAACTTACTGGCACTTCGATCTCTGG	53205
3379	IGHV1-18*04	IGHJ4*02	IGHA1	TGTGCGAGAGCGGACTCTAGACCTTATCACTATGACACTCGTGGAAATCCCGTTGACCAGTGG	1871
3913	IGHV5-51*01	IGHJ5*01	IGHA1	TGTGTGAGAAGTGCGACGGGTAACTGGTATCAAAAGTTCGACTCCTGG	68744
4082	IGHV3-48*02	IGHJ4*02	IGHA1	TGTGTGAGAGGTCAAACCTATGTGGACCAATGG	33773
4136	IGHV3-15*01	IGHJ4*02	IGHM	TGTACCACAGACTACCAGTATTACTATGGTTCGGGGAGTTATTATAATCTTGACTACTGG	20675
4715	IGHV3-74*01	IGHJ4*02	IGHA1	TGTTCAAAAGATTTAGCGGGGGCGGACGACTACTGG	44279
5155	IGHV3-21*02	IGHJ4*02	IGHA1	TGTGTGAAAGAGTCTTCGGGTGACTCCCTTGATTATTGG	21754
5471	IGHV4-39*01	IGHJ4*02	IGHA1	TGTGCGACTTCAACGTGGGTACAACAATGGAAATCAGCCCCTCACAGGTTTGACGTCTGG	57244
732	IGHV4-34*01	IGHJ6*02	IGHA1	TGTGCGAGAAGCCCCCGACATTGTCTTGGTGGTTCCTGCTATTTCGATAGTTTCGACGTTTGG	52667
857	IGHV4-39*01	IGHJ4*02	IGHA1	TGTGCGAGACATCCCCACGGTGTAGTGGGAGATTGGTACCTTGACCACTGG	56317
966	IGHV1-69*06	IGHJ6*02	IGHA1	TGTGCGCGAGATGCTGGATATCGCGGGCGCGAGGGGAGGCACGCCTACTACGGTATGGACATCTGG	13565
1161	IGHV1-46*01	IGHJ3*02	IGHA1	TGTGCGTGCGGTGACTATGAAGCTCCCGATTTTTTTGCTATGTGG	8532
1321	IGHV3-30*18	IGHJ4*02	IGHA1	TGTGGGAAGGACTTCTCACAACTTAGTAGAATAATTGACTCCTGG	29706
1350	IGHV4-34*01	IGHJ5*02	IGHM	TGTGCGAGTGGCCAGGCACACGCGTGGGAGTTACAACAGTCCTGG	51974
1440	IGHV1-46*01	IGHJ3*02	IGHA1	TGTGCGAGATCTTCAGGGGGTCCTTTTGATATGTGG	8513
1570	IGHV4-34*02	IGHJ2*01	IGHA1	TGTGCGAGGGACTCTGGCGTGGTGCGCGGTCCTGTTCTAATCACTGGTGGGGATCCACACTTCGATCAGTGG	50253
1604	IGHV4-39*02	IGHJ3*01	IGHA1	TGTGCGAACTCCGGTGACTACAGTCATAATGCTTTTGATCTCTGG	53509
1786	IGHV4-59*01	IGHJ3*02	IGHA1	TGTGCGAGCGGCATGGACCGTGCGAAAATCCACATCTGG	61928
1816	IGHV4-4*07	IGHJ3*02	IGHA1	TGTGCGAGAGATTTTTACGGTGGTACCTCTGATGCTTTTGATATCTGG	60113
1853	IGHV4-61*01	IGHJ4*02	IGHA1	TGTGCGAGAGCTAGATACAGCTATGGTCCCATTGACTATTGG	65073
2132	IGHV1-69*01	IGHJ6*02	IGHM	TGTGCGAGAGACCCTATAGCAGCTCGTCAGGACTACTACTACGGTATGGACGTCTGG	13141
2387	IGHV3-30*03	IGHJ4*02	IGHA1	TGCGCGAGAGATCACAAGACCATCTATGATGGTAGCGGTTATTTCTTTGACTACTGG	30538
2479	IGHV4-34*01	IGHJ6*02	IGHA1	TGTGCGAGAGGAGATACAGTGATGCCGTTCCACCCCAAATTCTACTACGGTATAGACGTCTGG	52682
2505	IGHV4-34*02	IGHJ4*02	IGHA1	TGTGCGAGGGGATTTCGGTCCAATCTTCGCTTTGACTACTGG	50848
2820	IGHV4-28*07	IGHJ3*02	IGHA1	TGTGCGAGAAGTCCGGATAGATATGGCAAACCAGAGGCTTTTGATATCTGG	48907
3014	IGHV2-5*01	IGHJ4*02	IGHA1	TGTGCGCACACGCGTTATCGTGATAGTAGTGCTGTCCCCCCCCCTGACTATTGG	16202
3119	IGHV2-5*01	IGHJ5*02	IGHA1	TGTGCACACCCCTATTATTATGATAGTAGTGCTTTCGACCACTGG	16478
3186	IGHV4-34*02	IGHJ2*01	IGHA1	TGTGCGAGACGTCCGCGATATTTCGATCTCTGG	50157
3235	IGHV4-39*01	IGHJ4*02	IGHA1	TGTGCGAGACGGGGTGTTTATTGTCCTAATGGTGTTTGCGACAGGGGAAACTACCACTTTGACTACTGG	57769
3305	IGHV3-7*01	IGHJ1*01	IGHA1	TGTGCGAGAGTCGAATCCGGTTCTTTCCAGCACTGG	38411
3537	IGHV5-51*03	IGHJ4*02	IGHA1	TGTGCGAGACAACTTAATCGGTTTGGAAGTGGTTTTTATCCTCCCGGGGACTCGCCGTTTGACTACTGG	68535
3674	IGHV3-21*01	IGHJ4*02	IGHA1	TTTGCGAGAGAACGAGCGGGTTACTACCTTGACTGTTGG	21767
3783	IGHV3-23*01	IGHJ6*02	IGHA1	TGTGTGAAGGATGGGCCCTGGTACGGCCATTTCCACTACTACTATGCTATGGACGTCTGG	28767
4075	IGHV3-48*01	IGHJ4*02	IGHM	TGTGCGACTCACCGTATAGCAGCAGCCGAAAGCTACTGG	33888
4500	IGHV3-74*01	IGHJ4*02	IGHA1	TGTGCAAGAGGGACTACGGTGACTAAAACCTTTGACTACTGG	44588
4662	IGHV3-74*01	IGHJ4*02	IGHA1	TGTGTAAGAGATTTCGTGGGACCGAGGGACTACTGG	44090
5154	IGHV3-21*02	IGHJ4*02	IGHA1	TGTGTGAAAGAGTCTTCGGGTGACTCCCTTGATTATTGG	21754
5191	IGHV3-23*01	IGHJ3*01	IGHA1	TGTGCGAAAGATCTTCCGGGGCGAAGTAGGGTTGATGCTTTTGATGTCTGG	23891
5260	IGHV3-73*02	IGHJ5*02	IGHA1	TGTTCCTCTCGAGTGGGAACTACTGCTGCCTGG	43282
502	IGHV3-33*01	IGHJ6*02	IGHG1	TGTGCGAGAGATCGCGGGCACGACTTGTATAGTGGTTATATATATGGTTTGGACGTCTGG	33036
604	IGHV3-74*01	IGHJ3*02	IGHA1	TGTGCAACCTTGGCGGATACCTCCCGCGGAGCTTTTGATATCTGG	43614
649	IGHV3-9*01	IGHJ4*02	IGHA1	TGTGTAAAAGTTTCCCGCGGGGGTTATGTTGGCTCCTTTTATGACAGACGTGGTTTTTATTTTGACGGCTGG	48008
703	IGHV1-69*01	IGHJ6*02	IGHM	TGTGCGAGAGACCCTATAGCAGCTCGTCAGGACTACTACTACGGTATGGACGTCTGG	13141
706	IGHV3-7*01	IGHJ6*02	IGHA1	TGTGCGAGACCAATGCGTCCGTATTGCAGCAGCTGGGCAACGGACGTCTGG	41788
901	IGHV4-39*01	IGHJ4*02	IGHA1	TGTGCGAGGTTTAGTGGGAGCTACCGAGCGTTTGACTGGTGG	55169
938	IGHV4-39*01	IGHJ5*02	IGHA1	TGTGCGAGACGCTTGGGCTCGTGGGACATCAACTGGTTCCACCCCTGG	58295
1007	IGHV4-39*08	IGHJ6*02	IGHA1	TGCTCGAGATCTGCGCGGGTGATTACGAACAAAGTAGTGGTTACGTCGCACGGTTTGGACGTCTGG	59805
1186	IGHV4-59*02	IGHJ3*02	IGHA1	TGTGCAAAGTCGAAGGATCCGATCCTCGCAGCCTCTGCTTTTGATATCTGG	62059
1309	IGHV1-2*02	IGHJ4*02	IGHA1	TGTGCGAGAGAGGGGGGCTACAATTCTGGGGAGGCAATTGACTACTGG	5051
1469	IGHV1-8*01	IGHJ4*02	IGHA1	TGTTCGAGAGCGGGTCTCATGGCTGCCTTGGGGGACTTCTGG	14378
1483	IGHV1-8*01	IGHJ4*02	IGHA1	TGTTCGAGAGCGGGTCTCATGGCTGCCTTGGGGGACTTCTGG	14378
1662	IGHV6-1*01	IGHJ4*02	IGHM	TGTGCAAGAGTGGAGGGTATAACTGGAACTCGGAGTTTTGACTACTGG	70401
1666	IGHV4-34*01	IGHJ4*02	IGHA1	TGTGCGAGATTGTCAATTGTGTGGTCAGTTGACTACTGG	50671
1806	IGHV4-59*01	IGHJ4*02	IGHA1	TGTGTGACAAGTCAATACAGCTATGGCCCAATTGCCTATTGG	62792
1830	IGHV4-61*01	IGHJ4*02	IGHA1	TGTGCGAGAGTAACGCTTTTTGGAGTGATTATCAACTTG	64992
1898	IGHV4-61*01	IGHJ4*02	IGHA1	TGTGCGAGAGTAACGCTTTTTGGAGTGATTATCAACTGG	64992
1946	IGHV4-61*01	IGHJ4*02	IGHM	TGTGCGACAGGTTCAGACGCCTACAAGGTGGGCTACTGG	64961
1973	IGHV4-61*01	IGHJ2*01	IGHA1	TGCGCGAGAAGTCTCCGGTATTGTGGTGGTGGTACCTGCTACTCCTGTTACTTCGATCTGTGG	64784
2070	IGHV1-69*01	IGHJ4*02	IGHA1	TGTGTGCGAGTCGGCCAGCCAGTGCTATTCGAGAAGGCCGGCTTTGACTATTGG	11836
2191	IGHV1-2*02	IGHJ5*02	IGHA1	TGTGCGAGAGTTGAACTGCATAGCAGCCATTTATTCCGGTTCGACCCCTGG	6676
2340	IGHV3-30*18	IGHJ6*02	IGHA1	TGTGTGAAAGATCGGGGGTGGGCTACAGTAACTTCGCGGGGTATGGACGTCTGG	31198
2349	IGHV3-33*06	IGHJ4*02	IGHA1	TGTGCGAAATCAAGTCGCGATTTTTGGAGTGGTTCCCGGGACCACTACTTTGACTCGTGG	32648
2450	IGHV4-34*01	IGHJ6*02	IGHA1	TGTGCGAGAGGAGATACAGTGATGCCGTTCCACCCCAAATTCTACTACGGTATAGACGTCTGG	52682
2513	IGHV4-34*02	IGHJ4*02	IGHA1	TGTGCGAGGGGATTTCGGTCCAATCTTCGCTTTGACTACTGG	50848
2532	IGHV1-2*02	IGHJ4*02	IGHA1	TGTGCGAGGACTTATAGCAGCAGCTGGTTTGGGTTTGACTACTGG	4864
2541	IGHV1-46*01	IGHJ6*02	IGHA1	TGTGCGAGAGCTCACGGGTATGGGTACTACGGTCTGGACGTCTGG	9977
2719	IGHV3-11*01	IGHJ4*02	IGHA1	TGTGCGAGAGATGCCCTTGTGTTTACTTTTGACTATTGG	17609
2738	IGHV3-11*01	IGHJ1*01	IGHA1	TGTGCACGTCATAAGGATTTTGTGCACCTTGATCACTGG	17225
3030	IGHV2-5*01	IGHJ5*02	IGHA1	TGTGCACACAGAGTGGGGGGGGAAGTGGTTCGGGGAGTTGTTACTCCCGGCTGGTTCGACCCCTTG	16644
3142	IGHV1-2*02	IGHJ5*02	IGHA1	TGTGCGAGAGGGGACTCGGTCGGGTGGAGGTGGTTGGTCGACCCCTGG	6562
3199	IGHV1-18*04	IGHJ4*02	IGHA1	TGTGCGAGAGATACATCCTATAACAATGGCTGGGGACTTGACTACTGG	1023
3650	IGHV3-15*01	IGHJ4*02	IGHA1	TGTACGACTGACCGGAGTTATGGTTACTACTCTGCCCACTGG	19951
3817	IGHV3-23*01	IGHJ6*02	IGHA1	TGTGCGAAGACCCTTCCGGCTCTAAATACACGACAAAACTACTATTATGGCATGGACGTCTGG	28808
4336	IGHV3-53*01	IGHJ4*02	IGHA1	TGTGCGAGCCCCCATGGTAGTAGTGGTTATTACTATCTTGACTACTGG	37593
4356	IGHV3-53*01	IGHJ4*02	IGHA1	TGTGCGAGAGAGGGAAGAAGAGATGTGGACAATGGCAGGTATAACTATGACTACTGG	37798
4372	IGHV3-74*01	IGHJ3*02	IGHA1	TGTGCAACCTTGGCGGATACCTCCCGCGGAGCTTTTGATATCTGG	43614
4491	IGHV3-74*01	IGHJ4*02	IGHA1	TGTGCAAGAGGGACTACGGTGACTAAAACCTTTGACTACTGG	44588
4573	IGHV3-74*01	IGHJ4*02	IGHA1	TGTGCAAGTAGTAGAGGCGTG	43813
5045	IGHV3-48*03	IGHJ5*01	IGHA1	TGTGCGAGGCCACCTCCGAGACCTGGAACCGTAAACTGGGTCGACTCCTGG	35122
5078	IGHV3-74*01	IGHJ4*02	IGHA1	TGTGCAAGAGGCTGGTTAGTGGGAGCTGACTCCTTTGGCTACTGG	44715
5418	IGHV3-9*01	IGHJ4*02	IGHA1	TGTGTAAAAAGTGTGGTCGCAGCAGATGCCACTTACTTTGACTACTGG	47209
749	IGHV4-39*01	IGHJ4*02	IGHA1	TGTGCTACTTCAACGTGGGTACAACAATGGAAATCAGCCCCTCACAGGTTTGACGTCTGG	57244
1361	IGHV4-34*01	IGHJ5*02	IGHM	TGTGCGAGTGGCCAGGCACACGCGTGGGAGTTACAACAGTCCTGG	51974
1380	IGHV4-34*01	IGHJ5*02	IGHM	TGTGCGAGTGGCCAGGCACACGCGTGGGAGTTACAACAGTCCTGG	51974
1649	IGHV6-1*01	IGHJ4*02	IGHM	TGTGCAAGAGTGGAGGGTATAACTGGAACTCGGAGTTTTGACTACTGG	70401
1653	IGHV6-1*01	IGHJ4*02	IGHM	TGTGCAAGAGTGGAGGGTATAACTGGAACTCGGAGTTTTGACTACTGG	70401
1855	IGHV4-61*01	IGHJ4*02	IGHG1	TGTGCGAGTTACTACTATGATAATACTCTTTATTACGACCATTACTACTTTGACTACTGG	65472
1923	IGHV4-61*01	IGHJ4*02	IGHA1	TGTGCGAGAGTAACGCTTTTTGGAGTGATTATCAACTGG	64992
1942	IGHV4-30-4*09	IGHJ4*02	IGHA1	TGTGCGTGGCTCCAGCCGATGACGACATCTGGGGTGCCCTTTGACTACTGG	49510
1968	IGHV4-61*01	IGHJ2*01	IGHA1	TGCGCGAGAAGTCTCCGGTATTGTGGTGGTGGTACCTGCTACTCCTGGTACTTCGATCTGTGG	64784
2267	IGHV1-8*01	IGHJ1*01	IGHA1	TGTGCGAGACAGAATAACTACGGGGAATTCCAGCACTGG	14002
2498	IGHV4-34*01	IGHJ4*02	IGHA1	TGTGCGAGAGGATCTAGGCGCAGCATCGACACTTATCCTTTTGACTACTGG	51234
2523	IGHV4-34*02	IGHJ4*02	IGHA1	TGTGCGAGGGGATTTCGGTCCAATCTTCGCTTTGACTACTGG	50848
2661	IGHV3-53*02	IGHJ4*02	IGHA1	TGTGCGGGAGATACAGCTTGGGGGAGAGTCTTCCACTGG	37159
2679	IGHV3-30*18	IGHJ4*02	IGHA1	TGTGCGAAAGAGACTCAGAAGTATGCGAGTGGCTGGTTCTTTGAGTCCTGG	30014
2745	IGHV6-1*01	IGHJ5*01	IGHA1	TGTGCAAGGGGACTTTGGTCAGAAGGTTTCGACTCCTGG	70615
3097	IGHV4-39*01	IGHJ2*01	IGHA1	TGTGCGAGAGTGCGGCGAACTTACTGGCACTTCGATCTCTGG	53205
3281	IGHV3-23*01	IGHJ6*02	IGHM	TGTGCGAAAGGGAATCCACTCTTACGAAACGGTATGGACGTCTGG	28398
3391	IGHV3-23*01	IGHJ4*02	IGHA1	TGTACGAAAGATAGTCCGGCCCCCTTTGACTTCTGG	24380
3435	IGHV3-7*01	IGHJ4*02	IGHM	TGTGCGGGCATGCATAGCAGCTATTGGTACGTGGAGGGGACTGACTATTGG	40845
3682	IGHV3-21*01	IGHJ4*02	IGHA1	TGTGCGAGAGAACGAGCGGGTTACTACCTTGACTGTTGG	21767
3784	IGHV3-23*01	IGHJ6*02	IGHA1	TGTGTGAAGGATGGGCCCTGGTACGGCCATTTCCACTACTACTATGCTATGGACGTCTGG	28767
4022	IGHV3-72*01	IGHJ6*02	IGHA1	TGTGCTAGAGGGGGCGGACTGGGAAACTACCAGTACGCTATGGACGGCTGG	42777
4030	IGHV3-72*01	IGHJ6*02	IGHA1	TTTGCTAGAGGGGGCGGACTGGGAAACTACCAGTACGCTATGGACGGCTGG	42777
4038	IGHV3-72*01	IGHJ6*02	IGHA1	TGTGCTAGAAGTCCCGCTATGGACGTCTGG	42737
4130	IGHV3-15*01	IGHJ4*02	IGHM	TGTACCACAGACTACCAGTATTACTATGGTTCGGGGAGTTATTATAATCTTGACTACTGG	20675
4194	IGHV3-21*01	IGHJ5*02	IGHA1	TGTGCGAGAGAGGATTGTGATATTACCAGCTGCTCGAAAAAGACCTGGTTCGACACCTGG	22867
4303	IGHV3-72*01	IGHJ3*02	IGHA1	TGTGTTAAAGATGACCCGAACCTTCCTGGGACCTTTGATATCTGG	42168
4458	IGHV3-74*01	IGHJ2*01	IGHA1	TGTGCGAGGGTATCGCCCAACTGGTACAACGATCTCTGG	43473
4559	IGHV3-74*01	IGHJ3*02	IGHA1	TGTGCAACCTTGGCGGATACCTCCCGCGGAGCTTTTTATATCTGG	43614
4794	IGHV3-74*01	IGHJ6*02	IGHA1	TGTGCATGTCTATGTAGTAGTACCACCTGCCATAGCTCTGCCGTTATGGACGTCTGG	45959
5192	IGHV3-23*01	IGHJ3*01	IGHA1	TGTGCGAAAGATCTTCCGGGGCGAAGTAGGGTTGATGCTTTTGATGTCTGG	23891
5256	IGHV3-73*02	IGHJ5*02	IGHA1	TGTTCCTCTCGAGTGGGAACTACTGCTGCCTGG	43282
5288	IGHV3-73*02	IGHJ4*02	IGHM	TGTAAGACTTGGCTAGAACCTTTTGACTACTGG	42988
5317	IGHV3-23*04	IGHJ4*02	IGHA1	TGTGCGAAGGAGTCGAGTTTCGCCTACGGTCCTCTCTCATCCCACTTTGACTACTGG	27155
5361	IGHV3-9*01	IGHJ4*02	IGHM	TGTGCAAAAGCGTATTGTAGTAGTAGTATTGCCTGCTCCCCTGCGACTACTGGG	47594
5441	IGHV3-9*01	IGHJ4*02	IGHM	TGTGCAAAAGCGTATTGTAGTAGTAGTATTGCCTGCTCCCCTGCGACTACTGGG	47594
725	IGHV1-18*04	IGHJ4*02	IGHA1	TGTGCGAGAGATACGTCCTATAGCAGTGGCTGGGGGTTTGACTTTTGG	1023
873	IGHV4-39*01	IGHJ5*02	IGHA1	TGTGCGAGACCGTTGAGGGGTTCGACTACGGGATTCGACCCCTTG	58132
885	IGHV4-39*01	IGHJ4*02	IGHA1	TGTGCGAGACATCCCCACGGTGTAGTGGGAGATTGGTACCTTGACCACTGG	56317
982	IGHV4-39*08	IGHJ6*02	IGHA1	TGCGCGAGATCTGCGCGGGTGATTACGAACAAAGTAGTGGTTACGTCGCACGGTTTGGACGTCTGG	59805
989	IGHV4-39*01	IGHJ4*02	IGHA1	TGTGCGAGGCCCTCCCGTACAGGGAACTACTACTACTGG	54434
1091	IGHV1-18*04	IGHJ4*02	IGHA1	TGTGCGAGAGCGGGCCAGTGGCTGGTCCACTGG	446
1111	IGHV1-18*04	IGHJ4*02	IGHA1	TGTGCGAGAGAGGGCGATTTCTGGAGTGGTTATTCCTTTGACTACTGG	1098
1140	IGHV2-70*01	IGHJ6*02	IGHA1	TGTGCACGGACACAGTCTTCTTATTACAACGGCTACCTATACTATCACGGAATAGACGTCTGG	17152
1235	IGHV4-4*07	IGHJ5*02	IGHA1	TGTGCGAGAGACGTGGATCAGTATGTTTCGGGAATTTATCATGACAATTGGTTCGACCCCTGG	61346
1372	IGHV4-34*01	IGHJ5*02	IGHM	TGTGCGAGTGGCCAGGCACACGCGTGGGAGTTACAACAGTCCTGG	51974
1572	IGHV4-34*02	IGHJ2*01	IGHA1	TGTGCGAGGGACTCTGGCGTGGTGCGCGGTCCTGTTCTAATCACTGGTGGGGATCCACACTTCGATCAGTGG	50253
1670	IGHV4-34*01	IGHJ4*02	IGHA1	TGTGCGAGATTGTCAATTGTGTGGTCAGTTGACTACTGG	50671
1727	IGHV4-4*07	IGHJ5*02	IGHA1	TGTGCGAGAGGTCTCGGTGGTTATTACTACCAAGACACCTGG	61120
1739	IGHV4-59*01	IGHJ6*02	IGHA1	TGTGCGCGAGCCCTCCAGTACTACTACGGAATGGACGTCTGG	64302
1748	IGHV4-59*01	IGHJ6*02	IGHA1	TGTGCGAGAGACGCCGCCTGCGGTATGGGCGTCTGG	64242
1841	IGHV4-4*07	IGHJ6*02	IGHA1	TGTGCGAGAGATGGAAGTCTGGATTTTTGGAGTGGTGATTATAACGATGACTACTATTACGGTATGGACGTCTGG	61698
1918	IGHV4-61*01	IGHJ4*02	IGHM	TGTGCGACAGGTTCAGACGCCTACAAGGTGGGCTACTGG	64961
1936	IGHV4-59*01	IGHJ4*02	IGHA1	TGTGCGAGAGGACAGAGGGGCAGCGCGGCCGAAGACTACTACTTGGACTGG	63303
1947	IGHV4-30-4*09	IGHJ4*02	IGHA1	TGTGCGAGATACGGTGATTACCCTCTATGGGGATTTGACTCCTGG	49355
2193	IGHV1-2*02	IGHJ5*02	IGHA1	TGTGCGAGAGTTGAACTGCATAGCAGCCATTTATTCCGGTTCGACCCCTGG	6676
2484	IGHV4-34*01	IGHJ6*02	IGHA1	TGTGCGAGAGGAGATACAGTGATGCCGTTCCACCCCAAATTCTACTACGGTATAGACGTCTGG	52682
2535	IGHV4-4*07	IGHJ6*02	IGHA1	TGCGCGAGAGGGGGGAGTGTTGAAGGTACTGGGGCATACTACGGTTTGGACGTCTGG	61558
2584	IGHV1-2*02	IGHJ4*02	IGHM	TGTGCGAGAGGGCTCTCTAGTTATAGGGACTACCGGCCGGGCTACTGG	4970
2756	IGHV4-39*08	IGHJ6*02	IGHA1	TGTGCTCGCTATTTCTACTTCGCTATCGACATCTGG	59309
2957	IGHV4-34*02	IGHJ2*01	IGHA1	TGCGCGCGCGCTCGGTGGTTCTCTGGGACCGTCGACAGCTACTGGCACTTCGATCTCTGG	50216
3056	IGHV2-5*01	IGHJ6*02	IGHM	TGTGTACACAAGGAAGGTATTTTTTTTGACTGGTTATCAACAAAGGGCTTCGACGTGTGG	16728
3191	IGHV4-34*02	IGHJ2*01	IGHA1	TGTGCGAGACGTCCGCGATACTTCGATCTCTGG	50157
3445	IGHV3-7*01	IGHJ4*02	IGHM	TGTGCGGGCATGCATAGCAGCTATTGGTACGTGGAGGGGACTGACTATTGG	40845
3555	IGHV3-74*01	IGHJ4*02	IGHA1	TGTGCAAGAGATCTCAATGTGCGTGACTACTCAAGTCGTGGAGACGACTTTGACTTCTGG	45330
4093	IGHV3-48*02	IGHJ4*02	IGHA1	TGTGCGAGAGAGTTTTGTGCTGGTTCCAGCTGCTACCGTGGGGTTTGTGACAACTGG	34816
4121	IGHV3-48*01	IGHJ4*02	IGHA1	TGTGCGAGGACTTTTTGTAATGATACCAACTGCTTCTACTTTGACGACTGG	34648
4144	IGHV3-15*01	IGHJ5*02	IGHA1	TGCACCACCTCCCTAGCGTTTGACAGTAGTGGTCATTACCATGGCCACTGGTTCGGCCCCTGG	20974
4145	IGHV3-15*01	IGHJ5*02	IGHA1	TGCACCACCTCCCTAGCGTTTGACAGTAGTGGTCATTACCATGGCCACTGGTTCGGCCCCTGG	20974
4217	IGHV3-21*01	IGHJ6*02	IGHA1	TGTGCGAGAGGGGAGTACCGTATGGACGTCTGG	22913
4539	IGHV3-74*01	IGHJ3*02	IGHA1	TGTGCAACTTTGGCGGATACCTCCCGCGGAGCTTTTGATATCTGG	43614
5405	IGHV3-7*01	IGHJ4*02	IGHA1	TGTCCGAGTGGCTTTCCCCCTACCAGTGGCTATTACGACTACTGG	40211
483	IGHV3-7*01	IGHJ4*02	IGHG1	TGTGCGAGAGATGGGACGACAGTGGCCCCATATTCCTTTGACTACTGG	40568
539	IGHV4-61*01	IGHJ4*02	IGHA1	TGTGTCAGTAGCGGGCCATACAACTACCCCCCGTCGTTTGACTACTGG	65287
623	IGHV3-7*01	IGHJ5*02	IGHA1	TGCGCGAGAGATTTAGCTAAACAACGGGTGGCCAATGGGGAAGCCGACCACTGG	41546
745	IGHV4-39*01	IGHJ4*02	IGHA1	TGTGCGACTTCAACGTGGGTACAACAATGGAAATCAGCCCCTCACAGGTTTGACGTCTGG	57244
792	IGHV4-39*01	IGHJ5*02	IGHA1	TGTGCGAGACCGTTGAGGGGTTCGACTACGGGATTCGACCCCTGG	58132
875	IGHV4-39*01	IGHJ5*02	IGHA1	TGTGCGAGACCGTTGAGGGGTTCGACTACGGGATTCGACCCCTGG	58132
1206	IGHV4-59*02	IGHJ3*02	IGHA1	TGTGCAAAGTCGAAGGATCCGATCCTCGCAGCCTCTGCTTTTGATATCTGG	62059
1231	IGHV4-4*07	IGHJ5*02	IGHA1	TGTGCGAGAGACGTGGATCAGTATGTTTCGGGAATTTATCATGACAATTGGTTCGACCCCTGG	61346
1299	IGHV1-69*06	IGHJ4*02	IGHA1	TGCGCGACAAACCATAAATATAGCAGCCCTTGGGGGCCCTTTGACTTCTGG	11555
1313	IGHV1-2*02	IGHJ4*02	IGHA1	TGTGCGAGAGAGGGGGGCTACAATTCTGGGGAGGCAATTGACTACTGG	5051
1716	IGHV4-4*07	IGHJ5*02	IGHA1	TGTGCGAGAGGTCTCGGTGGTTATTACTACCAAGACACCTGG	61120
1736	IGHV4-59*01	IGHJ6*02	IGHA1	TGTGCGCGAGCCCTCCAGTACTACTACGGAATGTACGTCTGG	64302
1852	IGHV4-61*01	IGHJ4*02	IGHA1	TGTGCGAGAGCTATATACTATGGTCCCATTGACTACTGG	64984
2008	IGHV4-34*02	IGHJ6*02	IGHA1	GCGATGGACGTCTGG	52352
2112	IGHV1-69*01	IGHJ6*02	IGHA1	TGTGCGAGCACGGAGGCTTTCGGGTTCTTCGCTATGGACGTCTGG	12910
2169	IGHV1-2*02	IGHJ4*02	IGHA1	TGTGCGAGAACACTGACAATCCGTGACAGTACTGGGCAGGTGGACTACTGG	5279
2261	IGHV1-8*01	IGHJ1*01	IGHA1	TGTGCGAGACAGAATAACTACGGGGAATTCCAGCACTGG	14002
2265	IGHV1-8*01	IGHJ1*01	IGHA1	TGTGCGAGACAGAATAACTACGGGGAATTCCAGCACTGG	14002
2438	IGHV4-34*01	IGHJ6*02	IGHA1	TGTGCTAGAGGCCTTCGGTCTGTGGAGTGGACCGGGGACGGGGCTTTTGCTTTCTATTACGGAATGGACGTCTGG	52971
2463	IGHV4-34*01	IGHJ4*02	IGHA1	TGTGCGAGAGGATCTAGGCGCAGCATCGACACTTATCCTTTTGACTACTGG	51234
2552	IGHV1-46*01	IGHJ6*02	IGHA1	TGTGCGAAAGATTGGGGGGCGATGGGAAGTGTTATTACCGAACCGGGAATATTCGGAATGGACGTCTGG	10165
2635	IGHV1-2*02	IGHJ5*02	IGHA1	TGTGCGAGAGATTGTGCACTGGCTGGCCCAGCCAACTACTGGTTCGACCCCTGG	6735
2785	IGHV6-1*01	IGHJ5*02	IGHA1	TGTGCCAGAGATCGGGCTCTTACTCCCGGAATGGCAATTGCTACAGACAACTGGTTCGACCCCTGG	70741
2823	IGHV4-28*07	IGHJ3*02	IGHA1	TGTGCGAGAAGTCCGGATAGATATGGCAAACCAGAGGCTTTTGATATCTGG	48907
2832	IGHV4-28*07	IGHJ3*02	IGHA1	TGTGCGAGAAGTCCGGATAGATATGGCAAACCAGAGGCTTTTGATATCTGG	48907
3019	IGHV2-5*02	IGHJ4*02	IGHA1	TGTGCACACACGCGTCATCGTGATAGTAGTGCTGTTTTCCCCCCTGACTTTTGG	16202
3071	IGHV1-45*02	IGHJ4*02	IGHA1	TGTGCAAGTTCGAACAACAGTCCGCACTATTCTTTTGACTATTGG	8454
3396	IGHV3-23*01	IGHJ4*02	IGHA1	TGTACGAAAGATAGTCCGGCCCCCTTTGACTTCTGG	24380
3415	IGHV3-74*01	IGHJ5*02	IGHA1	TGTACAACCTTCGCTTCTACAGTGCCCACCTGG	45407
3472	IGHV3-74*01	IGHJ4*02	IGHA1	TGTGCAAGTAGTAGAGGCGTG	43813
3692	IGHV3-21*01	IGHJ4*02	IGHA1	TGTGCGAGAGAACGAGCGGGTTACTACCTTGACTGTTGG	21767
4016	IGHV3-7*01	IGHJ4*02	IGHA1	TGTGCGAGACTCCTGGATCGACGTGGATACAACTTTGGTTACGACTACTGG	40718
4032	IGHV3-72*01	IGHJ6*02	IGHA1	TGTGCTAGAAGTCCCGCTATGGACGTCTGG	42737
4074	IGHV3-48*01	IGHJ4*02	IGHM	TGTGCGACTCACCGTATAGCAGCAGCCGAAAGCTACTGG	33888
4094	IGHV3-48*02	IGHJ4*02	IGHA1	TGTGCGAGAGAGTTTTGTGCTGGTTCCAGCTGCTACCGTGGGGTTTGTGACAACTGG	34816
4275	IGHV3-21*01	IGHJ4*02	IGHM	TGTGCGAGGAAAAATTGTGGTGGTGACTGCTCATATCCGAACCCCCATGACTACTGG	22579
4377	IGHV3-73*02	IGHJ4*02	IGHA1	TGTTCTCCCCTTGGAAGTTTTTTTGTTCGGGGCGTTTATTCTTGG	43146
4383	IGHV3-73*02	IGHJ4*02	IGHA1	TGTACTAGCCAAAGCCGTCAAGCAGTGGCTGTAGACTACTGG	43077
4444	IGHV3-73*02	IGHJ3*02	IGHM	TGTACTCGAGACGACTACGGTGACTACGGTGCCGATGCTTTTGATATGTGG	42930
4512	IGHV3-74*01	IGHJ4*02	IGHA1	TGTGCAAGAGGGACTACGGTGACTAAAACCTTTGACTACTGG	44588
4652	IGHV3-74*01	IGHJ4*02	IGHA1	TGTGCAAGAGATGTCGGTGGGAGGTCCGGCTACTGG	44097
4961	IGHV3-74*01	IGHJ4*02	IGHA1	TGTGTAAGAGACTGTTGTGGGACGTTCGGTGACGACTGG	44453
5075	IGHV3-74*01	IGHJ4*02	IGHA1	TGTGCAAGAGGCTGGTTAGTGGGAGCTGACTCCTTTGGCTACTGG	44715
5270	IGHV5-51*01	IGHJ6*02	IGHA1	TGTGCGAGACAGATGATGTTAGCATCTGGCAGCGACTACTTCTACGGTATGGACATCTGG	69351
5342	IGHV3-9*04	IGHJ4*01	IGHM	TGTGCAAAAGAACCGAACAGATATAGTGGCTACGATTTTATTGACTTTTGG	47270
5356	IGHV3-9*01	IGHJ3*02	IGHA1	TGTGTAAAACCTATGGAGAAGAATGATGTTTTGACGGAGGAGTTTTTTGATATCTGG	46528
5360	IGHV3-9*01	IGHJ4*02	IGHM	TGTGCAAAAGCGTATTGTAGTAGTAGTATTGCCTGCTCCCCCGCGACTACTGGG	47594
5362	IGHV3-9*01	IGHJ4*02	IGHM	TGTGCAAAAGCGTATTGTAGTAGTAGTATTGCCTGCTCCCCCGCGACTACTGGG	47594
5364	IGHV3-9*01	IGHJ4*02	IGHM	TGTGCAAAAGCGTATTGTAGTAGTAGTATTGCCTCCCCTGCGACTACTGGG	47375
5366	IGHV3-9*01	IGHJ4*02	IGHM	TGTGCAAAAGCGTATTGTAGTAGTAGTATTGCCTGCTCCCCTGCGACTACTGGG	47594
556	IGHV3-11*01	IGHJ6*02	IGHG1	TGTGCGAGAGGGGCGATGTTTGGACTGGGACTTCAATACTACGGTATGGACGTCTGG	18594
581	IGHV3-7*01	IGHJ5*02	IGHA1	TGCGCGAGAGATTTAGCTAAACAACGGGTGGCCAATGGGGAAGCCGACCACTGG	41546
635	IGHV1-18*04	IGHJ3*02	IGHA1	TGTGCGAGGGCCTTTAGCGGGCTTAGTGTCGCGAAGAAGCTCGGGCAGCGACAAACGGGGGGCCGGGATGCTTTTGATATCTGG	375
688	IGHV3-48*02	IGHJ4*02	IGHA1	TGTGCGAGAGATCTGGGGGTGGCGGATGATGACGTTTGGGGGACTTATCGTTATACATCGTACTACTTTGACTACTGG	34999
874	IGHV4-39*01	IGHJ5*02	IGHA1	TGTGCGAGACCGTTGAGGGGTTCGACTACGGGATTCGACCCCTGG	58132
905	IGHV4-39*01	IGHJ4*02	IGHA1	TGTGCGAGGTTTAGTGGGAGCTACCGAGCGTTTGACTGGTGG	55169
929	IGHV4-39*01	IGHJ4*02	IGHA1	TGTGCGAGGTTTAGTGGGAGCTACCGAGCGTTTGACTGGTGG	55169
936	IGHV4-39*01	IGHJ5*02	IGHA1	TGTGCGAGACGCTTGGGCTCGTGGGACATCAACTGGTTCGACCCCTGG	58295
1008	IGHV4-39*08	IGHJ6*02	IGHA1	TGCGCGAGATCTGCGCGGTTGATTACGAACAAAGTAGTGGTTACGTCGCACGGTTTGGACGTCTGG	59805
1110	IGHV1-18*01	IGHJ5*01	IGHA1	TGTGCGAGAGGCCCTCATTCATCAATAGGTGACTATGACTCCTGG	2090
1151	IGHV3-30*18	IGHJ6*02	IGHA1	TGTGCGAAGACCCGAGACGATTTTTGGAGTGGTTATCATTTCGATATGGACGTCTGG	31270
1285	IGHV1-69*06	IGHJ4*02	IGHA1	TGCGCGACAAACCATAAATATAGCAGCCCTTGGGGGCCCTTTGACTTCTGG	11555
1318	IGHV1-69*06	IGHJ4*02	IGHA1	TGCGCGACAAACCATAAATATAGCAGCCCTTGGGGGCCCTTTGACTTCTGG	11555
1479	IGHV1-8*01	IGHJ4*02	IGHA1	TGTTCGAGAGCGGGTCTCATGGCTGCCTTGGGGGACTTCTGG	14378
1561	IGHV4-59*01	IGHJ6*02	IGHA1	TGTGCGAGATATCAGTTTTGGACCGTCGGGCGACCCTACGCTTTGGACGTCTGG	64453
1587	IGHV4-31*13	IGHJ5*02	IGHA1	TGTGCCAGAGCACTGGGATATAGAAATGGGGGATTCGACACCTGG	50073
1654	IGHV6-1*01	IGHJ4*02	IGHM	TGTGCAAGAGTGGAGGGTATAACTGGAACTCGGAGTTTTGACTACTGG	70401
1737	IGHV4-59*01	IGHJ6*02	IGHA1	TGTGCGCGAGCCCTCCAGTACTACTACGGAATGGACGTCTGG	64302
1746	IGHV4-59*01	IGHJ3*02	IGHA1	TGTGCGAGGACTTGGGGATCTCAGGATGGTATAAATATCTGG	61971
1747	IGHV4-4*07	IGHJ4*02	IGHM	TGTGCGAGAGATCAGACTGGTTATGGGGAATACTACTTTGACTACTGG	60657
1788	IGHV4-59*01	IGHJ3*02	IGHA1	TGTGCGAGCGGCATGGACCGTGCGAAAATCCACATCTGG	61928
1910	IGHV4-61*01	IGHJ4*02	IGHA1	TGTGCGACAGGTTCAGACGCCTACAAGGTCGGCTACTGG	64961
1963	IGHV4-4*07	IGHJ2*01	IGHA1	TGTACGCGAGTCAGACTTTCGGGCTCACTGGCAGCCCGCACCTACTACTTCGATTTCTGG	60022
2091	IGHV1-69*01	IGHJ4*02	IGHA1	TGTGCGAGAGACGTGCAGCAATTGGTTTATTCAGGCGTGGGCAACTGG	11411
2116	IGHV1-69*01	IGHJ6*02	IGHA1	TGTGCGAGCACGGAGGCTTTCGGGTTCTTCGCTATGGACGTCTGG	12910
2125	IGHV1-69*01	IGHJ6*02	IGHM	TGTGCGAGAGACCCTATAGCAGCTCGTCAGGACTACTACTACGGTATGGACGTCTGG	13141
2470	IGHV4-34*01	IGHJ4*02	IGHA1	TGTGCGAGAGGATCTAGGCGCAGCATCGACACTTATCCTTTTGACTATTGG	51234
2762	IGHV1-69*01	IGHJ4*02	IGHA1	TGTGCGAGAGTCGGCCAGCCACTACTATTCGAGAAGGGCGGCTTTGACTATTGG	11836
2796	IGHV6-1*01	IGHJ5*02	IGHA1	TGTGCCAGAGATCGGGCTCTTACTCCCGGAATGGCAATTGCTACAGACAACTGTTTCGACCCCTGG	70741
2858	IGHV1-18*04	IGHJ1*01	IGHA1	TGTGCGCGAGATCTAGTGGGATCATTTTCCCGCAAAGGATTCCAGAACTGG	23
3004	IGHV2-5*01	IGHJ4*02	IGHA1	TGTGCGCACACGCGTTATCGTGATAGTAGTGCTGTCCCCCCCCCTGACTATTGG	16202
3047	IGHV2-5*01	IGHJ6*02	IGHM	TGTGTACACAAGGAAGGTATTTTTTTTGACTGGTTATCAACAAAGGGCTTCGACGTGTGG	16728
3146	IGHV1-2*02	IGHJ5*02	IGHA1	TGTGCGAGAGGGGACTCGGTCGGGTGGAGGTGGTTGGTCGACCCCTGG	6562
3163	IGHV1-69*01	IGHJ6*02	IGHM	TGTGCGAGAGACCCTATAGCAGCTCGTCAGGACTACTACTACGGTATGGACGTCTGG	13141
3285	IGHV3-15*01	IGHJ4*02	IGHA1	TGTGCCACAGTGGGGTGGCATATGAATTATTATGAGAGTAGTGGTTACGCTGACCACTGG	20721
3347	IGHV1-18*04	IGHJ4*02	IGHA1	TGTGCGAGAGCGGACTCTAGACCTTATCACTATGACACTCGTGGAAATCCCGTTGACCAGTGG	1871
3413	IGHV3-74*01	IGHJ5*02	IGHA1	TGTACAACCTTCGCTTCTACAGTGCCCACCTGG	45407
3429	IGHV3-7*01	IGHJ4*02	IGHM	TGTGCGGGCATGCATAGCAGCTATTGGTACGTGGAGGGGACTGACTATTGG	40845
3542	IGHV3-7*01	IGHJ4*02	IGHA1	TGTGCGAGAGGGAGATATTTTGGGGACTACTGGTATTATTTTGACTACTGG	40780
3598	IGHV3-23*01	IGHJ4*02	IGHA1	TGTGTGAAAGATCTGGGGGCTAACGGAGTGGGAGCTACTTTGGACTACTGG	26380
3695	IGHV3-21*01	IGHJ4*02	IGHA1	TGTGCGAGAGAACGAGCGGTTTACTACCTTGACTGTTGG	21767
3789	IGHV3-23*01	IGHJ6*02	IGHA1	TGTGTGAAGGATGGGCCCTGGTACGGCCATTTCCACTACTACTATGCTATGGACGTCTGG	28767
3951	IGHV3-21*01	IGHJ4*02	IGHA1	TGTGCGAGAGTTGGTATAGCAGTGGCTGGTACTAGGGGAGGAGAACTTGAGTACTGG	22577
4012	IGHV3-7*01	IGHJ4*02	IGHM	TGTGTGAGAGATCACGACACTAATGGCTGGTATATTGATGACTGG	40468
4017	IGHV3-7*01	IGHJ4*02	IGHA1	TGTGCGAGACTCCTGGATCGACGTGGATACAACTTTGGTTACGACTACTGG	40718
4441	IGHV3-73*02	IGHJ3*02	IGHM	TGTACTCGAGACGACTACGGTGACTACGGTGCCGATGCTTTTGATATGTGG	42930
4548	IGHV3-74*01	IGHJ3*02	IGHA1	TGTGCAACCTTGGCGGATACCTCCCGCGGAGCTTTTGATATCTGG	43614
4676	IGHV3-74*01	IGHJ4*02	IGHA1	TGTGTAAGACATTTCGTGGGACCGAGGGACTACTGG	44090
4957	IGHV3-74*01	IGHJ4*02	IGHA1	TGTGTAAGAGACTGTTGTGGGACGTTCGGTGACGACTGG	44453
5002	IGHV5-51*01	IGHJ4*02	IGHA1	TGTGCGAGACACGCGATGCCAGCTCGCTTCGAGGATCATTTTGACTGG	67584
5241	IGHV5-51*03	IGHJ5*02	IGHA1	TGTGCGAGACTTCAACCGGAACATTGGTTATTAGGAGACAACTGGTTCGACCCCTGG	68882
5243	IGHV3-7*01	IGHJ4*02	IGHA1	TGTGCGAGAGAGAGGGGTGGTGTCCTTGACTACTGG	39421
5257	IGHV3-73*02	IGHJ5*02	IGHA1	TGTTCCTCTCGAGTGGGAACTACTGCTGCCTGG	43282
5305	IGHV3-9*01	IGHJ4*02	IGHA1	TGTGCTAAGGATCTTACTTATCTCAGCATCTTGGTCTGTGACTTCTGG	47202
542	IGHV4-61*01	IGHJ6*02	IGHA1	TGTGCGAGAGTACAAGGGCAGTCATACTTCTACTACTACGGTATGGACGTCTGG	65809
675	IGHV4-4*07	IGHJ6*02	IGHA1	TGTGCGAAAGAGAGGGGGGAGTGGGACGGTATGGACTTCAGG	61419
746	IGHV4-39*01	IGHJ4*02	IGHA1	TGTGCGACTTCAACGTGGGTACAACAATGGAAATCAGCCCCTCACAGGTTTGACGTCTGG	57244
769	IGHV1-2*02	IGHJ4*02	IGHA1	TGTGCGAAAACACTGACAATCCGTGACAGTACTGGGCAGGTGGACTACTGG	5279
822	IGHV4-39*01	IGHJ6*02	IGHA1	TGTGCGAGACATTTATACGGAAAGGGTATGAAAGTCTGG	59327
1106	IGHV1-18*01	IGHJ4*02	IGHA1	TGTGCGAGAGGCCCTCATTCATCAATAGGTGACTATGACTCCTGG	946
1154	IGHV3-30*18	IGHJ6*02	IGHA1	TGTGCGAAGACCCGAGACGATTTTGGGAGTGGTTATGATTTCGATATGGACGTCTGG	31270
1346	IGHV3-11*01	IGHJ4*02	IGHA1	TGTGCGAGAAAAAAGATAGTGGGTGGCCCCGGGGCTCTCTACTACTGG	17892
1612	IGHV4-61*01	IGHJ6*02	IGHA1	TGTGCGACCTTGCGTTTGGAGCAGATATCTTTTAGCCATCACTATTACGGTTTGGACGTCTGG	65887
1635	IGHV4-39*02	IGHJ3*01	IGHA1	TGTGCGAACTCCGGTGACTACAGTCATAATGCTTTTGATCTCTGG	53509
1657	IGHV6-1*01	IGHJ4*02	IGHM	TGTGCAAGAGTGGAGGGTATAACTGGAACTCGGAGTTTTGACTACTGG	70401
1710	IGHV4-61*03	IGHJ6*02	IGHA1	TGTGCGAGAGACTACAATAGCGGCGACTACGGTATGGACGTCTGG	65762
1713	IGHV4-61*03	IGHJ6*02	IGHA1	TGTGCGAGAGACTACAATAGCGGCGACTACGGTATGGACGTCTGG	65762
1790	IGHV4-59*01	IGHJ3*02	IGHA1	TGTGCGAGCGGCATGGACCGTGCGAAAATCCACATCTGG	61928
1850	IGHV4-61*01	IGHJ4*02	IGHA1	TGTGCGAGAGCTAGATACAGCTATGGTCCCATTGACTACTGG	65073
1893	IGHV4-59*01	IGHJ4*02	IGHA1	TGTGCGAGAGGACAGAGGGGCAGCGCGGCCGAAGACTACTACTTGGACTACTGG	63452
1928	IGHV4-59*01	IGHJ3*02	IGHA1	TGTGCGAGGACTTGGGGATCTCAGGATGGTATAAATATCTGG	61971
1949	IGHV4-4*07	IGHJ6*02	IGHA1	TGCGCGAGAGGGGGGAGTGTTGAAGGTACTGGGGCATACTACGTTTTGGACGTCTGG	61558
2121	IGHV1-69*01	IGHJ6*02	IGHM	TGTGCGAGAGACCCTATAGCAGCTCGTCAGGACTACTACTACGGTATGGACGTCTGG	13141
2194	IGHV1-2*02	IGHJ5*02	IGHA1	TGTGCGAGAGTTGAACTGCATAGCAGCCATTTATTCCGGTTCGACCCCTGG	6676
2212	IGHV1-2*02	IGHJ4*02	IGHA1	TGTGCGAGAACAAGCTACGGTGACAAAGTGGGTGCTGATGACTGCTGG	4996
2392	IGHV1-46*01	IGHJ5*02	IGHA1	TGTGTCAGAGCCGAATTCTCCAACTGGTTCGACCCCTGG	9724
2509	IGHV4-34*02	IGHJ6*02	IGHA1	TGTGCGAGAGGTTTCGTGGGACTTACTCGTAGGTACTCCCACATTGTGGACGTCTGG	52577
2519	IGHV4-34*02	IGHJ4*02	IGHA1	TGTGCGAGGGGATTTCGGTCCAATCTTCGCTTTGACTACTGG	50848
2536	IGHV1-46*01	IGHJ6*02	IGHA1	TGTGCGAGAGCTCACGGGTATGGGTACTACGGTCTGGACGTCTGG	9977
2594	IGHV4-59*11	IGHJ4*02	IGHA1	TGTGCGAGATATCCCGACCGCGCCGGTGGGACCTTTGATTACTGG	62944
2650	IGHV1-2*02	IGHJ5*02	IGHA1	TGTGCCAACAACCGCAATCCTGGCAGTGATTACTTCCTGTCGTCCTGG	6529
2652	IGHV1-2*02	IGHJ5*02	IGHA1	TGTGCCAACAACCGCAATCCTGGCAGTGATTACTTCCTGTCGTCCTGG	6529
2684	IGHV3-30*18	IGHJ4*02	IGHA1	TGTGCGAAAGAGACTCAGAAGTATGCGAGTGGCTGGTTCTTTGAGTCCTGG	30014
2691	IGHV3-30*18	IGHJ4*02	IGHA1	TGTGCGAAAGAGACTCAGAAGTATGCGAGTGGCTGGTTCTTTGAGTCCTGG	30014
2772	IGHV6-1*01	IGHJ5*02	IGHA1	TGTGCCAGAGATCGGGCTCTTACTCCCGGAATGGCAATTGCTACAGACAACTGGTTCGACCCCTGG	70741
2793	IGHV6-1*01	IGHJ5*02	IGHA1	TGTGCCAGAGATCGGGCTCTTACTCCCGCAATGGCAATTGCTACAGACAACTGGTTCGACCCCTGG	70741
2927	IGHV1-46*02	IGHJ6*02	IGHA1	TGTGCGAAAGATTGGGGGGCGATAGGATCGGTTATTACCGAACCGGGGATATTCGGTATGGACGTCTGG	10165
2959	IGHV1-69*01	IGHJ4*02	IGHA1	TGCGCGAGGACCAAGGAGGGCGATTGTAGTGGCGGTACCTGCTACTCTCTCTTTTGTGACTCGTGG	12297
2960	IGHV1-69*01	IGHJ4*02	IGHA1	TGCGCGAGGACCAAGGAGGGCGATTGTAGTGGCGGTACCTGCTACTCTCTCTTTTGTGACTCGTGG	12297
2996	IGHV1-18*04	IGHJ4*02	IGHA1	TGTGCGCGAGATACCTCCTATAGCAATGGCTGGGGACTCGACTACTGG	1023
3032	IGHV2-5*01	IGHJ4*02	IGHA1	TGTGCACACAGACCAGCGTATAGCAGGGGCCAACGAATATTTGACTGCTGG	16125
3136	IGHV3-30*18	IGHJ4*02	IGHA1	TGTGCGAAAACCCCGGATAAATGTGGTCCTTCTTGCTATTTAATTGACTACTGG	30229
3193	IGHV4-34*02	IGHJ2*01	IGHA1	TGTGCGAGACGTCCGCGATACTTCGATCTCTGG	50157
3764	IGHV3-23*01	IGHJ4*02	IGHM	TGTGCGAAACAGGCGGTGTCGGATGGCAGTGGCTGGTACTGGGGCCACTGG	26244
3768	IGHV3-23*01	IGHJ4*02	IGHM	TGTGCGAAACAGGCGGTGTCGGATGGCAGTGGCTGGTACTGGGGACACTGG	26244
3877	IGHV5-51*03	IGHJ4*02	IGHA1	TGTGCGAGACTCGGGCCAAGTACGGTGGTGACTTCCGGGGACTACTGG	67692
4137	IGHV3-15*01	IGHJ4*02	IGHM	TGTACCACAGACTACCAGTATTACTATGGTTCGGGGAGTTATTATAATCTTGACTACTGG	20675
4538	IGHV3-74*01	IGHJ3*02	IGHA1	TGTGTAACCTTGGCGGATACCTCCCGCGGAGCTTTTGATATCTGG	43614
4781	IGHV3-7*01	IGHJ4*02	IGHA1	TGTGCGAGAGGAGTGACTACCGGGATTGACTACTTTGACTCCTGG	40225
4813	IGHV3-21*01	IGHJ4*02	IGHA1	TGTGCGAGATGTGGGCACCGGTGGTACCATGACTACTGG	21815
4814	IGHV3-21*01	IGHJ4*02	IGHA1	TGTGCGAGATGTGGGCACCGGTGGTACCATGACTACTGG	21815
4863	IGHV3-53*01	IGHJ5*02	IGHA1	TGTGCGAGAGGGCGATCGGGTGGCCCAAGGTTCTACCCCTGG	37931
4877	IGHV3-74*01	IGHJ4*02	IGHA1	TGTGTAAGAGGGTCTCATAACAGTTATTCTGACCACGTCCTCTTTGACTATTGG	45263
4899	IGHV3-74*01	IGHJ4*02	IGHA1	TGTACAAGAGGCGGTGACACCGAGATTTTTGACTTCTGG	44296
5272	IGHV3-48*01	IGHJ3*01	IGHA1	TGTGCGAGAGGCACGCCGCGGCTGACTAATGATGTGGGGGATGCATTTTATGTCTGG	33584
5339	IGHV3-9*01	IGHJ4*02	IGHM	TGTGCAAAAGATCTTCGGTCACGGTCGCGTAGCAGCACCTGGTACCCTGACTACTGG	47746
5383	IGHV3-23*01	IGHJ4*02	IGHA1	TGTGCCAAAGACAGAGGTGCGGCTGCCGGTGGCTGGGAAGAATACTACTTTCACTACTGG	27371
5424	IGHV3-9*02	IGHJ4*02	IGHA1	TGTGGATTAGATGGACTCCCTGGGGGCCTGGGCTACTGG	46688
5462	IGHV3-9*01	IGHJ4*02	IGHA1	TGTGCAAAAGAGGACGCCCATAACTGGAGCTATGACTCCTGG	46734
751	IGHV4-39*01	IGHJ4*02	IGHA1	TGTGCGACTTCAACGTGGGTACAACAATGGAAATCAGCCCCTCACAGGTTTGACGTCTGG	57244
779	IGHV4-39*01	IGHJ4*02	IGHA1	TGTGCGAGACGGGGTGTTTATTGTCCTAATGGTGTTTGCGACAGGGGAAACTACTACTTTGACTACTGG	57769
825	IGHV4-39*01	IGHJ6*02	IGHA1	TGTGCGAGACATTTATACGGAAAGGGTATGAAAGTCTGG	59327
879	IGHV4-39*01	IGHJ5*02	IGHA1	TGTGCGAGACCGTTGAGGGGTTCGACTACGGGATTCGACCCCTGG	58132
898	IGHV4-39*01	IGHJ4*02	IGHA1	TGTGCGAGGTTTAGTGGGAGCTACCGAGCGTTTGACTGGTGG	55169
988	IGHV4-39*01	IGHJ4*02	IGHA1	TGTGCGAGGCCCTCCCGTACAGGGAACTACTACTACTGG	54434
1038	IGHV1-18*04	IGHJ4*02	IGHA1	TGTACGAGAGATGAGGGCTACGATATGGGCTACTGG	466
1097	IGHV1-18*01	IGHJ4*02	IGHA1	TGTGCGAGAGGCCCTCATTCATCAATAGGTGACTATGACTCCTGG	946
1184	IGHV4-59*02	IGHJ3*02	IGHA1	TGTGCAAAGTCGAAGGATCCGATCCTCGCAGCCTCTGCTTTTGATATCTGG	62059
1189	IGHV4-59*02	IGHJ3*02	IGHA1	TGTGCAAAGTCGAAGGATCCGATCCTCGCAGCCTCTGCTTTTGATATCTGG	62059
1224	IGHV1-2*02	IGHJ4*02	IGHA1	TGTGCGAGGGAATCCTGGCACTACTACTTCTGG	3847
1300	IGHV1-69*06	IGHJ4*02	IGHA1	TGCGCGACAAACCATAAATATAGCAGCCCTTGGGGGCCCTTTGCCTTCTGG	11555
1302	IGHV1-69*06	IGHJ4*02	IGHA1	TTCGCGACAAACCATAAATATAGCAGCCCTTGGGGGCCCTTTGACTTCTGG	11555
1357	IGHV4-34*01	IGHJ5*02	IGHM	TGTGCGAGTGGCCAGGCACACGCGTGGGAGTTACAACAGTCCTGG	51974
1441	IGHV1-46*01	IGHJ3*02	IGHA1	TGTGCGAGATCTTCAGGGGGTCCTTTTGATATGTGG	8513
1562	IGHV4-30-4*09	IGHJ4*02	IGHA1	TGTGCGAGATACGGTGATTACCCTCTATGGGGATTTGACTCCTGG	49355
1607	IGHV4-39*02	IGHJ3*01	IGHA1	TGTGCGAACTCCGGTGACTACAGTCATAATGCTTTTGATCTCTGG	53509
1646	IGHV6-1*01	IGHJ4*02	IGHM	TGTGCAAGAGTGGAGGGTATAACTGGAACTCGGAGTTTTGACTACTGG	70401
1743	IGHV4-61*01	IGHJ4*02	IGHA1	TGTGCGAGAGTAACGCTTTTTGGAGTGATTATCAACTGG	64992
1751	IGHV4-4*07	IGHJ5*02	IGHA1	TGTGTGAGAGACCTGGAGTATTATTATGATGGCTTCGACCCGTGG	61154
1772	IGHV4-59*11	IGHJ5*02	IGHA1	TGTGCGGGCTATCTGGGGGAATTAAGACTGGGGTTCGACCCCTGG	63917
1837	IGHV4-59*01	IGHJ6*02	IGHA1	TGTGCGAGAGGCCCTATTACGGAGGTAACTGATTACGGTATGGACGTCTGG	64395
1884	IGHV4-59*01	IGHJ6*02	IGHA1	TGTGCGAGAGGCCCTATTACGGAGGTAACTGATTACGGTATGGACGTCTGG	64395
1892	IGHV4-59*01	IGHJ4*02	IGHA1	TGTGCGAGAGGACAGAGGGGCAGCGCGGCCGAAGACTACTACTTGGACTACTGG	63452
1899	IGHV4-61*01	IGHJ4*02	IGHA1	TGTGCGAGAGTAACGCTTTTTGGAGTGATTATCAACTGG	64992
2002	IGHV4-34*02	IGHJ6*02	IGHA1	TGTGCGAGAGGCCTGCGGTCTTTGACATGGTCCGGGGAGCGGGCCTTCTACTTCTATTACGCGATGGACGTCTGG	52938
2109	IGHV1-69*01	IGHJ6*02	IGHA1	TGTGCGAGCACGGAGGCTTTCGGGTTCTTCGCTATGGACGTCTGG	12910
2153	IGHV1-46*01	IGHJ4*02	IGHA1	TGTGCGAGAGATCTTACTAATAGTTGGAGTTCTCAATACTACCTTGACTCCTGG	9442
2461	IGHV4-34*01	IGHJ4*02	IGHA1	TGTGCGAGAGGATCTAGGCGCAGCATCGACACTTATCCTTTTGACTACTGG	51234
2494	IGHV4-34*01	IGHJ6*02	IGHA1	TGTGCGAGAGGAGATACAGTGATGCCGTTCCACCCCAAATTCTACTACGGTATAGACGTCTGG	52682
2506	IGHV4-34*02	IGHJ4*02	IGHA1	TGTGCGAGGGGATTTCGGTCCAATCTTCGCTTTGACTACTGG	50848
2609	IGHV4-59*11	IGHJ4*02	IGHA1	TGTGCGAGATATCCCGACCGCGCCGGTGGGACCTTTGATTACTGG	62944
2754	IGHV4-39*08	IGHJ6*02	IGHA1	TGTGCTCGCTATTTCTACTTCGCTATCGACATCTGG	59309
2851	IGHV1-18*04	IGHJ1*01	IGHA1	TGTGCGCGAGATCTAGTGGGATCATTTTCCCGCAAAGGATTCCAGAACTGG	23
2853	IGHV1-18*04	IGHJ1*01	IGHA1	TGTGCGCGAGATCTAGTGGGATCATTTTCCCGCAAAGGATTCCAGAACTGG	23
2866	IGHV1-18*04	IGHJ1*01	IGHA1	TGTGCGCGAGATCTAGTGGGATCATTTTCCCGCAAAGGACACCAGAACTGG	23
2916	IGHV1-46*02	IGHJ6*02	IGHA1	TGTGCGAAAGATTGGGGGGCGATAGGATCGGTTATTACCGAACCGGGGATATTCGGTATGGACGTCTGG	10165
3009	IGHV2-5*01	IGHJ6*02	IGHM	TGTGCACACGACGTACCCGGCAACGACGGTTTCGACGTCTGG	16694
3020	IGHV2-5*01	IGHJ4*02	IGHA1	TGTGCACACACGCGTCATCGTGATAGTAGTGCTGTTTTCCCCCCTGACTTTTGG	16202
3054	IGHV2-5*01	IGHJ6*02	IGHM	TGTGTACACAAGGAAGGTATTTTTTTTGACTGGTTATCAACAAAGGGCTTCGACGTGTGG	16728
3106	IGHV1-2*07	IGHJ4*02	IGHA1	TGTGCGAGCCCAGGTGGAGTTAATTTCGACGTTTGGACGGACTGG	4852
3188	IGHV4-34*02	IGHJ2*01	IGHA1	TGTGCGAGACGTCCGCGATACTTCGATCTCTGG	50157
3438	IGHV3-7*01	IGHJ4*02	IGHM	TGTGCGGGCATGCATAGCAGCTATTGGTACGTGGAGGGGACTGACTATTGG	40845
3567	IGHV3-53*02	IGHJ3*02	IGHA1	TGTGCGGCAGTGGGAACTACTAGAGATAGGGATGCTTTTGATATTTTG	36704
3654	IGHV3-15*01	IGHJ4*02	IGHA1	TGTACGACTGACCGGAGTTATGGTTACTACTCTGCCCACTGG	19951
3683	IGHV3-21*01	IGHJ4*02	IGHA1	TGTGCGAGAGAACGAGCGGGTTACTACCTTGACTGTTGG	21767
4284	IGHV3-21*01	IGHJ4*02	IGHA1	TGTGCGAGAGATCTCCGGGGAAACAACTATGCGATTGACTACTGG	21999
4452	IGHV3-74*01	IGHJ2*01	IGHA1	TGTGCGAGGGTATCGCCCAACTGGTACAACGATCTCTGG	43473
4680	IGHV3-74*01	IGHJ4*02	IGHA1	TGTGTAAGAGATTTCGTGGGACCGAGGGACTACTGG	44090
4736	IGHV3-7*01	IGHJ4*02	IGHA1	TGTGCGAGAGACAGTCTACGGAGGTTTGACTTCTGG	39412
4820	IGHV3-21*01	IGHJ4*02	IGHA1	TGTGCGAGATGTGGGCACCGGTGGTACCATGACTACTGG	21815
4851	IGHV3-49*03	IGHJ4*02	IGHA1	TGTGCAAGGGGTCGACCAGGTCGTACAGGATACTACTTTGACTATTGG	36031
5025	IGHV3-7*01	IGHJ1*01	IGHA1	TGTGCGAGAGTCGAATCCGGTTCTTTCCAGCACTGG	38411
5065	IGHV3-53*01	IGHJ3*02	IGHA1	TGTACGAGAGATGACGGGAGATCCTTGATTCATATCTGG	36606
5108	IGHV5-51*03	IGHJ3*02	IGHA1	TGTGTGAGACACACTAATGCCGATCCCCAGCCTTTTGATATCTGG	66309
5277	IGHV3-73*02	IGHJ4*02	IGHM	TGTAAGACTTGGCTAGAACCTTTTGACTACTGG	42988
5341	IGHV3-9*04	IGHJ4*01	IGHM	TGTGCAAAAGAACCGAACAGATATAGTGGCTACGATTTTATTGACTTTTGG	47270
5351	IGHV3-9*01	IGHJ4*02	IGHA1	TGTGCAAGAGGTCAGATAAGTCGCGTTGACTCCTGG	46665
5486	IGHV3-7*01	IGHJ4*02	IGHA1	TGTGCGAGAGATATGGCTAGGTCACTTGACAACTGG	39434
610	IGHV3-74*01	IGHJ4*02	IGHA1	TTTGTAAGAGATTTCGTGGGACCGAGGGACTACTGG	44090
928	IGHV4-39*01	IGHJ4*02	IGHA1	TGTGCGAGGCTATGGAGTGGGAGCCGCCCCCCCGACTATTGG	54820
974	IGHV4-39*08	IGHJ5*02	IGHA1	TGTGCGAGACATGAGACGATTTTCGAAGCATCAGCTGCTGTGGGTTTCGACCCCTGG	58778
984	IGHV4-39*01	IGHJ4*02	IGHA1	TGTGCGAGGCCCTCCCGTACAGGGAACTACTACTACTGG	54434
995	IGHV4-39*08	IGHJ6*02	IGHA1	TGCGCGAGATCTGCGCGGGTGATTACGAACAAAGTAGTGGTTACGTTGCACGGTTTGGACGTCTGG	59805
1040	IGHV1-18*04	IGHJ4*02	IGHA1	TGTACGAGAGATGAGGGCTACGATATGGGCTACTGG	466
1112	IGHV1-18*04	IGHJ4*02	IGHA1	TGTGCGAGAGAGGGCGATTTCTGGAGTGGTTATTCCTTTGACTACTGG	1098
1192	IGHV4-59*02	IGHJ6*02	IGHA1	TGTGCGAGAGGGGGGGTCTTCCAGGACGTCTGG	64237
1219	IGHV4-59*02	IGHJ3*02	IGHA1	TGTGCAAAGTCGAAGGATCCGATCCTCGCAGCCTCTGCTTTTGATATCTGG	62059
1272	IGHV4-34*02	IGHJ4*02	IGHA1	TGTGCGAGGGGATTTCGGTCCAATCTTCGCTTTGACTACTGG	50848
1364	IGHV4-34*01	IGHJ5*02	IGHM	TGTGCGAGTGGCCAGGCACACGCGTGGGAGTTACAACAGTCCTGG	51974
1430	IGHV1-46*01	IGHJ6*02	IGHA1	TGTGCGAGAGCGGTAGTCTCTGGAACTGGCGACTACTACGGTCTGGACGTCTGG	10053
1439	IGHV1-46*01	IGHJ3*02	IGHA1	TGTGCGAGATCTTCAGGGGGTCCTTTTGATATGTGG	8513
1546	IGHV1-2*02	IGHJ3*02	IGHA1	TGTACGAGGAGGCGCCTTGATAGTAATGATGGTTTTGATATCTGG	3375
1631	IGHV4-39*02	IGHJ3*01	IGHA1	TGTGCGAACTCCGGTGACTACAGTCATAATGCTTTTGATCTCTGG	53509
1656	IGHV6-1*01	IGHJ4*02	IGHM	TGTGCAAGAGTGGAGGGTATAACTGGAACTCGGAGTTTTGATTACTGG	70401
1764	IGHV4-61*01	IGHJ4*02	IGHA1	TGTGCGACTGGACCCAGTGGTTATAGAGTTGACTACTGG	64967
1825	IGHV4-4*07	IGHJ6*02	IGHA1	TGTGCGAGAGATGGAAGTCTGGATTTTTGGAGTGGTGATTATAACGATGACTACTATTACGGTATGGACGTCTGG	61698
1875	IGHV4-4*07	IGHJ4*02	IGHM	TGTGCGAGAGATCAGACTGGTTATGGGGAATACTACTTTGACTACTGG	60657
2073	IGHV1-2*02	IGHJ4*02	IGHA1	TGTGCGAGATCCCGGTTAGCTACAGCTGGGACACACTATGACTCCTGG	5195
2082	IGHV1-69*01	IGHJ4*02	IGHA1	TGTGCGAGAGACGTGCAGCAATTGGTTTATTCAGGCGTGGGCAACTGG	11411
2367	IGHV3-30*03	IGHJ4*02	IGHA1	TGTGCGACCTCCTTGGGCAGTGGCTGGGCAAGGTTTGACTACTGG	29687
2371	IGHV3-33*01	IGHJ4*02	IGHM	TGTGCGAGAGAATATTGTAGTACTACCAGCTGCTATGATGATAAGAGGGGGTTTTTTGGCTACTGG	32712
2500	IGHV4-34*01	IGHJ4*02	IGHM	TGTGCGAGAGGGGCCCTGGTATATTACGATTTTTGGAGTGGTTATTATGAGTACTACTTTGACTACTGG	51789
2599	IGHV4-59*11	IGHJ4*02	IGHA1	TGTGCGAGATATCCCGACCGCGCCGGTGGGACCTTTGATTACTGG	62944
2808	IGHV6-1*01	IGHJ4*01	IGHA1	TGTGCTAGAGGAGGGTGTGTATTGGGGAGTAACAGATGCGCTCCCTTTGACTCCTGG	70525
3052	IGHV2-5*01	IGHJ6*02	IGHM	TGTGTACACAAGGAAGGTATTTTTTTTGACTGGTTATCAACAAAGGGCTTCGACGTGTGG	16728
3062	IGHV4-61*05	IGHJ3*01	IGHA1	TGCACGAGAGTCGGGCCCGGGCTGGGCGCTTGTGACTTGTGG	64811
3104	IGHV1-2*07	IGHJ4*02	IGHA1	TGTGCGAGCCCAGGTGGAGTTAATTTCGACGTTTGGACGGACTGG	4852
3132	IGHV4-4*07	IGHJ6*02	IGHA1	TGTGCGAGAGATTGGGGCCTCCACGGCATGGACGTCGGG	61414
3190	IGHV4-34*02	IGHJ2*01	IGHA1	TGTGCGAGACGTCCGCGATACTTCGATCTCTGG	50157
3249	IGHV3-23*01	IGHJ4*02	IGHA1	TGCGCGAAATTTTACCGAGCAGAGGCTGGTACGGTTAAGAGGGCGGTCGACCATAAAAGAATTGACTCCTGG	27846
3329	IGHV3-53*01	IGHJ3*02	IGHA1	TGTGCGAGAGATCTGATCTCGCGTTATACACACATGTGGGCTTTTGATATCTGG	36751
3352	IGHV3-21*01	IGHJ4*02	IGHM	TGTGCGAGGAAAAATTGTGGTGGTGACTGCTCATATCCGAACCCCCATGACTACTGG	22579
3592	IGHV3-23*01	IGHJ4*02	IGHA1	TGTGCGAAAGATCTGGGGGCTAACGGAGTGGGAGCTACTTTGGACTACTGG	26380
3605	IGHV3-23*01	IGHJ4*02	IGHA1	TTTGCGAGAGATATCGCAGTTTCGATTTATAAATTGGACAACATTGTGATTGGTTTTTATTCTGACTACTGG	27844
3750	IGHV3-7*01	IGHJ4*02	IGHA1	TGTGCGAAGTACAGTGGGGCCTACTCCTTTGAGTCCTGG	39646
3794	IGHV3-23*01	IGHJ6*02	IGHA1	TGTGTGAAGGATGGGCCCTGGTACGGCCATTTCCACTACTACTATGCTATGGACGTCTGG	28767
4222	IGHV3-21*01	IGHJ4*02	IGHA1	TGTGCGAGAGTTGGTATAGCAGTGGCTGGTACTAGGGGAGGAGAACTTGAGTACTGG	22577
4373	IGHV3-74*01	IGHJ4*02	IGHA1	TGTGTAAGAGATTTCGTGGGACCGAGGGACTACTGG	44090
4385	IGHV3-74*01	IGHJ3*02	IGHA1	TGTGCAACCTTGGCGGATACCTCCCGCGGAGCTTTTGATATCTGG	43614
4443	IGHV3-73*02	IGHJ3*02	IGHM	TGTACTCGAGACGACTACGGTGACTACGGTGCCGATTCTTTTGATATGTGG	42930
4502	IGHV3-74*01	IGHJ4*02	IGHA1	TGTGCAAGAGGGACTACGGTGACTAAAACCTTTGACTACTGG	44588
4547	IGHV3-74*01	IGHJ3*02	IGHA1	TGTGCAACCTTGGCGGATACCTCCCGCGGAGCTTTTGATATCTGG	43614
4670	IGHV3-74*01	IGHJ4*02	IGHA1	TGTGTAAGAGATTTCGTGGGACCGAGGGACTACTGG	44090
4686	IGHV3-74*01	IGHJ4*02	IGHA1	TGTGTAAGAGATTTCGTGGGACCGAGGGACTACTGG	44090
4772	IGHV5-51*03	IGHJ4*02	IGHA1	TGTGCGAGACAACTTAATCGGTTTGGAAGTGGTTTTTATCCTCCCGGGGACTCGCCGTTTGACTACTGG	68535
4791	IGHV3-7*01	IGHJ4*02	IGHA1	TGTGCGAAAGGAGTGACTACCGGGTTTGACTACTTTGACTCCTGG	40225
5019	IGHV3-7*01	IGHJ1*01	IGHA1	TGTGCGAGAGTCGAATCCGGTTCTTTCCAGCACTGG	38411
5056	IGHV3-21*06	IGHJ5*02	IGHA1	TGTGCGAGCGAGTTTAGCAGTGGCTGGTTCACCCAGGGCTTGGCTCACCGCTGG	22846
5190	IGHV3-23*01	IGHJ3*01	IGHA1	TGTGCGAAAGATCTTCCGGGGCGAAGTAGGGTTGATGCTTTTGATGTCTGG	23891
5485	IGHV3-74*01	IGHJ4*02	IGHA1	TGTGCAAGAGATCTCAATGTGCGTGACTACTCAAGTCGTGGAGACGACTTTGACTTCTGG	45330
632	IGHV1-46*01	IGHJ6*02	IGHA1	TGTGCGAAAGATTGGGGGGCGATGGGAAGTGTTATTACCGAACCGGGAATATTCGGAATGGACGTCTGG	10165
726	IGHV1-2*02	IGHJ4*02	IGHA1	TGTGCGAGGGAATCCTGGCACTACGACTTCTGG	3847
851	IGHV4-39*01	IGHJ6*02	IGHA1	TGTGCTCGCTACTACTTCTTCGCTATCGACGTCTGG	59309
863	IGHV4-39*01	IGHJ5*02	IGHA1	TGTGCGAGACCGTTGAGGGGTTCGACTACGGGATTCGACCCCTGG	58132
880	IGHV4-39*01	IGHJ4*02	IGHA1	TGTGCGAGACATCCCCACGGTGTAGTGGGAGATTGGTACCTTGACCACTGG	56317
1070	IGHV1-18*04	IGHJ4*02	IGHA1	TGTGCGAGAGCGGGGCAGTGGCTGATCCACTGG	446
1084	IGHV1-18*04	IGHJ4*02	IGHA1	TGTGCGAGAGCGGGGCAGTGGCTGATCCACTGG	446
1135	IGHV1-24*01	IGHJ4*02	IGHA1	TGTGCCTCTCCGGCTGTTCCTTGGTACTTCTTTGACTACTGG	8040
1232	IGHV1-69*01	IGHJ5*02	IGHA1	TGTGTATCTGTTGACTGTGGTGAAGACTGTTACTCGCCCCACTGGTTCGACCCCTGG	12675
1241	IGHV4-4*07	IGHJ5*02	IGHA1	TGTGCGAGAGACGTGGATCAGTATGTTTCGGGAATTTATCATGACAATTGGTTCGACCCCTGG	61346
1437	IGHV1-8*02	IGHJ4*02	IGHA1	TGTGCGCGAGACAGAAAGGGCCTTGCATTCTGG	14216
1489	IGHV1-8*01	IGHJ4*02	IGHA1	TGTTCGAGAGCGGGTCTCATGGCTGCCTTGGGGGACTTCTGG	14378
1532	IGHV1-8*01	IGHJ4*02	IGHA1	TGTTCGAGAGCGGGTCTCTGGGCTGCCTTGGGGGACTTCTGG	14378
1628	IGHV4-39*02	IGHJ3*01	IGHA1	TGTGCGAACTCCGGTGACTACAGTCATAATGCTTTTGATCTCTGG	53509
1633	IGHV4-39*02	IGHJ3*01	IGHA1	TGTGCGAACTCCGGTGACTACAGTCATAATGCTTTTGATCTCTGG	53509
1777	IGHV4-4*07	IGHJ3*02	IGHA1	TGTGCGAGAGATTTTTACGGTGGTACCTCTGATGCTTTTGATATCTGG	60113
1872	IGHV4-4*07	IGHJ4*02	IGHM	TGTGCGAGAGATCAGACTGGTTATGGGGAATACTACTTTGACTACTGG	60657
2036	IGHV1-46*01	IGHJ4*02	IGHA1	TGTGCGAGAGGAGGGCGGCCAAGTGACGGTATCTACAGAGCGCCATGGGAGTTCTGG	9539
2088	IGHV1-69*01	IGHJ4*02	IGHA1	TGTGCGAGAGACGTGCAGCAATTGGTTTATTCAGGCGTTGGCAACTGG	11411
2096	IGHV1-69*01	IGHJ6*02	IGHA1	TGTGCGAGCCTACTTAAGTACGGAATGGACGCCTGG	12859
2122	IGHV1-69*01	IGHJ6*02	IGHM	TGTGCGAGAGACCCTATAGCAGCTCGTCAGGACTACTACTACGGTATGGACGTCTGG	13141
2133	IGHV1-2*02	IGHJ4*02	IGHA1	TGTGCGAGAACAAGCTACGGTGACAAAGTGGGTGCTGATGACTGCTGG	4996
2199	IGHV1-8*01	IGHJ4*02	IGHA1	TGTCTTAAGCGTCATTATGATATGTCGCGTGCTTATTCCTCCTTTGACTTCTGG	14586
2268	IGHV1-8*01	IGHJ1*01	IGHA1	TGTGCGAGACAGAATAACTACGGGGAATTCCAGCACTGG	14002
2271	IGHV1-8*01	IGHJ1*01	IGHA1	TGTGCGAGACAGAATAACTACGGGGAATTCCAGCACTGG	14002
2350	IGHV3-33*06	IGHJ4*02	IGHA1	TGTGCGAAATCAAGTCGCGATTTTTGGAGTGGTCCCCGGGACCACTACTTTGACTCGTGG	32648
2383	IGHV3-30*03	IGHJ4*02	IGHA1	TGCGCGAGAGATCACAAGACCATCTATGATGGTAGCGGTTATTTCTTTGACTACTGG	30538
2452	IGHV4-34*01	IGHJ6*02	IGHA1	TGTGCGAGAGGAGATACAGTGATGCCGTTCCACCCCAAATTCTACTACGGTATAGACGTCTGG	52682
2474	IGHV4-34*01	IGHJ4*02	IGHA1	TGTGCGAGAGGATCTAGGCGCAGAATCGACACTTATCCTTTTGACTACTGG	51234
2487	IGHV4-34*01	IGHJ6*02	IGHA1	TGTGCGAGAGGAGATACAGTGATGCCGTTCCACCCCAAATTCTACTACGGTATAGACGTCTGG	52682
2542	IGHV1-46*01	IGHJ6*02	IGHA1	TGTGCGAGAGCTCACGGGTCTGGGTACTACGGTCTGGACGTCTGG	9977
2617	IGHV1-46*04	IGHJ4*02	IGHA1	TGTGCGAGAAATCTGGTGGGACCTACGGGGCTTTGTTACTGG	8880
2632	IGHV1-46*04	IGHJ4*02	IGHA1	TGTGCGAGAAATCTGGTGGGACCTACGGGGCTTGGTTACTGG	8880
2718	IGHV3-11*01	IGHJ4*02	IGHA1	TGTGCGAGAGATGCCCTTGTGTTTACTTTTGACTATTGG	17609
2753	IGHV6-1*01	IGHJ5*01	IGHA1	TGTGCAAGGGGACTTTGGTCAGAAGGTTTCGACTCCTGG	70615
2763	IGHV1-69*01	IGHJ4*02	IGHA1	TGTGCGAGAGTCGGCCAGCCACTACTATTCGAGAAGGGCGGCTTTGACTATTGG	11836
2893	IGHV3-11*01	IGHJ4*02	IGHA1	TGTGCGACAGACATGTCGTTGGTCACCTTTGACATCTGG	17605
2895	IGHV3-11*01	IGHJ4*02	IGHA1	TGTGCGACAGACATGTCGTTGGTCACCTTTGACATCTGG	17605
2982	IGHV1-18*04	IGHJ4*02	IGHA1	TGTGTGAGGGATACGTCGTTTAGCAGTGGCTGGGGATTCGACTACTGG	1023
3065	IGHV1-45*02	IGHJ4*02	IGHA1	TGTGCAAGTTCGAACAACAGTCCGCACTATTCTTTTGACTATTGG	8454
3202	IGHV1-18*04	IGHJ4*02	IGHA1	TGTGCGAGAGATACATCCTATAACAATGGCTGGGGACTTGACTACTGG	1023
3354	IGHV3-7*01	IGHJ6*02	IGHA1	TGTTCGAAATTGGGCAGGGGTAGTGGCCGTATGGACGTCTGG	41729
3377	IGHV1-18*04	IGHJ4*02	IGHA1	TGTGCGAGAGCGGACTCTAGACCTTATCACTATGACACTCGTGGAAATCCCGTTGACCAGTGG	1871
3610	IGHV3-49*04	IGHJ3*01	IGHA1	TGTACTAGAGATGGCTGGGATGGCTACAACCCCGACGGGGCTTTTGATCTCTGG	35698
3696	IGHV3-21*01	IGHJ4*02	IGHA1	TGTGCGAGAGAACGAGCGGGTTACTACCTTGACTGTTGG	21767
3820	IGHV3-23*01	IGHJ6*02	IGHA1	TGTGCGAAGACCCTTCCGGCTCTAAATACACGACAAAACTACTATCATGGCATGGACGTCTGG	28808
4190	IGHV3-21*01	IGHJ5*02	IGHA1	TGTGCGAGAGAGGATTGTGATATTACCAGCTGCTCGAAAAAGAACTGGTTCGACACCTGG	22867
4221	IGHV3-21*01	IGHJ4*02	IGHA1	TGTGCGAGAGTTGGTATAGCAGTGGCTGGTACTAGGGGAGGAGAACTTGAGTACTGG	22577
4268	IGHV3-21*01	IGHJ4*02	IGHM	TGTGCGAGGAAAAATTGTGGTGGTGACTGCTCATATCCGAACCCCCATGACTACTGG	22579
4667	IGHV3-74*01	IGHJ4*02	IGHA1	TGTGTAAGAGATTTCGTGGGACCGAGGGACTACTGG	44090
4762	IGHV3-74*01	IGHJ4*02	IGHA1	TGTGCAAGGGCGTCCGGAGATAAAAATGACAATAGGAGGCCCTTCGACTACTGG	45252
4844	IGHV3-49*03	IGHJ4*02	IGHA1	TGTGCAAGGGGTCGACCAGGTCGTACAGGATACTACTTTGACTATTGG	36031
5048	IGHV3-21*08	IGHJ4*02	IGHA1	TGTGCGAGACTCCTGCGATTTTACTTTGACTACTGG	21710
5103	IGHV5-51*03	IGHJ3*02	IGHA1	TGTGTGAGACACACTAATGCCGATCCCCAGCCTTTTGATATCTGG	66309
5135	IGHV3-23*01	IGHJ4*02	IGHA1	TGTGCGAAGTCGAATATTGCACATCGCTTATCGCTCTGTTTTGACCAGTGG	26587
5223	IGHV3-21*07	IGHJ4*02	IGHA1	TGTGCGCGAGGAATTTCGAAGTCCGGAGCAATCTGG	21740
5264	IGHV3-73*02	IGHJ5*02	IGHA1	TGTTCCTCTCGAGTGGGAACTACTGCTGCCTGG	43282
5368	IGHV3-9*01	IGHJ4*02	IGHM	TGTGCAAAAGCGTATTGTAGTAGTAGTATTGCCTGCTCCCCCGCGACTACTGGG	47594
609	IGHV3-74*01	IGHJ4*02	IGHA1	TGTGTAAGAGATTTCGTGGGACCGAGGGACTACTGG	44090
629	IGHV3-21*01	IGHJ4*02	IGHA1	TGTGCGAGAGAACGAGCGGGTTACTACCTTGACTGTTGG	21767
696	IGHV3-30*03	IGHJ6*02	IGHA1	TGCTCGAGAGACGGCTTTTGGGGGAGTCATCGGGCTATGGACGTCTGG	31072
724	IGHV1-18*04	IGHJ1*01	IGHA1	TGTGCGCGAGATCTAGTGGGATCATTTTCCCGCAAAGGACACCAGAACTGG	23
753	IGHV4-39*01	IGHJ4*02	IGHA1	TGTGCGACTTCAACGTGGGTACAACAATGGAAATCAGCCCCTCACAGGTTTGACGTCTGG	57244
862	IGHV4-39*01	IGHJ5*02	IGHA1	TGTGCGAGACCGTTGAGGGGTTCGACTACGGGATTCGACCCCTGG	58132
871	IGHV4-39*01	IGHJ5*02	IGHA1	TGTGCGAGACCGTTGAGGGGTTTGACTACGGGATTCGACCCCTGG	58132
956	IGHV1-2*02	IGHJ4*02	IGHA1	TGTGCGAGAGATCCTGTTATTGTGGACTCCTACTTTGACTCCTGG	4697
999	IGHV4-39*08	IGHJ6*02	IGHA1	TGCGCGAGATCTGCGCGGGTGATTACGAACAAAGTAGTGGTTACGTCGCACGGTTTGGACGTCTGG	59805
1114	IGHV1-18*04	IGHJ4*02	IGHA1	TGTGTGAGAGAGGGCGATTTCTGGAGTGGTTATTCCTTTGACTACTGG	1098
1199	IGHV4-59*02	IGHJ3*02	IGHA1	TGTGCAAAGTCGAAGGATCCGATCCTCGCAGCCTCTGCTTTTGATATCTGG	62059
1238	IGHV4-4*07	IGHJ5*02	IGHA1	TGTGCGAGAGACGTGGATCAGTATGTTTCGGGAATTTATCATGACAATTGGTTCGACCCCTGG	61346
1340	IGHV3-30*03	IGHJ4*02	IGHA1	TGTGCGAGAGGGGCACAGGCAGTGGCTGGAGATCTCCGACACTACTCTGATAGTACTCCTTATTCCGGCCTCCTTGACTACTGG	30816
1434	IGHV1-46*01	IGHJ6*02	IGHA1	TGTGCGAGAGCGGTAGTCTCTGGAACTGGCGACTACTACGGTTTGGACGTCTGG	10053
1478	IGHV1-8*01	IGHJ4*02	IGHA1	TGTTCGAGAGCGGGTCTCATGGCTGCCTTGGGGGACTTCTGG	14378
1564	IGHV4-34*02	IGHJ2*01	IGHA1	TGTGCGAGGGACTCTGGCGTGGTGCGCGGTCCTGTTCTAATCACTGGTGGGGATCCACACTTCGATCAGTGG	50253
1577	IGHV4-34*02	IGHJ2*01	IGHA1	TGTGCGAGGGACTCTGGCGTGGTGCGCGGTCCTGTTCTAATCACTGGTGGGGATCCACACTTCGATCAGTGG	50253
1586	IGHV4-31*13	IGHJ5*02	IGHA1	TGTGCCAGAGCACTGGGATATAGAAACGGGGGATTCGACACCTGG	50073
1711	IGHV4-61*03	IGHJ6*02	IGHA1	TGTGCGAGAGACTACAATAGCGGCGACTACGGTATGGACGTCTGG	65762
1767	IGHV4-59*11	IGHJ5*02	IGHA1	TGTGCGGGCTATCTGGGGGAATTAAGACTGGGGTTCGACCCCTGG	63917
1813	IGHV4-4*07	IGHJ3*02	IGHA1	TGTGCGAGAGATTTTTACGGTGGTACCTCTGATGCTTTTGATATCTGG	60113
1844	IGHV4-59*01	IGHJ6*02	IGHA1	TGTGCGAGAGTGGGACAGTTTGGCTCGGTCGTCCGACATTACGGTATGGACGTCTGG	64504
1847	IGHV4-59*01	IGHJ6*02	IGHA1	TGTGCGAGAGTGGGACAGTTTGGCTCGGGCGTCCGACATTACGGTATGGACGTCTGG	64504
1965	IGHV4-4*07	IGHJ2*01	IGHA1	TGTACGCGAGTCAGACTTTCGGGCTCACTGGCAGCCCGCACCTACTACTTCGATTTCTGG	60022
2028	IGHV1-46*01	IGHJ4*02	IGHA1	TGTGCGAGAGGAGGGCGGCCAAGTGACGGTATCTACAGAGCGCCATGGGAGTTCTGG	9539
2066	IGHV1-46*01	IGHJ4*02	IGHA1	TGTGCGAGAGATCTTACTAATAGTTGGAGTTCTCAATACTACCTTGACTCCTGG	9442
2226	IGHV1-69*06	IGHJ5*02	IGHA1	TGTGCGAAAGCGGGGGAACTACTTGTGTGGGACTGGTTCGACGCCTGG	12476
2231	IGHV1-2*02	IGHJ5*02	IGHA1	TGTGCGAGAGATAGGCGACTGACTGGAACTGTTCGGGACCGTCCTGGCGCTTCTGACCTCTGG	6959
2305	IGHV3-11*01	IGHJ5*02	IGHA1	TGTGCGAGACGGGGGGATGGGTCGGGACCGACGTTCGACCCCTGG	18326
2326	IGHV3-30*18	IGHJ4*02	IGHA1	TGTGCGAAACGAAGAAGGGGGGGTGACGCCACACTAGATTGGTTCTTGGACTACTGG	30428
2353	IGHV3-33*06	IGHJ4*02	IGHA1	TGTGCGAAATCAAGTCGCGATTTTTGGAGTGGTCCCCGGGACCACTACTTTGACTCGTGG	32648
2372	IGHV3-11*01	IGHJ4*02	IGHA1	TGTGCGAGAGATAAGGACGATGACAACGGTGATACAGTCTTTGACTTCTGG	18015
2417	IGHV4-34*01	IGHJ6*02	IGHA1	TGTGCTAGAGGCCTTCGGTCTGTGGAGTGGACCGGGGACGGGGCTTTTGCTTTCTATTACGGAATGGACGTCTGG	52971
2424	IGHV4-34*01	IGHJ6*02	IGHA1	TGTGCTAGAGGCCTTCGGTCTGTGGAGTGGACCGGGGACGGGGCTTTTGCTTTCTATTACGGAATGGACGTCTGG	52971
2517	IGHV4-34*02	IGHJ4*02	IGHA1	TGTGCGAGGGGATTTCGGTCCAATCTTCGCTTTGACTACTGG	50848
2553	IGHV1-46*01	IGHJ6*02	IGHA1	TGTGCGAAAGATTGGGGGGCGATGGGAAGTGTTATTACCGAACCGGGAATATTCGGAATGGACGTCTGG	10165
2577	IGHV1-2*02	IGHJ4*02	IGHM	TGTGCGAGAGGGCTCTCTAGTTATAGGGACTACCGGCCGGGCTACTGG	4970
2648	IGHV1-2*02	IGHJ5*02	IGHA1	TGTGCCAACAACCGCAATCCTGGCAGTGATTACTTCCTGTCGTCCTGG	6529
2731	IGHV3-30*18	IGHJ3*01	IGHA1	TGTGCGAAAGGATTGTATAGTGGGACTCCTGATGCTCTTGATTTTTGG	29132
2844	IGHV1-8*02	IGHJ4*02	IGHA1	TGTGTGCGAGACAGAAGGTGCCTTGCATTCTGG	14216
2910	IGHV4-30-4*09	IGHJ4*02	IGHA1	TGTGCGAGAGAAAGGGGGTCCACGGCGCCTCCTTGCGGGGTATTTGACGACTGG	49517
2911	IGHV4-30-4*09	IGHJ5*02	IGHA1	TGTGCGAGAGAAAGGGGGTCCACGGCGCCTCCTCGCGGGGTATTCGACGACTGG	49751
2950	IGHV1-8*01	IGHJ6*02	IGHA1	TGTGCGAGAATTGGACTAGAGTGTAGTACCACCAGCTGTTATACTGCCGTTTACGACTACTACGGTATGGACGTCTGG	15252
2992	IGHV1-18*04	IGHJ4*02	IGHA1	TGTGCGAGAGATACGTCCTATAGCAGTGGCTGGGGGTTTGACTTTTGG	1023
3094	IGHV4-39*01	IGHJ2*01	IGHA1	TGTGCGAGAGTGCGGCGAACTTACTGGCACTTCGATCTCTGG	53205
3141	IGHV1-2*02	IGHJ5*02	IGHA1	TGTGCGAGAGGGGACTCGGTCGGGTGGAGGTGGTTGGTCGACCCCTGG	6562
3226	IGHV3-21*01	IGHJ4*02	IGHA1	TGTGCGAGAGATAGTCGGGGCTACAATCCATATGTTTACTTTGACTACTGG	22290
3307	IGHV3-48*01	IGHJ4*02	IGHA1	TGTGCGAGAGCGCGAGGGAGTAGCAGTTGGTACGCCCTTGACTACTGG	34459
3419	IGHV3-74*01	IGHJ5*02	IGHA1	TGTACAACCTTCGCTTCTACAGTTCCCACCTGG	45407
3608	IGHV3-49*04	IGHJ3*01	IGHA1	TGTACTAGAGATGGCTGGGATGGCTACAACCCCGACGGGGCTTTTGATCTCTGG	35698
3655	IGHV3-15*01	IGHJ4*02	IGHA1	TTTACGACTGACCGGAGTTATGGTTACTACTCTGCCCACTGG	19951
3657	IGHV3-15*01	IGHJ4*02	IGHA1	TGTACGACTGACCGGAGTTATGGTTACTACTCTGCCCACTGG	19951
3716	IGHV3-30*18	IGHJ4*02	IGHA1	TGTGTGAAGGACAGCGGCACTGGCTGGTACTTCCCAGGTCCCTATTGG	29950
3860	IGHV5-51*01	IGHJ3*01	IGHA1	TGCGCGAGACATGATGCCGATTTTTGGAGTGGTTCATATCCTGGCACTTTTGATTTGTGG	66619
3938	IGHV3-7*01	IGHJ5*02	IGHM	TGTGCGAGAGGTCATTGGCAGTTCGAGCGTTGG	41339
3953	IGHV3-7*01	IGHJ6*02	IGHA1	TGTGCGAGCGGGATAGCAATGGCTGGCTCCTTCTATTACGGTATGGACGTCTGG	41841
4081	IGHV3-48*02	IGHJ4*02	IGHA1	TGTGCGAGAGGTCAAACCTATGTGGACCAATGG	33773
4111	IGHV3-48*01	IGHJ4*02	IGHA1	TGTGCGAGGCCAAAATATTACTATGACAGTAATGACTCCTGG	34149
4123	IGHV3-48*01	IGHJ4*02	IGHA1	TGTGCGAGGACTTTTTGTAATGATACCAACTGCTTCTACTTTGACGACTGG	34648
4161	IGHV3-7*01	IGHJ4*02	IGHM	TGTGCGAGAATTGGTTATAGCAGCTCGTCTTTTGACTACTGG	39974
4291	IGHV3-21*01	IGHJ4*02	IGHA1	TGTGCGAGAGATCTCCGGGGAAACAACTATGCGATTGACTACTGG	21999
4327	IGHV3-49*05	IGHJ5*02	IGHA1	TGTAGTAGGGCATCCCCTATACAACGCCCTGATTGGTTCGACCCCTGG	36327
4355	IGHV3-53*01	IGHJ4*02	IGHA1	TGTGCGAGAGAGGGAAGAAGAGATGTGGACAATGGCAGGTATAACTATGACTACTGG	37798
4447	IGHV3-73*02	IGHJ3*02	IGHM	TGTACTCGAGACGACTACGGTGACTACGGTGCCGATGCTTTTGATATGTGG	42930
4611	IGHV3-74*01	IGHJ6*02	IGHA1	TGTGTAAGGGGTACCGTTGGCTGGAGTGGTGTGTACGTCTGG	45805
4639	IGHV3-74*01	IGHJ4*02	IGHA1	TGTGCAAGTAGTAGAGGCGTG	43813
4751	IGHV3-7*01	IGHJ4*02	IGHA1	TGTGCGAGAGACAGTCTACGGAGGTTTGACTTCTGG	39412
4839	IGHV3-7*01	IGHJ4*02	IGHA1	TGTGCGAGAGATATGGCTAGGTCACTTGACAACTGG	39434
4979	IGHV3-23*01	IGHJ4*02	IGHA1	TGTGCGAAAGATCGAAAGGCTGGTGGTCAGTCACGTGGGGACTTTGACTTCTGG	26820
4981	IGHV3-23*01	IGHJ4*02	IGHA1	TGTGCGAAAGATCGAAAGGCTGGTGGTCAGTCACGTGGGGACTTTGACTTCTGG	26820
5015	IGHV3-7*01	IGHJ1*01	IGHA1	TGTGCGAGAGTCGAATCCGGTTCTTTCCAGCACTGG	38411
5027	IGHV3-7*01	IGHJ1*01	IGHA1	TGTGCGACAGTCGAATCCGGTTCTTTCCAGCACTGG	38411
5304	IGHV3-9*01	IGHJ4*02	IGHA1	TGTGCTAAGGATCTTACTTATCTCAGCAGCTTGGTCTGTGACTTCTGG	47202
698	IGHV4-4*07	IGHJ4*02	IGHM	TGTGCGAGAGATCAGACTGGTTATGGGGAATACTACTTTGACTACTGG	60657
707	IGHV2-5*01	IGHJ4*02	IGHA1	TGTGCACACACGCGTCATCGTGATAGTAGTGCTGTTTTCCCCCCTGACTTTTGG	16202
796	IGHV4-39*01	IGHJ4*02	IGHA1	TGTGCGAGGCTATGGAGTGGGAGCCGCCCCCCCGACTATTGG	54820
799	IGHV4-39*01	IGHJ4*02	IGHA1	TGTGCGAGGCTATGGAGTGGGAGCCGCCCCCCCGACTATTGG	54820
831	IGHV4-39*01	IGHJ6*02	IGHA1	TGTGCGAGACATTTATACGGAAAGGGTATGAAAGTCTGG	59327
979	IGHV4-39*08	IGHJ5*02	IGHA1	TGTGCGAGACATGAGACGATTTTCGAAGCATCAGCTGCTGTGGGTTTCGACCCCTGG	58778
1059	IGHV1-18*04	IGHJ1*01	IGHA1	TGTGCGCGAGACGCCATCAGTATGATACTAGCGCTTAACCCCGCTGAATACTTCCAACACTGG	46
1141	IGHV2-70*01	IGHJ6*02	IGHA1	TGTGCACGGACACAGTCTTCTTATTACAACGGCTACCTATACTATCACGGAATAGACGTCTGG	17152
1250	IGHV4-30-4*09	IGHJ4*02	IGHA1	TGTGCGTGGCTCCAGCCGATGACGACAAGTGGGGTGCCCTTTGACTACTGG	49510
1251	IGHV1-69*01	IGHJ5*02	IGHA1	TGTGTATCTGTTGACTGTGGTGAAGACTGTTACTCGCCCCACTGGTTCGACCCCTGG	12675
1322	IGHV3-30*18	IGHJ4*02	IGHA1	TGTGGGAAGGACTTCTCACAACTTAGTAGAATAATTGACTCCTGG	29706
1473	IGHV1-8*01	IGHJ4*02	IGHA1	TGTTCGAGAGCGGGTCTCATGGCTGCCTTGGGGGACTTCTGG	14378
1477	IGHV1-8*01	IGHJ4*02	IGHA1	TGTTCGAGAGCGGGTCTCATGGCTGCCTTGGGGGACTTCTGG	14378
1515	IGHV1-8*01	IGHJ4*02	IGHA1	TGTTCGAGAGCGGGTCTCTGGGCTGCCTTGGGGGACTTCTGG	14378
1621	IGHV4-61*01	IGHJ6*02	IGHA1	TGTGCGACCTTGCGTTTGGAGCAGATATCTTTTAGCCATCACTATTACGGTTTGGACGTCTGG	65887
1630	IGHV4-39*02	IGHJ3*01	IGHA1	TGTGCGAACTCCGGTGACTACAGTCATAATGCTTTTGATCTCTGG	53509
1672	IGHV4-34*01	IGHJ4*02	IGHA1	TGTGCGAGATTGTCAATTGTGTGGTCAGTTGACTACTGG	50671
1720	IGHV4-4*07	IGHJ5*02	IGHA1	TGTGCGAGAGGTCTCGGTGGTTATTACTACCAAGACACCTGG	61120
1759	IGHV4-61*01	IGHJ4*02	IGHA1	TGTGCGACTGGACCCAGTGGTTATAGAGTTGACTACTGG	64967
1809	IGHV4-59*01	IGHJ4*02	IGHA1	TGTGTGACAAGTCAATACAGCTATGGCCCAATTGCCTATTGG	62792
1819	IGHV4-4*07	IGHJ3*02	IGHA1	TGTGCGAGAGATTTTTACGGTGGTACCTCTTATGCTTTTGATATCTGG	60113
1843	IGHV4-59*01	IGHJ6*02	IGHA1	TGTGCGAGAGTGGGACAGTTTGGCTCGGGCGTCCGACATTACGGTATGGACGTCTGG	64504
1919	IGHV4-61*01	IGHJ4*02	IGHM	TGTGCGACAGGTTCAGACGCCTACAAGGTGGGCTACTGG	64961
1987	IGHV4-4*07	IGHJ3*02	IGHM	TGTGCGAGAAGTGCGAGTTACTATGGTGCTTTTGATATCTGG	60066
1995	IGHV4-4*07	IGHJ1*01	IGHA1	TGTGCGAGGGATAAAAGTAGCTGGCAAGAATACCTCCAACACTGG	59966
2053	IGHV1-2*02	IGHJ4*02	IGHA1	TGTGCGAGAGGAAATGGTCTTTCGATTTTTGCAGTGGTTGAGACGTGG	5120
2143	IGHV1-46*01	IGHJ4*02	IGHA1	TGTGCGAGAGTGGATGCGCCCATGGTTTCTAATTTCTGG	8823
2189	IGHV1-2*02	IGHJ5*02	IGHA1	TGTGCGAGAGTTGAACTGCATAGCAGCCATTTATTCCGGTTCGACCCCTGG	6676
2197	IGHV1-2*02	IGHJ5*02	IGHA1	TGTGCGAGAGTTGAACTGCATAGCAGCCATTTATTCCGGTTCGACCCCTGG	6676
2313	IGHV3-30*18	IGHJ4*02	IGHA1	TGTGCGAAACGAAGAAGGGGGGGTGACGCCACACTAGATTGGTTCTTGGACTACTGG	30428
2381	IGHV3-30*03	IGHJ4*02	IGHA1	TGCGCGAGAGATCACAAGACCATCTATGATGGTAGCGGTTATTTCTTTGACTACTGG	30538
2496	IGHV4-34*01	IGHJ6*02	IGHA1	TGTGCGAGAGGAGATACAGTGATGCTGTTCCACCCCAAATTCTACTACGGTATAGACGTCTGG	52682
2538	IGHV1-46*01	IGHJ6*02	IGHA1	TGTGCGAGAGCTCACGGGTATGGGTACTACGGTCTGGACGTCTGG	9977
2561	IGHV1-46*01	IGHJ6*02	IGHA1	TTTGCGAGAGATAGGGGGCACATAGAATCAGTTATTACCGAACCGGGGATATTCGGTATGGACGTCTGG	10165
2654	IGHV1-2*02	IGHJ5*02	IGHA1	TTTGCCAACAACCGCAATCCTGGCAGTGATTACTTCCTGTCGTCCTGG	6529
2806	IGHV6-1*01	IGHJ4*01	IGHA1	TGTGCTAGAGGAGGGTGTGTATTGGGGAGTAACAGATGCGCTCCCTTTGACTCCTGG	70525
3085	IGHV4-59*01	IGHJ3*02	IGHA1	TGTGCGAGTCTAGATGGATACTATCTCCCCAGGATCTGG	61935
3088	IGHV4-39*01	IGHJ2*01	IGHA1	TGTGCGAGAGTGCGGCGAACTTACTGGCACTTCGATCTCTGG	53205
3129	IGHV4-4*07	IGHJ6*02	IGHA1	TGTGCGAGAGATTGGGGCCTCCACGGCATGGACGTCTGG	61414
3164	IGHV3-30*18	IGHJ4*02	IGHA1	TGTGCGAAAACCCCGGATAAATGTGGTCCTTCTTGCTATTTAATTGACTACTGG	30229
3200	IGHV1-18*04	IGHJ4*02	IGHA1	TGTGCGAGAGATACATCCTATAACAATGGCTGGGGACTTGACTACTGG	1023
3309	IGHV3-48*01	IGHJ4*02	IGHA1	TGTGCGAGAGCGCGAGGGAGTAGCAGTTGGTACGCCCTTGACTACTGG	34459
3337	IGHV3-53*01	IGHJ3*02	IGHA1	TGTGCGAGAGATCTGATCTCGCGTTATACACACATGTGGGCTTTTGATATCTGG	36751
3431	IGHV3-7*01	IGHJ4*02	IGHM	TGTGCGGGCATGCATAGCAGCTATTGGTACGTGGAGGGGACTGACTATTGG	40845
3434	IGHV3-7*01	IGHJ4*02	IGHM	TGTGCGGGCATGCATAGCAGCTATTGGTACGTGGAGGGGACTGACTATTGG	40845
3443	IGHV3-7*01	IGHJ4*02	IGHM	TGTGCGGGCATGCTTAGCAGCTATTGGTACGTGGAGGGGACTGACTATTGG	40845
3446	IGHV3-7*01	IGHJ4*02	IGHM	TGTGCGGGCATGCATAGCAGCTATTGGTACGTGGAGGGGACTGACTATTGG	40845
3495	IGHV3-48*02	IGHJ4*02	IGHA1	TGCGCGAAAATTAGGGATGGCAGCTCGTCAATCGGGCACTACTGG	34186
3524	IGHV3-74*01	IGHJ4*02	IGHA1	TGTATAAAAGTCCCAGAGTACTGG	43823
3557	IGHV3-74*01	IGHJ4*02	IGHA1	TGTGCAAGAGATCTCAATGTGCGTGACTACTCAAGTCGTGGAGACGACTTTGACTTCTGG	45330
3762	IGHV3-23*01	IGHJ4*02	IGHM	TGTGCGAAACAGGCGGTGTCGGATGGCAGTGGCTGGTACTGGGGCCACTGG	26244
3766	IGHV3-23*01	IGHJ4*02	IGHM	TGTGCGAAACAGGCGGTGTCGGATGGCAGTGGCTGGTACTGGGGCCACTGG	26244
4065	IGHV3-48*01	IGHJ4*02	IGHM	TGTGCGACTCACCGTATAGCAGCAGCCGAAAGCTACTGG	33888
4083	IGHV3-48*02	IGHJ4*02	IGHA1	TGTGCGAGAGGTCAAATCTATGTGGACCAATGG	33773
4156	IGHV3-7*01	IGHJ4*02	IGHM	TGTGCGAGAATTGGTTATAGCAGCTCGTCTTTTGACTACTGG	39974
4276	IGHV3-21*01	IGHJ4*02	IGHA1	TGTGCGAGAGATGGCTTACATGGCAGTGGCCGCCATTTTGACTACTGG	22164
4409	IGHV3-73*02	IGHJ4*02	IGHA1	TGTACTAGCCAAAGCCGTCAAGCAGTGGCTGTAGACTACTGG	43077
4545	IGHV3-74*01	IGHJ3*02	IGHA1	TGTGCAACCTTGGCGGATACCTCCCGCGGAGCTTTTGATATCTGG	43614
4663	IGHV3-74*01	IGHJ4*02	IGHA1	TGTGTAAGAGATTTCGTGGGACCGAGGGACTACTGG	44090
4682	IGHV3-74*01	IGHJ4*02	IGHA1	TGTGTAAGAGATTTCGTGGGACCGAGGGACTACTGG	44090
4684	IGHV3-74*01	IGHJ4*02	IGHA1	TGTGTAAGAGATTTCGTGGGACCGAGGGACTACTGG	44090
4747	IGHV3-7*01	IGHJ4*02	IGHA1	TGTGCGAGAGACAGTCTACGGAGGTTTGACTTCTGG	39412
4818	IGHV3-21*01	IGHJ4*02	IGHA1	TGTGCGAGATGTGGGCACCGGTGGTACCATGACTACTGG	21815
4949	IGHV3-74*01	IGHJ4*02	IGHA1	TGTGTAAGAGACTGTTGTGGGACGTTCGTTGACGACTGG	44453
5068	IGHV3-53*01	IGHJ3*02	IGHA1	TGTACGAGAGATGACGGGAGATCCTTGATTCATATCTGG	36606
5275	IGHV3-73*02	IGHJ4*02	IGHM	TGTAAGACTTGGCTAGAACCTTTTGACTACTGG	42988
5306	IGHV3-9*01	IGHJ4*02	IGHA1	TGTGCTAAGGATCTTACTTATCTCAGCAGCTTGGTCTGTGACTTCTGG	47202
743	IGHV4-39*01	IGHJ4*02	IGHA1	TGTGCGACTTCAACGTGGGTACAACAATGGAAATCAGCCCCTCACAGGTTTGACGTCTGG	57244
869	IGHV4-39*01	IGHJ5*02	IGHA1	TCTGCGAGACCGTTGAGGGGTTCGACTACGGGATTCGACCCCTGG	58132
893	IGHV4-39*01	IGHJ4*02	IGHA1	TGTGCGAGGTTTAGTGGGAGCTACCGAGCGTTTGACTGGTGG	55169
953	IGHV1-2*02	IGHJ4*02	IGHA1	TGTGCGAGAGATCCTGTTATTGTGGACTCCTACTTTGACTCCTGG	4697
960	IGHV1-2*02	IGHJ4*02	IGHA1	TGTGCGAGAGATCCTGTTATTGTGGACTCCTACTTTGACTCCTGG	4697
1004	IGHV4-39*08	IGHJ6*02	IGHA1	TGCTCGAGATCTGCGCGGGTGATTACGAACAAAGTAGTGGTTACGTCGCACGGTTTGGACGTCTGG	59805
1031	IGHV4-39*01	IGHJ2*01	IGHA1	TGTGTGAGACACGATTTGGCGGTAGGACTTTCGCACTGGTACTTCGATCTCTGG	53309
1044	IGHV1-18*04	IGHJ4*02	IGHA1	TGTGCGAGAGATCTGGAAAACTGGCTGGTCTTTGGGTTCTGG	699
1223	IGHV1-2*02	IGHJ4*02	IGHA1	TGTGCGAGGGAATCCTGGCACTACGACTTCTGG	3847
1244	IGHV4-4*07	IGHJ5*02	IGHA1	TGTGCGAGAGACGTGGATCAGTATGTTTCGGGAATTTATCATGACAATTGGTTCGACCCCTGG	61346
1303	IGHV1-69*06	IGHJ4*02	IGHA1	TGCGCGACAAACCATAAATATAGCAGCCCTTGGGGGCCCTTTGACTTCTGG	11555
1315	IGHV1-2*02	IGHJ4*02	IGHA1	TGTGCGAGAGAGGGTGGCTACAATTCTGGGGAGGCAATTGACTACTGG	5051
1597	IGHV4-4*07	IGHJ6*02	IGHA1	TGTGCGAAAGAGAGGGGGGAGTGGGACGGTATGGACTTCAGG	61419
1669	IGHV4-34*01	IGHJ4*02	IGHA1	TGTGCGAGATTGTCAATTGTGTGGTCAGTTGACTACTGG	50671
1869	IGHV4-4*07	IGHJ4*02	IGHM	TGTGCGAGAGATCAGACTGGTTATGGGGAATACTACTTTGACTACTGG	60657
1930	IGHV4-59*01	IGHJ3*02	IGHA1	TGTGCGAGGACTTGGGGATCTCAGGATGGTATAAATATCTGG	61971
2103	IGHV1-69*01	IGHJ6*02	IGHM	TGTGCGAGAGACCCTATAGCAGCTCGTCAGGACTACTACTACGGTATGGACGTCTGG	13141
2204	IGHV1-2*02	IGHJ4*02	IGHA1	TGTGCGAGAACAAGCTACGGTGACAAAGTGGGTGCTGATGACTGCTGG	4996
2208	IGHV1-2*02	IGHJ4*02	IGHA1	TGTGCGAGAACAAGCTACGGTGACAAAGTGGGTGCTGATGACTGCTGG	4996
2279	IGHV3-30*18	IGHJ4*02	IGHA1	TGTGCGAAGGATTTAAGAGATGGCTACAATTATATTGAAGACTGG	29681
2281	IGHV3-30*18	IGHJ4*02	IGHA1	TGTGCGAAGGATTTAAGAGATGGCTACAATTATATTGAAGACTGG	29681
2402	IGHV3-11*01	IGHJ4*02	IGHA1	TGTGCGACGAAGGGAACCGTGGCTTCCGTGGCCCCATTTGAGATCTGG	17884
2431	IGHV4-34*01	IGHJ6*02	IGHA1	TGTGCTAGAGGCCTTTGGTCTGTGGAGTGGACCGGGGACGGGGCTTTTGCTTTCTATTACGGAATGGACGTCTGG	52971
2433	IGHV4-34*01	IGHJ6*02	IGHA1	TGTGCTAGAGGCCTTCGGTCTGTGGAGTGGACCGGGGACGGGGCTTTTGCTTTCTATTACGGATTGGACGTCTGG	52971
2469	IGHV4-34*01	IGHJ4*02	IGHA1	TGTGCGAGAGGATCTAGCCGCAGCATCGACACTTATCCTTTTGACTACTGG	51234
2472	IGHV4-34*01	IGHJ4*02	IGHA1	TGTGCGAGAGGATCTAGGCGCAGCATCGACACTTATCCTTTTGACTACTGG	51234
2478	IGHV4-34*01	IGHJ6*02	IGHA1	TGTGCGAGAGGAGATACAGTGATGCCGTTCCACCCCAAATTCTACTACGGTATAGACGTCTGG	52682
2485	IGHV4-34*01	IGHJ6*02	IGHA1	TGTGCGAGAGGAGATACAGTGATGCCGTTCCACCCCAAATTCTACTACGGTATAGACGTCTGG	52682
2520	IGHV4-34*02	IGHJ4*02	IGHA1	TGTGCGAGGGGATTTTGGTCCAATCTTCGCTTTGACTACTGG	50848
2521	IGHV4-34*02	IGHJ4*02	IGHA1	TGTGCGAGGGGATTTCGGTCCAATCTTCGCTTTGACTACTGG	50848
2526	IGHV4-34*02	IGHJ4*02	IGHA1	TGTGCGAGCGGATTTCGGTCCAATCTTCGCTTTGACTACTGG	50848
2576	IGHV1-2*02	IGHJ4*02	IGHM	TGTGCGAGAGGGCTCTCTAGTTATAGGGACTACCGGCCGGGCTACTGG	4970
2636	IGHV1-2*02	IGHJ4*02	IGHA1	TGTGCGACCGCCCGAGGTGGTCATCCGTCTAGTGGTGACTTTGACTCTTGG	5295
2683	IGHV3-30*18	IGHJ4*02	IGHA1	TGTGCGAAAGAGACTCAGAAGTATGCGAGTGGCTGGTTCTTTGAGTCCTGG	30014
2711	IGHV3-11*01	IGHJ4*02	IGHA1	TGTGCGAGAGATGCCCTTGTGTACACTTTTGACTATTGG	17609
2828	IGHV4-28*07	IGHJ3*02	IGHA1	TGTGCGAGAAGTCCGGATAGATATGGCAAACCAGAGGCTTTTGATATCTGG	48907
2838	IGHV1-8*02	IGHJ4*02	IGHA1	TGTGCGCGAGACAGAAGGGGCCTTGCATTCTGG	14216
2850	IGHV1-18*04	IGHJ1*01	IGHA1	TGTGCGCGAGATCTAGTGGGATCATTTTCCCGCAAAGGATTCCAGAACTGG	23
2890	IGHV3-11*01	IGHJ4*02	IGHA1	TGTGCGACAGACATGTCGTTGGTCACCTTTGACATCTGG	17605
2929	IGHV1-2*02	IGHJ5*02	IGHG1	TGTGCGAGAGACGGCTTGTCGTTATCTAAATATTCTACGGGCACGGCCAACTGGTTGGACCCCTGG	7006
2986	IGHV1-18*04	IGHJ4*02	IGHA1	TGTGCGAGAGACACTACCTATAGTAGTGGCTGGGGATTTGACCACTGG	1023
3015	IGHV2-5*01	IGHJ4*02	IGHA1	TGTGCGCAGACGCGTTATCGTGATAGTAGTGCTGTCCCCCCCCCTGACTATTGG	16202
3049	IGHV2-5*01	IGHJ6*02	IGHM	TGTGTACACAAGGAAGGTATTTTTTTTTACTGGTTATCAACAAAGGGCTTCGACGTGTGG	16728
3219	IGHV3-48*01	IGHJ4*02	IGHA1	TGTGCGAGGACTTTTTGTAATGATACCAACTGCTTCTACTTTGACGACTGG	34648
3228	IGHV3-21*01	IGHJ4*02	IGHA1	TGTGCGAGAGATAGTCGGGGCTACAATCCATATGTTTACTTTGACTACTGG	22290
3267	IGHV3-7*01	IGHJ4*02	IGHA1	TGTGCGAGAGATATGGCTAGGTCACTTGACAACTGG	39434
3332	IGHV3-53*01	IGHJ3*02	IGHA1	TGTGCGAGAGATCTGATCTCGCGTTATACACACATGTGGGCTTTTGATATCTGG	36751
3353	IGHV3-7*01	IGHJ6*02	IGHA1	TGTTCGAAATTGGGCAGGGGTAGTGGCCGTATGGACGTCTGG	41729
3390	IGHV3-23*01	IGHJ4*02	IGHA1	TGTACGAAAGATAGTCCGGCCCCCTTTGACTTCTGG	24380
3410	IGHV3-74*01	IGHJ5*02	IGHA1	TGTACAACCTTCGCTTCTACAGTGCCCACCTGG	45407
3437	IGHV3-7*01	IGHJ4*02	IGHM	TGTGCGGGCATGCATAGCAGCTATTGGTACGTGGAGGGGACTGACTATTGG	40845
3452	IGHV3-7*01	IGHJ4*02	IGHM	TGTGCGGGCATGCATAGCAGCTATTGGTACGTGGAGGGGACTGACTATTGG	40845
3539	IGHV3-23*01	IGHJ4*02	IGHA1	TGTGCGAAGGACGGGGAGTGGGGAAATGGCTATAAATATTTTGACTCTTGG	26565
3571	IGHV3-48*01	IGHJ4*02	IGHA1	TGTGCGAGACCCTCCTCGGAGCTACTCTTGTGGTACTCTGACTACTGG	34382
3606	IGHV3-23*01	IGHJ4*02	IGHA1	TGTGCGAGAGATATCGCAGTTTCGATTTATAAATTGGACAACATTGTGATTGGTTTTTATTCTGACTACTGG	27844
3980	IGHV3-20*01	IGHJ6*02	IGHA1	TGTGCGAGACCCTTTGTTACTCATCACTATTTCTACGGTATGGACGTCTGG	21347
4018	IGHV3-7*01	IGHJ4*02	IGHA1	TGTGCGAGACTCCTGGATCGACGTGGATACAACTTTGGTTACGACTACTGG	40718
4375	IGHV3-73*02	IGHJ4*02	IGHA1	TGTACTAGCCAAAGCCGTCAAGCAGTGGCTGTAGACTACTGG	43077
4405	IGHV3-73*02	IGHJ4*02	IGHA1	TGTACTAGCCAAAGCCGTCAAGCAGTGGCTGTAGACTACTGG	43077
4408	IGHV3-73*02	IGHJ4*02	IGHA1	TGTTCTAGCCAAAGCCGTCAAGCAGTGGCTGTAGACTACTGG	43077
4457	IGHV3-74*01	IGHJ2*01	IGHA1	TGTGCGAGGGTATCGCCCAACTGGTACAACGATCTCTGG	43473
4471	IGHV3-74*01	IGHJ3*02	IGHA1	TGTGCAACCTTGGCGGATACCTCCCGCGGAGCTTTTGATATCTGG	43614
4542	IGHV3-74*01	IGHJ3*02	IGHA1	TGTGCAACCTTGGCGGATACCTCCCGCGGATCTTTTGATATCTGG	43614
4764	IGHV3-74*01	IGHJ4*02	IGHA1	TGTGCAAGGGCGTCCGGAGATAAATATGACAATAGGAGGCCCTTCGACTACTGG	45252
4770	IGHV5-51*03	IGHJ4*02	IGHA1	TGTGCGAGACAACTTAATCGGTTTGGAAGTGGTTTTTATCCTCCCGGGGACTCGCCGTTTGACTACTGG	68535
4798	IGHV3-21*01	IGHJ4*02	IGHA1	TGTGCGATGAGGGGCCCTCTAGATGGCCCTGTTGACTACTGG	21936
4808	IGHV3-7*01	IGHJ6*02	IGHA1	TGTGCGAGGCGGTATTACTATGATAATGGTGGTGGTTGCGGTCTGGACGTCTGG	41842
4909	IGHV3-21*07	IGHJ4*02	IGHA1	TGTGCGAGGCATCTTCAAGATTGTAGTGGAGGGAGTTGTTACTCTCGGATTGGTGACCACTGG	22677
4982	IGHV3-23*01	IGHJ4*02	IGHA1	TGTGCGAAAGATATGGGGCCGGGGCCATTTTGTGGTGTTGACTGCCATATCTTTGACAAATGG	27607
5009	IGHV3-21*01	IGHJ5*01	IGHA1	TGTGCGAGGCCACCTCCGAGACCTGGAACCGTAAACTGGGTCGACTCCTGG	22824
5101	IGHV3-7*01	IGHJ4*02	IGHA1	TGTCTGTACTGGAACGACTTCGCACCACCACACTACTTCGACTATTGG	40488
5386	IGHV3-9*01	IGHJ4*02	IGHA1	TGTATAAAAAAAAAACTGCCCGGTGGCCTTGACTACTGG	46681
5389	IGHV3-7*01	IGHJ4*02	IGHA1	TGTGCGAGTGGCTTTCCCCCTACCAGTGGCTATTACGACTACTGG	40211
5431	IGHV3-9*01	IGHJ6*02	IGHA1	TGTGTAAAAGACGGGGAACGGATGACGGCCTTTGGACTGGTCATCGGCCCCAATTCACACCACGGAATGGACGTCTGG	48867
521	IGHV4-39*01	IGHJ6*02	IGHA1	TGTGCGAGACATTTATACGGAAAGGGTATGAAAGTCTGG	59327
575	IGHV1-2*02	IGHJ5*01	IGHA1	TGTGCGACAGATAGGGGAGTGGAGCGACTCCCGTTTGAGTCCTGG	6473
606	IGHV3-74*01	IGHJ3*02	IGHA1	TGTGCAAGTGGCAACCCGGCGGCCGGATATGCTTTTGATATCTGG	43638
671	IGHV4-59*01	IGHJ6*02	IGHA1	TGTGCGAGGGATCTATGGTTCGGGGAGTCATTATCCGGTTTGTACGTCTGG	64409
672	IGHV3-33*05	IGHJ4*02	IGHA1	TGTGCGAGAAGTTATGACAGTAGTGGCTACAGAGGCCAGTTTGACCACTGG	32420
731	IGHV4-34*01	IGHJ6*02	IGHA1	TGTGCGAGAAGCCCCCGACATTGTCTTGGTGGTTCCTGCTATTTCGATAGTTTCGACGTTTGG	52667
1544	IGHV1-2*02	IGHJ3*02	IGHA1	TGTACGAGGAGGCGCCTTGATAGTAATGATGGTTTTGATATCTGG	3375
1735	IGHV4-59*01	IGHJ6*02	IGHA1	TGTGCGCGAGCCCTCCAGTACTACTACGGAATGGACGTCTGG	64302
1766	IGHV4-59*11	IGHJ5*02	IGHA1	TGTGCGGGCTATCTGGGGGAATTAAGACTGGGGTTCGACCCCTGG	63917
1787	IGHV4-59*01	IGHJ3*02	IGHA1	TGTGCGAGCGGCATGGACCGTGCGAAAATCCACATCTGG	61928
1883	IGHV4-59*01	IGHJ6*02	IGHA1	TGTGCGAGAGGCCCTATTACGGAGGTAACTGATTACGGTATGGACGTCTGG	64395
1966	IGHV4-59*01	IGHJ3*02	IGHA1	TGTGCGAGGACTTGGGGATCTCAGGATGGTATAAATATCTGG	61971
1967	IGHV4-61*01	IGHJ2*01	IGHA1	TGCGCGAGAAGTCTCCGGTATTGTGGTGGTGGTACCTGCTACTCCTGGTACTTCGATCTGTGG	64784
2097	IGHV1-69*01	IGHJ6*02	IGHM	TGTGCGAGAGACCCTATAGCGGCTCGTCAGGACTACTACTACGGTATGGACGTCTGG	13141
2111	IGHV1-69*01	IGHJ6*02	IGHA1	TGTGCGAGCACGGAGGCTTTCGGGTTCTTCGCTATGGACGTCTGG	12910
2253	IGHV1-69*01	IGHJ6*02	IGHA1	TGTGCGAGAGATATCGCAGACGCTAAAGGGCGAGACTTTTCCTTTGGTTATTCCGGTATGGACGTCTGG	13614
2292	IGHV3-11*01	IGHJ4*02	IGHA1	TGTTCGAGAGATCCAAGGCGCCTGCCCCACTGG	17535
2321	IGHV3-30*18	IGHJ4*02	IGHA1	TGTGCGAAACGAAGAAGGGGGGGTGACGCCACACTAGATTGGTTCTTGGACTACTGG	30428
2342	IGHV3-33*06	IGHJ4*02	IGHA1	TGTGCGAAATCAAGTCGCGATTTTTGGAGTGGTCCCCGGGACCACTACTTTGACTCGTGG	32648
2425	IGHV4-34*01	IGHJ6*02	IGHA1	TGTGCTAGAGGCCTTCGGTCTGTGGAGTGGACCGGGGACGGGGCTTTTGCTTTCTATTACGGAATGGACGTCTGG	52971
2488	IGHV4-34*01	IGHJ6*02	IGHA1	TGTGCGATAGGAGATACAGTGATGCCGTTCCACCCCAAATTCTACTACGGTATAGACGTCTGG	52682
2637	IGHV1-2*02	IGHJ5*02	IGHA1	TGTGCCAACAACCGCAATCCTGGCAGTGATTACTTCCTGTCGTCCTGG	6529
2722	IGHV3-11*04	IGHJ4*02	IGHA1	TGTGCGAGAGATGGCCCTGTGTTTGGTTTTGACTATTGG	17609
2746	IGHV6-1*01	IGHJ5*01	IGHA1	TGTGCAAGGGGACTTTGGTCAGAAGGTTTCGACTCCTGG	70615
2797	IGHV6-1*01	IGHJ5*02	IGHA1	TGTGCCAGAGATCGGGCTCTTACTCCCGGAATGGCAATTGCTACAGACAACTGGTTCGACCCCTGG	70741
2891	IGHV3-11*01	IGHJ4*02	IGHA1	TGTGCGACAGACATGTCGTTGGTCACCTTTGACATCTGG	17605
2967	IGHV1-69*01	IGHJ4*02	IGHA1	TGCGCGAGGACCAAGGAGGGCGATTGTAGTGGCGGTACCTGCTACTCTCTCTTTTGTGACTCGTGG	12297
2998	IGHV1-18*04	IGHJ4*02	IGHA1	TGTGCGCGAGATACCTCCTATAGCAATGGCTGGGGACTCGACTACTGT	1023
3195	IGHV1-18*04	IGHJ4*02	IGHA1	TGTGCGAGAGATACATCCTATAACAATGGCTGGGGACTTGACTACTGG	1023
3360	IGHV3-7*01	IGHJ6*02	IGHA1	TGTTCGAAATTGGGCAGGGGTAGTGGCCGTATGGACGTCTGG	41729
3367	IGHV3-74*01	IGHJ4*02	IGHA1	TGTGCAAGAGGGACTACGGTGACTAAAACCTTTGACTACTGG	44588
3490	IGHV3-48*02	IGHJ4*02	IGHA1	TGCGCGAAAATTAGGGATGGCAGCTCGTCAATCGGGCACTACTGG	34186
3493	IGHV3-48*02	IGHJ4*02	IGHA1	TGCGCGAAAATTAGGGATGGCAGCTCGTCAATCGGGCACTACTGG	34186
3587	IGHV3-48*01	IGHJ4*02	IGHA1	TGTGCGAGACCCTCCTCGGAGCTACTCTTGTGGTACTCTGACTACTGG	34382
3730	IGHV3-23*01	IGHJ4*02	IGHA1	TGTGCGAAAGGGCGACTTCCCGGAGAGTCCTACTTTGACGACTGG	25264
3755	IGHV3-7*01	IGHJ4*02	IGHA1	TGTGCGAAGTACAGTGGGGCCTACTCCTTTGAGTCCTGG	39646
3837	IGHV4-61*01	IGHJ6*02	IGHA1	TGTGCGAGAGTACAAGGGCAGTCATACTTCTACTACTACGGTATGGACGTCTGG	65809
3924	IGHV3-7*01	IGHJ5*02	IGHM	TGTGCGAGAGGTCATTGGCAGTTCGAGCGTTGG	41339
3925	IGHV3-7*01	IGHJ5*02	IGHM	TGTGCGAGAGGTCATTGGCAGTTCGAGCGTTGG	41339
3941	IGHV3-7*01	IGHJ5*02	IGHM	TGTGCGAGAGGTCATTGGCAGTTCGAGCGTTGG	41339
3944	IGHV3-7*01	IGHJ5*02	IGHM	TGTGCGAGAGGTCATTGGCAGTTCGAGCGTTGG	41339
4087	IGHV3-48*02	IGHJ4*02	IGHA1	TGTGCGAGAGGTCAAACCTATGTGGACCAATGG	33773
4097	IGHV3-48*02	IGHJ4*02	IGHA1	TGTGCGAGAGAGTTTTGTGCTGGTTCCAGCTGCTACGGTGGGGTTTGTGACAACTGG	34816
4099	IGHV3-48*01	IGHJ4*02	IGHA1	TGTGCGAGGACTTTTTGTAATGATACCAACTGCTTCTACTTTGACGACTGG	34648
4105	IGHV3-48*01	IGHJ4*02	IGHA1	TGTGCGAGGACAAAATATTACTATGACAGTAATGACTCCTGG	34149
4132	IGHV3-15*01	IGHJ4*02	IGHM	TGTACCACAGACTACCAGTATTACTATGGTTCGGGGAGTTATTATAATCTTGACTACTGG	20675
4242	IGHV3-21*01	IGHJ2*01	IGHA1	TGTGCGAGAGGGGAGACCCGCTTCGATCTCTGG	21390
4393	IGHV3-73*02	IGHJ4*02	IGHA1	TGTAATCCACTCGCCGGTGACTTTGACGTAATG	42989
4428	IGHV3-73*02	IGHJ4*02	IGHA1	TGTACTAGACATTTGTATGGTGGCCCCCCCAATGACTACTGG	43065
4445	IGHV3-73*02	IGHJ3*02	IGHM	TGTACTCGAGACGACTACGGTGACTACGGTGCCGATGCTTTTGATATGTGG	42930
4535	IGHV3-74*01	IGHJ3*02	IGHA1	TGTGCAACCTTGGCGGATACCTCCCGCGGAGCTTTTGATATCTGG	43614
4544	IGHV3-74*01	IGHJ3*02	IGHA1	TGTGCAACCTTGGCGGATACCTCCCGCGGAGCTTTTGATATCTGG	43614
4558	IGHV3-74*01	IGHJ3*02	IGHA1	TGTTCAACCTTGGCGGATACCTCCCGCGGAGCTTTTGATATCTGG	43614
4886	IGHV3-74*01	IGHJ4*02	IGHA1	TGTGTAAGAGGGTCTCATAACAGTTATTCTGACCACGTCCTCTTTGACTATTGG	45263
4954	IGHV3-74*01	IGHJ4*02	IGHA1	TTTGTAAGAGACTGTTGTGGGACGTTCGGTGACGACTGG	44453
4984	IGHV3-23*01	IGHJ4*02	IGHA1	TGTGCGAAAGATATGGGGCCGGGGCCATTTTGTGGTGTTGACTGCCATATCTTTGACCAATGG	27607
5047	IGHV3-21*08	IGHJ4*02	IGHA1	TGTGCGAGACTCCTGCGATTTTACTTTGACTACTGG	21710
5158	IGHV3-21*02	IGHJ4*02	IGHA1	TGTGTGAAAGAGTCTTCGGGTGACTCCCTTGATTATTGG	21754
5165	IGHV3-21*02	IGHJ4*02	IGHA1	TGTGTGAAAGAGTCTTCGGGTGACTCCCTTGATTATTGG	21754
5239	IGHV5-51*03	IGHJ5*02	IGHA1	TGTGCGAGACTTCAACCGGAACATTGGTTATTAGGAGACAACTGGTTCGACCCCTGG	68882
5395	IGHV3-7*01	IGHJ4*02	IGHA1	TGTGCGAGTGGCTTTCCCCCTACCAGTGGCTATTACGACTACTGG	40211
5397	IGHV3-7*01	IGHJ4*02	IGHA1	TGTGCGAGTGGCTTTCCCCCTACCAGTGGCTATTACGACTACTGG	40211
5484	IGHV4-39*01	IGHJ2*01	IGHA1	TGTGCGAGAGTGCGGCGAACTTACTGGCACTTCGATCTCTGG	53205
518	IGHV3-21*02	IGHJ6*02	IGHG1	TGCGCGCGACAGGGCTACATTAAGATAGGCGCGGGCCTGGACGACTCTTCCTTCTTCTACTCCGGTTTGGACGCCTGG	23393
554	IGHV1-46*01	IGHJ4*02	IGHG1	TGTGCGCGAGATCTCTCTGACCTGGTTGGGCCTACTGTCAGAATTGCCCGTTTCTGCTTTGACCACTGG	9680
755	IGHV4-39*01	IGHJ4*02	IGHA1	TGTGCGACTTCAACGTGGGTACAACAATGGAAATCAGCCCCTCACAGGTTTGACGTCTGG	57244
890	IGHV4-39*01	IGHJ4*02	IGHA1	TGTGCGAGGTTTAGTGGGAGCTACCGAGCGTTTGACTGGTGG	55169
900	IGHV4-39*01	IGHJ4*02	IGHA1	TGTGCGAGGTTTAGTGGGAGCTACCGAGCGTTTGACTGGTGG	55169
1027	IGHV3-30*18	IGHJ4*02	IGHA1	TGTGCGAAGGATTGGCAACCTTATAACTGGAACTACCATGGAGTCTTTGACTCCTGG	30491
1087	IGHV1-18*04	IGHJ4*02	IGHA1	TGTGCGAGAGCGGGGCAGTGGCTGATCCACTGG	446
1113	IGHV1-18*04	IGHJ4*02	IGHA1	TGTGCGAGAGAGGGCGATTTCTGGAGTGGTTATTCCTTTGACTACTGG	1098
1137	IGHV2-70*01	IGHJ6*02	IGHA1	TGTGCACGGACACAGTCTTCTTATTACAACGGCTACCTATACTATCACGGAATAGACGTCTGG	17152
1239	IGHV4-4*07	IGHJ5*02	IGHA1	TGTGCGAGAGACGTGGATCAGTATGTTTCGGGAATTTATCATGACAATTGGTTCGACCCCTGG	61346
1265	IGHV1-2*02	IGHJ4*02	IGHA1	TGTGCGAAAAATCCCACTACCGGCAGCTGGTACCCATATGACTTTGACTACTGG	5570
1304	IGHV1-69*06	IGHJ4*02	IGHA1	TGCGCGACAAACCATAAATATAGCAGCCCTTGGGGGCCCTTTGACTTCTGG	11555
1555	IGHV3-11*01	IGHJ4*02	IGHA1	TTTGCCGTTTATTGTGGTGCGCGTCATTGTGCTGGTGCTGATGCGGACGGCAGCTGG	18152
1616	IGHV4-61*01	IGHJ6*02	IGHA1	TGTGCGACCTTGCGTTTGGAGCAGATATCTTTTAGCCATCACTATTACGGTTTGGACGTCTGG	65887
1708	IGHV4-61*03	IGHJ6*02	IGHA1	TGTGCGAGAGACTACAATAGCGGCGACTACGGTATGGACGTCTGG	65762
1731	IGHV4-4*07	IGHJ5*02	IGHA1	TGTGCGAGAGGTCTCGGTGGTTATTACTACCAAGACACCTGG	61120
1808	IGHV4-59*01	IGHJ4*02	IGHA1	TGTGTGACAAGTCAATACAGCTATGGCCCAATTGCCTATTGG	62792
1988	IGHV4-4*07	IGHJ3*02	IGHM	TGTGCGAGAAGTGCGAGTTACTATGGTGCTTTTGATATCTGG	60066
2151	IGHV1-46*01	IGHJ4*02	IGHA1	TGTGCGAGAGATCTTACTAATAGTTGGAGTTCTCAATACTACCTTGACTCCTGG	9442
2278	IGHV3-30*18	IGHJ4*02	IGHA1	TGTGCGAAGGATTTAAGAGATGGCTACAATTATATTGAAGATTGG	29681
2286	IGHV3-11*01	IGHJ4*02	IGHA1	TGTTCGAGAGATCCAAGGCGCCTGCCCTACTGG	17535
2325	IGHV3-30*18	IGHJ4*02	IGHA1	TGTGCGAAACGAAGAAGGGGGGGTGACGCCACACTAGATTGGTTCTTGGACTACTGG	30428
2445	IGHV4-34*01	IGHJ6*02	IGHA1	TGTGCGAGAGGAGATACAGTGATGCCGTTCCACCCCAAATTCTACTACGGTATAGACGTCTGG	52682
2465	IGHV4-34*01	IGHJ4*02	IGHA1	TGTGCGAGAGGATCTAGGCGCAGCATCGACACTTATCCTTTTGACTACTGG	51234
2524	IGHV4-34*02	IGHJ4*02	IGHA1	TGTGCGAGGGGATTTCGGTCCAATCTTCGCTTTGACTACTGG	50848
2690	IGHV3-30*18	IGHJ4*02	IGHA1	TGTGCGAAAGAGACTCAGAAGTATGCGAGTGGCTGGTTCTTTGAGTCCTGT	30014
2798	IGHV6-1*01	IGHJ5*02	IGHA1	TGTGCCAGAGATCGGGCTCTTACTCCCGGAATGGCAATTGCTACAGACAACTGGTTCGACCCCTGG	70741
2854	IGHV1-18*04	IGHJ1*01	IGHA1	TGTGCGCGAGATCTAGTGGGATCATTTTCCCGCAAAGGATTCCAGAACTGG	23
2887	IGHV3-30*18	IGHJ4*02	IGHA1	TGTGCGAAAGATTGTCAGCCTTATAACTGGAACTACCATGGGGTCTTTGACTCTTGG	30491
2908	IGHV3-30*03	IGHJ3*01	IGHA1	TGTGCGACCCGGGAAATGTACTACTATGATGCCACTGGATTTCCGCGAGATGGCTTTGATGCCTGG	29283
3138	IGHV1-2*02	IGHJ5*02	IGHA1	TGTGCGAGAGGGGACTCGGTCGGGTGGAGGTGGTTGGTCGACCCCTGG	6562
3262	IGHV3-21*01	IGHJ5*02	IGHA1	TGTGCGAGAGAGGATTGTGATATTACCAGCTGCTCGAAAAAGAACTGGTTCGACACCTGG	22867
3316	IGHV3-15*01	IGHJ4*02	IGHA1	TGTACCACACTTGTAGTGGTTCCAGCTGCTCTAGCTTGGCAATTTGAGTCGAATGACTTCTGG	20734
3341	IGHV3-53*01	IGHJ3*02	IGHA1	TGTGCGAGAGATCTGATCTCGCGTTATACACACATGTGGGCTTTTGATATCTGG	36751
3384	IGHV1-18*04	IGHJ4*02	IGHA1	TGTGCGAGAGCGGACTCTAGACCTTATCACTATGACACTCGTGGAAATCCCGTTGACCAGTGG	1871
3392	IGHV3-23*01	IGHJ4*02	IGHA1	TGTACGAAAGATAGTCCGGCCCCCTTTGACTTCTGG	24380
3436	IGHV3-7*01	IGHJ4*02	IGHM	TGTGCGGGCATGCATAGCAGCTATTGGTACGTGGAGGGGACTGACTATTGG	40845
3580	IGHV3-48*01	IGHJ4*02	IGHA1	TGTGCGAGACCCTCCTCGGAGCTACTCTTGTGGTACTCTGACTACTGG	34382
3759	IGHV3-23*01	IGHJ6*02	IGHA1	TGTGTGAAGGATGGGCCCTGGTACGGCCATTTCCACTACTACTATGCTATGGACGTCTGG	28767
3780	IGHV3-23*01	IGHJ4*02	IGHA1	TGTGTGAAGACCGTGAGGTGGGAACTACCCCCATATTACTTTGACTACTGG	26690
3785	IGHV3-23*01	IGHJ6*02	IGHA1	TGTGTGAAGGATGGGCCCTGGTACGGCCATTTCCACTACTACTATGCTATGGACGTCTGG	28767
3819	IGHV3-23*01	IGHJ6*02	IGHA1	TGTGCGAAGACCCTTCCGGCTCTAAATACACGACAAAACTACTATCATGGCATGGACGTCTGG	28808
3849	IGHV5-51*03	IGHJ6*02	IGHA1	TGTGCGATATATGGTACACCTGACATGACGGACTATGGTTTGGAAGTCTGG	69191
3893	IGHV5-51*03	IGHJ6*02	IGHA1	TGCGCGAGAGAGAAGATATTTTGTACTAGTAGCAATTGCTATGGCAACTACTATGGTATGGACGTCTGG	69546
3966	IGHV3-15*01	IGHJ4*02	IGHA1	TGTTCCACTTTTTGGGATGGCTATAATGTGATTGACTACTGG	20015
3977	IGHV3-20*01	IGHJ6*02	IGHA1	TGTGCGAGACCCTTTGTTACTCATCACTATTTCTACGGTATGGACGTCTGG	21347
4029	IGHV3-72*01	IGHJ6*02	IGHA1	TGTGCTAGAGGGGGCGGACTGGGAAACTACCAGTACGCTATGGACGGCTGG	42777
4072	IGHV3-48*02	IGHJ4*02	IGHA1	TGTGCGAGAGATCTGGGGGTGGCGGATGATGACGTTTGGGGGACTTATCGTTATACATCGTACTACTTTGACTACTGT	34999
4304	IGHV3-72*01	IGHJ3*02	IGHA1	TGTGTTAAAGATGACCCGAACCTTCCTGGGACCTTTGATATCTGG	42168
4354	IGHV3-53*01	IGHJ4*02	IGHA1	TGTGCGAGAGAGGGAAGAAGAGATGTGGACAATGGCAGGTATAACTATGACTACTGG	37798
4381	IGHV3-73*02	IGHJ4*02	IGHA1	TGTTCTCCCCTTGGAAGTTTTTTTGTTCGGGGCGTTTATTCTTGG	43146
4394	IGHV3-73*02	IGHJ4*02	IGHA1	TGTACTAGCCAAAGCCGTCAAGCAGTGGCTGTAGACTACTGG	43077
4476	IGHV3-74*01	IGHJ3*02	IGHA1	TGTGCAACCTTGGCGGATACCTCCCGCGGAGCTTTTGATATCTGG	43614
4607	IGHV3-74*01	IGHJ6*02	IGHA1	TGTGTAAGGGGTACCGTTGGCTGGAGTGGTGTGGACGTCTGG	45805
4646	IGHV3-74*01	IGHJ4*02	IGHA1	TGTGCAAGAGATGTCGGTGGGAGGTCCGGCTACTGG	44097
4672	IGHV3-74*01	IGHJ4*02	IGHA1	TGTGTAAGAGATTTCGTGGGACCGAGGGACTACTGG	44090
4761	IGHV3-74*01	IGHJ4*02	IGHA1	TGTGCAAGGGCGTTCGGAGATAAATATGACAATAGGAGGCCCTTCGACTACTGG	45252
4832	IGHV3-74*01	IGHJ4*02	IGHA1	TGTGCAAGTAGTAGAGGCGTG	43813
4882	IGHV3-74*01	IGHJ4*02	IGHA1	TGTGTAAGAGGGTCTCATAACAGTTATTCTGACCACGTCCTCTTTGACTATTGG	45263
4952	IGHV3-74*01	IGHJ4*02	IGHA1	TGTAAGAGACTGTTGTGGACGTTCGGTGACGACTGG	44074
4992	IGHV3-23*01	IGHJ4*02	IGHA1	TGTGCGAAAGTGCGTTTCGGGAGTTGGTACTACTTTGACTCCTGG	25302
5042	IGHV3-21*02	IGHJ5*01	IGHA1	TGTGCGAGGCCACCTCCGAGACCTGGAACCGTAAACTGGGTCGACTCCTGG	22824
5132	IGHV3-23*01	IGHJ4*02	IGHA1	TGTGCGAAGTCGAATATTGCACATCGCTTATCGCTCTGTTTTGACCAGTGG	26587
5217	IGHV3-74*01	IGHJ6*02	IGHA1	TGTGCAAGAGGCTACCCCGCTAATATGGACGTCTGG	45743
5254	IGHV3-73*02	IGHJ5*02	IGHA1	TGTTCCTCTCGAGTGGGAACTACTGCTGCCTGG	43282
5370	IGHV3-9*01	IGHJ4*02	IGHM	TGTGCAAAAGCGCATTGTAGTAGTAGTATTGCCTGCTCCCCCGCGACTACTGGG	47594
5374	IGHV3-9*01	IGHJ6*02	IGHA1	TGTGCAAAAGACACGGGCGGTCCAAGGTGGCACGATGTCGTAGTAGTTCCAGCTGCTGTATTCGGCCTTTACGGTATGGACGTCTGG	48890
5391	IGHV3-7*01	IGHJ4*02	IGHA1	TGTGCGAGTGGCTTTCCCCCTACCAGTGGCTATTACGACTACTGG	40211
541	IGHV4-59*11	IGHJ6*02	IGHA1	TGTGCGAGATTTGGGACCAGCTACTACTACGGTATGGACGTCTGG	64328
568	IGHV2-5*01	IGHJ6*02	IGHG1	TGTGCACACAGCGGGGTGTCCAACTACTACGGTATGGACGTCTGG	16697
727	IGHV4-34*01	IGHJ6*02	IGHA1	TGTGCGAGAAGCCCCCGACATTGTCTTGGTGGTTCCTGCTATTTCGATAGTTTCGACGTTTGG	52667
728	IGHV4-34*01	IGHJ6*02	IGHA1	TGTGCGAGAAGCCCCCGACATTGTCTTGGTGGTTCCTGCTATTTCGATAGTTTCGACGTTTGG	52667
747	IGHV4-39*01	IGHJ4*02	IGHA1	TGTGCGACTTCAACGTGGGTACAACAATGGAAATCAGCCCCTCACAGGTTTGACGTCTGG	57244
912	IGHV4-39*08	IGHJ6*02	IGHG1	TGTGCGAGACGCCTCGATTTTTGGAGTGGTTATTATGAGGGGAGGGGGGAAAACTACGGTATGGACGTCTGG	59880
941	IGHV4-39*01	IGHJ5*02	IGHA1	TGTGCGAGACGCTTGGGCTCGTGGGACATCAACTGGTTCGACCCCTGG	58295
994	IGHV4-39*08	IGHJ6*02	IGHA1	TGCGCGAGATCTGCGCGGGTGATTACGAACAAAGTAGTGGTTACGTCGCACGGTTTGGACGTCTGG	59805
1039	IGHV1-18*04	IGHJ4*02	IGHA1	TGTACGAGAGATGAGGGCTACGATATGGGCTACTGG	466
1190	IGHV4-59*02	IGHJ6*02	IGHA1	TGTGCGAGAGGGGGGGTCTTCCAGGACGTCTGG	64237
1198	IGHV4-59*02	IGHJ6*02	IGHA1	TGTGCGAGAGGGGGGGTCTTCCAGGACGTCTGG	64237
1258	IGHV1-69*01	IGHJ5*02	IGHA1	TGTGTATCTGTTGACTGTGGTGAAGACTGTTACTCGCCCCACTGGTTCGACCCCTGG	12675
1278	IGHV4-4*07	IGHJ6*02	IGHA1	TGTGCGAGACAGGGAAGTTATTATTACTACCTTATGGACGTCTGG	61437
1294	IGHV1-69*06	IGHJ4*02	IGHA1	TGCGCGACAAACCATAAATATAGCAGCCCTTGGGGGCCCTTTGACTTCTGG	11555
1568	IGHV4-34*02	IGHJ2*01	IGHA1	TGTGCGAGGGACTCTGGCGTGGTGCGCGGTCCTGTTCTAATCACTGGTGGGGATCCACACTTCGATCAGTGG	50253
1576	IGHV4-34*02	IGHJ2*01	IGHA1	TGTGCGAGGGACTCTGGCGTGGTGCGCGGTCCTGTTCTAATCACTGGTGGGGATCCACACTTCGATCAGTGG	50253
1783	IGHV4-59*01	IGHJ3*02	IGHA1	TGTGCGAGCGGCATGGACCGTGCGAAAATCCACATCTGG	61928
1818	IGHV4-4*07	IGHJ3*02	IGHA1	TGTGCGAGAGATTTTTACGGTGGTACCTCTGATGCTTTTGATATCTGG	60113
1838	IGHV4-4*07	IGHJ6*02	IGHA1	TGTGCGAGAGATGGAAGTCTGGATTTTTGGAGTGGTGATTATAACGATGACTACTATTACGGTATGGACGTCTGG	61698
1851	IGHV4-61*01	IGHJ4*02	IGHA1	TGTGCGAGAGCTAGATACAGCTATGGTCCCATTGACTACTGG	65073
1907	IGHV4-59*01	IGHJ6*02	IGHA1	TGTGCGAGAGACGCCGCCTGCGGTATGGGCGTCTGG	64242
1972	IGHV4-61*01	IGHJ2*01	IGHA1	TGCGCGAGAAGTCTCCGGTATTGTGGTGGTGGTACCTGCTACTCCTGGTACTTCGATCTGTGG	64784
2040	IGHV1-46*01	IGHJ4*02	IGHA1	TGTGCGAGAGGAGGGCGGCCAAGTGACGGTATCTACAGAGCGCCATGGGAGTTCTGG	9539
2058	IGHV1-2*02	IGHJ4*02	IGHA1	TGTGCGAGAACAAGCTACGGTGACAAAGTGGGTGCTGATGACTGCTGG	4996
2090	IGHV1-69*01	IGHJ4*02	IGHA1	TGTGCGAGAGACGTGCAGCAATTGGTTTATTCAGGCGTGGGCAACTGG	11411
2120	IGHV1-69*01	IGHJ6*02	IGHM	TGTGCGAGAGACCCTATAGCAGCTCGTCAGGACTACTACTACGGTATGGACGTCTGG	13141
2205	IGHV1-2*02	IGHJ4*02	IGHA1	TGTGCGAGAACAAGCTACGGTGACAAAGTGGGTGCTGATGACTGCTGG	4996
2223	IGHV1-69*06	IGHJ5*02	IGHA1	TGTGCGAAAGCGGGGGAACTACTTGTGTGGGACTGGTTCGACGCCTGG	12476
2246	IGHV1-69*01	IGHJ6*02	IGHA1	TGTGCGAGAGATATCGCAGACGCTAAAGGGCGAGACTTTTCCTTTGGTTATTCCGGTATGGACGTCTGG	13614
2355	IGHV3-33*06	IGHJ4*02	IGHA1	TGTGCGAAATCAAGTCGCGATTTTTGGAGTGGTCCCCGGGACCACTACTTTGACTCGTGG	32648
2376	IGHV3-11*01	IGHJ4*02	IGHA1	TGTGCGAGAGATAAGGACGATGACAACGGTGATACAGTCTTTGACTTCTGG	18015
2416	IGHV4-34*01	IGHJ6*02	IGHA1	TGTGCTAGAGGCCTTCGGTCTGTGGAGTGGACCGGGGACGGGGCTTTTGCTTTCTATTACGGAATGGACGTCTGG	52971
2490	IGHV4-34*01	IGHJ6*02	IGHA1	TGTGCGAGAGGAGATACAGTGATGCCGTTCCACCCCAAATTCTACTACGGTATAGACGTCTGG	52682
2516	IGHV4-34*02	IGHJ4*02	IGHA1	TGTGCGAGGGGATTTCGGTCCAATCTTCGCTTTGACTACTGG	50848
2554	IGHV1-46*01	IGHJ6*02	IGHA1	TGTGCGAGAGATAGGGGGCACATAGAATCAGTTATTACCGAACCGGGGATATTCGGTATGGACGTCTGG	10165
2588	IGHV1-2*02	IGHJ4*02	IGHM	TGTGCGAGAGGGCTCTCTAGTTATAGGGACTACCGGCCGGGCTACTGG	4970
2616	IGHV1-2*02	IGHJ5*02	IGHA1	TGTGCCAACAACCGCAATCCTGGCAGTGATTACTTCCTGTCGTCCTGG	6529
2995	IGHV1-18*04	IGHJ4*02	IGHA1	TGTGCGCGAGATACCTCCTATAGCAATGGCTGGGGACTCGACTACTGG	1023
2997	IGHV1-18*04	IGHJ4*02	IGHA1	TGTGCGCGAGATACCTCCTATAGCAATGGCTGGGGACTCGACTACTGG	1023
3021	IGHV2-5*01	IGHJ4*02	IGHA1	TGTGCACACACGTGTCATCGTGATAGTAGTGCTGTTTTCCCCCCTGACTTTTGG	16202
3093	IGHV4-39*01	IGHJ2*01	IGHA1	TGTGCGAGAGTGCGGCGAACTTACTGGCACTTCGATCTCTGG	53205
3128	IGHV4-4*07	IGHJ6*02	IGHA1	TGTGCGAGAGATTGGGGCCTCCACGGCATGGACGTCTGG	61414
3212	IGHV4-34*01	IGHJ6*02	IGHG3	TGTGCGAGACACCAAGCGAATAAAAGACGTATACCAGTGTCTGGTATGAAGTCCTACTACTACTACGGTATGGACGTCTGG	53002
3575	IGHV3-48*01	IGHJ4*02	IGHA1	TGTGCGAGACCCTCCTCGGAGCTACTCTTGTGGTACTCTGACTACTGG	34382
3665	IGHV3-21*01	IGHJ4*02	IGHA1	TGTGCGAGAGAACGAGCGGGTTACTACCTTGACTGTTGG	21767
3700	IGHV3-21*01	IGHJ4*02	IGHA1	TGTGCGAGAGAACGAGCGGGTTACTACCTTGACTGTTGG	21767
3859	IGHV5-51*01	IGHJ3*01	IGHA1	TGCGCGAGACATGATGCCGATTTTTGGAGTGGTTCATATCCTGGCACTTTTGATTTGTGG	66619
3864	IGHV5-51*01	IGHJ4*02	IGHA1	TGTGCGAGACGGGCGCTATCAACCGGTGCTTGGGCCGACTCGCGCTTCGATTATTGG	68280
3910	IGHV5-51*01	IGHJ5*01	IGHA1	TGTGTGAGAAGTGCGACGGGTAACTGGTATCAAAAGTTCGACTCCTGG	68744
3923	IGHV3-7*01	IGHJ5*02	IGHM	TGTGCGAGAGGTCATTGGCAGTTCGAGCGTTGG	41339
3942	IGHV3-7*01	IGHJ5*02	IGHM	TGTGCGAGAGGTTGGCAGTTCGAGCGTTGG	41321
4033	IGHV3-72*01	IGHJ6*02	IGHA1	TGTGCTAGAAGTCCCGCTATGGACGTCTGG	42737
4035	IGHV3-72*01	IGHJ6*02	IGHA1	TGTGCTAGAAGTCCCGCTATGGACGTCTGG	42737
4076	IGHV3-48*01	IGHJ4*02	IGHM	TGTGCGACTCACCGTATAGCAGCAGCCGAAAGCTACTGG	33888
4133	IGHV3-15*01	IGHJ4*02	IGHM	TGTACCACAGACTACCAGTATTACTATGGTTCGGGGAGTTATTATAATCTTGACTACTGG	20675
4225	IGHV3-21*01	IGHJ4*02	IGHA1	TGTGCGAGAGTTGGTATAGCAGTGGCTGGTACTAGGGGAGGAGAACTTGAGTACTGG	22577
4270	IGHV3-21*01	IGHJ4*02	IGHM	TGTGCGAGGAAAAATTGTGGTGGTGACTGCTCATATCCGAACCCCCATGACTACTGG	22579
4274	IGHV3-21*01	IGHJ4*02	IGHM	TGTGCGAGGAAAAATTGTGGTGGTGACTGCTCATATCCGAACCCCCATGACTACTGG	22579
4283	IGHV3-21*01	IGHJ4*02	IGHA1	TGTGCGAGAGATCTCCGGGGAAACAACTATGCGATTGACTACTGG	21999
4308	IGHV3-72*01	IGHJ3*02	IGHA1	TGTGTTAAAGATGACCCGAACCTTCCTTGGACCTTTGATATCTGG	42168
4319	IGHV5-51*03	IGHJ3*02	IGHA1	TGTGTGAGAAACGGTTGTAGTGGTGGTGCCTGCTTCGATATCTGG	66308
4379	IGHV3-73*02	IGHJ4*02	IGHA1	TGTTCTCCCCTTGGAAGTTTTTTTGTTCGGGGCGTTTATTCTTGG	43146
4403	IGHV3-73*02	IGHJ4*02	IGHA1	TGTACTAGCCAAAGCCGTCAAGCAGTGGCTGTAGACTACTGG	43077
4534	IGHV3-74*01	IGHJ3*02	IGHA1	TGTGCAACCTTGGCGGATACCTCCCGCGGAGCTTTTGATATCTGG	43614
4593	IGHV3-74*01	IGHJ4*02	IGHA1	TGTGCAAGAGGGACTACGGTGACTAAAACCTTTGACTACTGG	44588
4644	IGHV3-74*01	IGHJ4*02	IGHA1	TGTGCAAGAGATGTCGGTGGGAGGTCCGGCTACTGG	44097
4714	IGHV3-74*01	IGHJ4*02	IGHA1	TGTGCAAGAGGGACTACGGTGACTAAAACCTTTGACTACTGG	44588
4743	IGHV3-7*01	IGHJ4*02	IGHA1	TGTGCGAGAGACAGTCTACGGAGGTTTGACTTCTGG	39412
4810	IGHV3-7*01	IGHJ6*02	IGHA1	TGTGCGAGGCGGTATTACTATGATAATCGTGGTGGTTGCGGTCTGGACGTCTGG	41842
4823	IGHV3-21*01	IGHJ4*02	IGHA1	TGTGCGAGATGTGGGCACCGGTGGTACCATGACTACTGG	21815
4920	IGHV3-74*01	IGHJ4*02	IGHG1	TGTGTAAGAGATCTGACAGGGGCAAATGACTACTGG	44250
4934	IGHV3-74*01	IGHJ4*02	IGHA1	TGTGTAAGAGACTGTTGTGGGACGTTCGGTGACGACTGG	44453
5072	IGHV3-74*01	IGHJ4*02	IGHA1	TGTGCAAGAGGCTGGTTAGTGGGAGCTGACTCCTTTGGCTACTGG	44715
5145	IGHV3-23*01	IGHJ4*02	IGHA1	TGTGCGAAGGTCGCCGTGATGACTACGGTGACTAGCCGATTTGACCACTGG	26581
5216	IGHV3-74*01	IGHJ6*02	IGHA1	TGTGCAAGAGGCTACCCCGCTAATATGGACGTCTGG	45743
5230	IGHV3-7*01	IGHJ6*02	IGHA1	TGTGCGAGACCAATGCGTCCGTATGGCAGCAGCTGGGCAACGGACGTCTGG	41788
5416	IGHV3-9*01	IGHJ4*02	IGHA1	TGTGTAAAAAGTGTGGTCGCAGCAGATGCCACTTACTTTGACTACTGG	47209
5428	IGHV3-7*01	IGHJ4*02	IGHA1	TGTGCGAGTGGCTTTCCCCCTACCAGTGGCTATTACGACTACTGG	40211
5442	IGHV3-7*01	IGHJ4*02	IGHA1	TGTGCGAGTGGCTTTCCCCCTACCAGTGGCTATTACGACTACTGG	40211
614	IGHV3-15*01	IGHJ5*02	IGHA1	TGTACCACAGATCCCAGGAGGGGGTTCCGTGACTGGTCCGACCCCTTG	20928
659	IGHV1-69*01	IGHJ4*02	IGHA1	TGTGCGGCTTCCTGGCGGCGTTACTCTAGTTCGGGAAGTTATTCCCCATACTTCTTTGACCACTGG	12305
897	IGHV4-39*01	IGHJ4*02	IGHA1	TGTGCGAGGTTTAGTGGGAGCTACCGAGCGTTTGACTGGTGG	55169
906	IGHV4-39*01	IGHJ4*02	IGHA1	TGTGCGAGGTTTAGTGGGAGCTACCGAGCGTTTGACTGGTGG	55169
943	IGHV1-2*02	IGHJ4*02	IGHA1	TGTGCGAGAGATCCTGTTATTGTGGACTCCTACTTTGACTCCTGG	4697
951	IGHV1-2*02	IGHJ4*02	IGHA1	TGTGCGAGAGATCCTGTTATTGTGGACTCCTACTTTGACTCCTGG	4697
958	IGHV1-2*02	IGHJ4*02	IGHA1	TGTGCGAGAGATCCTGTTATTGTGGACTCCTACTTTGACTCCTGG	4697
1023	IGHV3-30*18	IGHJ4*02	IGHA1	TGTGCGAAGGATTGGCAACCTTATAACTGGAACTACCATGGAGTCTTTGACTCCTGG	30491
1032	IGHV4-39*01	IGHJ2*01	IGHA1	TGTGTGAGACACGATTTGGCGGTAGGACTTTCGCACTGGTACTTCGATCTCTGG	53309
1062	IGHV4-30-4*09	IGHJ6*02	IGHA1	TGTGCGAGAACCAGGAAATATTGTGCTTCTGCCACCTGTTCGCACTACTACGACGGGATGGACGTCTGG	49975
1253	IGHV1-69*01	IGHJ5*02	IGHA1	TGTGTATCTGTTGACTGTGGTGAAGACTGTTACTCGCCCCACTGGTTCGACCCCTGG	12675
1417	IGHV4-4*07	IGHJ4*02	IGHA1	TGCGCGAGAGGAAGTGACGGTGACTACTACTTTGACCACTGG	60447
1550	IGHV3-30*18	IGHJ4*02	IGHA1	TGTGCGAAAGTTGGCATCGAATATGCCAACTCGGAGTTTGACTACTGG	29878
1567	IGHV4-34*02	IGHJ2*01	IGHA1	TGTGCGAGGGACTCTGGCGTGGTGCGCGGTCCTGTTCTAATCACTGGTGGGGATCCACACTTCGATCAGTGG	50253
1600	IGHV4-39*02	IGHJ3*01	IGHA1	TGTGCGAACTCCGGTGACTACAGTCATAATGCTTTTGATCTCTGG	53509
1881	IGHV4-59*01	IGHJ6*02	IGHA1	TGTGCGAGAGGCCCTATTACGGAGGTAACTGATTACGGTATGGACGTCTGG	64395
1957	IGHV4-30-4*09	IGHJ4*02	IGHA1	TGTGCGAGATACGGTGATTACCCTCTATGGGGATTTTACTCCTGG	49355
2154	IGHV1-46*01	IGHJ4*02	IGHA1	TGTGCGAGAGATCTTACTAATAGTTGGAGTTCTCAATACTACATTGACTCCTGG	9442
2175	IGHV1-8*01	IGHJ4*02	IGHA1	TGTCTTAAGCGTCATTATGATATGTCGCGTGCTTATTCCTCCTTTGACTTCTGG	14586
2259	IGHV1-8*01	IGHJ1*01	IGHA1	TGTGCGAGACAGAATAACTACGGGGAATTCCAGCACTGG	14002
2318	IGHV3-30*18	IGHJ4*02	IGHA1	TGTGCGAAACGAAGAAGGGGGGGTGACGCCACACTAGATTGGTTCTTGGACTACTGG	30428
2331	IGHV3-33*06	IGHJ4*02	IGHA1	TGTGCGAAATCAAGTCGCGATTTTTGGAGTGGTCCCCGGGACCACTACTTTGACTCGTGG	32648
2336	IGHV3-30*18	IGHJ6*02	IGHA1	TGTGTCAAAGATCGGGGGTGGGCTACAGTAACTTCGCGGGGTATGGACGTCTGG	31198
2356	IGHV3-33*06	IGHJ4*02	IGHA1	TGTGCGAAATCAAGTCGCGATTTTTGGAGTGGTCCCCGGGACCACTACTTTGACTCGTGG	32648
2358	IGHV3-33*06	IGHJ4*02	IGHA1	TGTGCGAAATCAAGTCGCGATTTTTGGAGTGGTCCCCGGGACCACTACTTTGACTCGTGG	32648
2363	IGHV3-30*03	IGHJ4*02	IGHA1	TGTGCGACCTCCTTGGGCAGTGGCTGGGCAAGGTTTGACTACTGG	29687
2466	IGHV4-34*01	IGHJ4*02	IGHA1	TGTGCGAGAGGATCTAGGCGCAGCATCGACACTTATCCTTTTGACTACTGG	51234
2515	IGHV4-34*02	IGHJ4*02	IGHA1	TGTGCGAGGGGATTTCGGTCCAATCTTCGCTTTGACTACTGG	50848
2644	IGHV1-2*02	IGHJ5*02	IGHA1	TGTGCCAACAACCGCAATCCTGGCAGTGATTACTTCCTGTCGTCCTGG	6529
2671	IGHV3-53*02	IGHJ4*02	IGHA1	TGTGCGGGAGATACAGCTTGGGGGAGAGTCTTCCACTGG	37159
2733	IGHV3-30*18	IGHJ3*01	IGHA1	TGTGCGAAAGGATTGTATAGTGGGACTCCTGATGCTCTTGATTTTTGG	29132
2748	IGHV6-1*01	IGHJ5*01	IGHA1	TGTGCAAGGGGACTTTGGTCAGAAGGTTTCGACTCCTGG	70615
2804	IGHV6-1*01	IGHJ5*02	IGHA1	TGTGCCAGAGATCGGGCTCTTACTCCCGGAATGGCAATTGCTACAGACAACTGGTTCGACCCCTGG	70741
2885	IGHV3-30*18	IGHJ4*02	IGHA1	TGTGCGAAAGATTGGCAGCCTTATAACTGGAACTACCATGGGGTCTTTGACTCTTGG	30491
2915	IGHV1-46*02	IGHJ6*02	IGHA1	TGTGCGAAAGATTGGGGGGCGATAGGATCGGTTATTACCGAACCGGGGATATTCGGTATGGCCGTCTGG	10165
2931	IGHV1-18*04	IGHJ4*02	IGHA1	TGTGCGAGAGTTGCCCATTGTCACGATAGTCGGGGCTATTTTAGGTTCTTTGAATATTGG	1812
2932	IGHV1-18*04	IGHJ4*02	IGHA1	TGTGCGAGAGTTGCCCATTGTCACGATAGTCGGGGCTATTTTAGGTTCTTTGAATATTGG	1812
2948	IGHV3-30*03	IGHJ3*01	IGHA1	TGTGCGACCCGGGAAATGTACTACTATGATGCCACTGGATTTCCGCGAGATGGCTTTGATGCCTGG	29283
2965	IGHV1-69*01	IGHJ4*02	IGHA1	TGCGCGAGGACCAACGAGGGCGATTGTAGTGGCGGTACCTGCTACTCTCTCTTTTGTGACTCGTGG	12297
3253	IGHV3-23*01	IGHJ4*02	IGHA1	TGCGCGAAATTTTACCGAGCAGAGGCTGGTACGGTTAAGAGGGCGGTCGACCATAAAAGAATTGACTCCTGG	27846
3405	IGHV3-74*01	IGHJ5*02	IGHA1	TGTACAACCTTCGCTTCTACAGTGCCCACCTGG	45407
3441	IGHV3-7*01	IGHJ4*02	IGHM	TGTGCGGGCATGCATAGCAGCTATTGGTACGTGGAGGGGACTGACTATTGG	40845
3487	IGHV3-48*02	IGHJ4*02	IGHA1	TGCGCGAAAATTAGGGATGGCAGCTCGTCAATCGGGCACTACTGG	34186
3531	IGHV3-74*01	IGHJ4*02	IGHA1	TGTATAAAAGTCCCAGAGTACTGG	43823
3693	IGHV3-21*01	IGHJ4*02	IGHA1	TGTGCGAGAGAACGAGCGGGTTACTACCTTGACTGTTGG	21767
3806	IGHV3-23*01	IGHJ6*02	IGHA1	TGTGCGAAGACCCTTCCGGCTCTAAATACACGACAAAACTACTATCATGGCATGGACGTCTGG	28808
3816	IGHV3-23*01	IGHJ6*02	IGHA1	TGTGCGAAGACCCTTCCGGCTCTAAATACACGACAAAACTACTATCATGGCATGGACGTCTGG	28808
3876	IGHV5-51*03	IGHJ4*02	IGHA1	TGTGCGAGACTCGGGCCAAGTACGGTGGTGACTTCCGGGGACTACTGG	67692
4019	IGHV3-7*01	IGHJ4*02	IGHA1	TGTGCGAGACTGGATCGACGTGGATACAACTTTGGTTACGACTACTGG	40534
4031	IGHV3-72*01	IGHJ6*02	IGHA1	TGTGCTAGAGGGGGCGGACTGGGAAACTACCAGTACGCTATGGACGGCTGG	42777
4134	IGHV3-15*01	IGHJ4*02	IGHM	TGTACCACAGACTACCAGTATTACTATGGTTCGGGGAGTTATTATAATCTTGACTACTGG	20675
4186	IGHV3-21*01	IGHJ5*02	IGHA1	TGTGCGAGAGAGGATTGTGATATTACCAGCTGCTCGAAAAAGAACTGGTTCGACACCTGG	22867
4203	IGHV3-21*01	IGHJ4*02	IGHA1	TGTGCGAGAGATGGCTTACATGGCAGTGGCCGCCATTTTGACTACTGG	22164
4322	IGHV5-51*03	IGHJ3*02	IGHA1	TGTGTGAGAAACGGTTGTAGTGGTGGTGCCTGCTTCGATATCTGG	66308
4442	IGHV3-73*02	IGHJ3*02	IGHM	TGTACTCGAGACGACTACGGTGACTACGGTGCCGATGCTTTTGATATGTGG	42930
4460	IGHV3-74*01	IGHJ2*01	IGHA1	TGTGCGAGGGTATCGCCCAACTGGTACAACGATCTCTGG	43473
4469	IGHV3-74*01	IGHJ4*02	IGHA1	TGTGCAAGAGGGACTACGGTGACTAAAACCTTTGACTACTGG	44588
4562	IGHV3-74*01	IGHJ3*02	IGHA1	TGTGCAACCTTGGCGGATACCTCCCGCGGAGCTTTTGATATCTGG	43614
4565	IGHV3-74*01	IGHJ3*02	IGHA1	TGTGCAACCTTGGCGGATACCTCCCGCGGAGCTTTTGATATCTGG	43614
4637	IGHV3-74*01	IGHJ6*02	IGHA1	TGTGTAAGGGGTACCGTTGGCTGGAGTGGTGTGGACGTCTGG	45805
4745	IGHV3-7*01	IGHJ4*02	IGHA1	TGTGCGAGAGACAGTCTACGGAGGTTTGACTTCTGG	39412
4750	IGHV3-7*01	IGHJ4*02	IGHA1	TGTGCGAGAGACAGTCTACTGAGGTTTGACTTCTGG	39412
4802	IGHV3-23*01	IGHJ6*02	IGHA1	TGTATGAAAGAGCATGGGCAGCAGCTGGACTACTACCCCCACTACGGTATGGACGTCTGG	28697
4825	IGHV3-21*01	IGHJ4*02	IGHA1	TGTGCGAGATGTGGGCACCGGTGGTACCATGACTACTGG	21815
4855	IGHV3-53*01	IGHJ5*02	IGHA1	TGTGCGAGAGGGCGATCGGGTGGCCCAAGGTTCGACCCCTGG	37931
4858	IGHV3-53*01	IGHJ5*02	IGHA1	TGTGCGAGAGGGCGATCGGGTGGCCCAAGGTTCGACCCCTGG	37931
4876	IGHV3-74*01	IGHJ4*02	IGHA1	TGTGTAAGAGGGTCTCATAACAGTTATTCTGACCACGTCCTCTTTGACTATTGG	45263
4989	IGHV3-23*01	IGHJ4*02	IGHA1	TGTGCGAAAGTGCGTTTCGGGAGTTGGTACTACTTTGACTCCTGG	25302
4997	IGHV3-74*01	IGHJ4*02	IGHA1	TGTGCAAGAGGCTGGTTAGTGGGAGCTGACTCCTTTGGCTACTGG	44715
4999	IGHV5-51*01	IGHJ4*02	IGHA1	TGTGCGAGACACGCGATGCCAGCTCGCTTCGAGGATCATTTTGACTCCTGG	67860
5000	IGHV5-51*01	IGHJ4*02	IGHA1	TGTGCGAGACACGCTATGCCAGCTCGCTTCGAGGATCATTTTGACTCCTGG	67860
5079	IGHV3-74*01	IGHJ4*02	IGHA1	TGTGCAAGATGCTGGTTAGTGGGAGCTGACTCCTTTGGCTACTGG	44715
5080	IGHV3-74*01	IGHJ4*02	IGHA1	TGTGCAAGAGGCTGGTTAGTGGGAGCTGACTCCTTTGGCTACTGG	44715
5124	IGHV3-9*01	IGHJ4*02	IGHA1	TGTGTAAAAGATATTTCCAGTGGTAACTGGATCTTTGACTCCTGG	46924
5148	IGHV3-23*01	IGHJ4*02	IGHA1	TGTGCGAAGGTCGCCGTGATGACTACGGTGACTAGCCGATTTGACCACTGG	26581
5170	IGHV3-21*02	IGHJ4*02	IGHA1	TGTGTGAGAGAAGATAGTCACAACTCCAAACACTACTACTTTGACCTCTGG	22383
5171	IGHV3-74*01	IGHJ4*02	IGHA1	TGTGCAAGAGGGACTACGGTGACTAAAACCTTTGACTACTGG	44588
5225	IGHV3-21*07	IGHJ4*02	IGHA1	TGTGCGCGAGGAATTTCGAAGTCCGGAGCAATCTGG	21740
5354	IGHV3-9*01	IGHJ3*02	IGHA1	TGTGTAAAACCTATGGAGAAGAATGATGTTTTGACGGAGGAGTTTTTTGATATCTGG	46528
5380	IGHV3-9*01	IGHJ4*02	IGHA1	TGTGTCAAAGGCCGTCGCACTCACTGCTATTACCCTCTTGACCAATGG	47227
5492	IGHV3-7*01	IGHJ4*02	IGHA1	TGTGCGAGAGATATGGCTAGGTCACTTGACAACTGG	39434
861	IGHV4-39*01	IGHJ5*02	IGHA1	TGTGCGAGACCGTTGAGGGTTTCGACTACGGGATTCGACCCCTGG	58132
1153	IGHV3-30*18	IGHJ6*01	IGHA1	TGTGCGAAGACCCGAGACGATTTTTGGAGTGGTTATGATTTCGATATGGACGTCTGG	31270
1485	IGHV1-8*01	IGHJ4*02	IGHA1	TGTTCGAGAGCGGGTCTCATGGCTGCCTTGGGGGACTTCTGG	14378
1583	IGHV1-69*01	IGHJ6*02	IGHA1	TGTGCGAGCACGGAGGCTTTCGGGTTCTTCGCTATGGACGTCTGG	12910
1611	IGHV4-61*01	IGHJ6*02	IGHA1	TGTGCGACCTTGCGTTTGGAGCAGATATCTTTTAGCCATCACTATGACGGTTTGGACGTCTGG	65887
1614	IGHV4-61*01	IGHJ6*02	IGHA1	TGTGCGACCTTGCGTTTGGAGCAGATATCTTTTAGCCATCACTATTACGGTTTGGACGTCTGG	65887
1618	IGHV4-61*01	IGHJ6*02	IGHA1	TGTGCGACCTTGCGTTTGGAGCAGATATCTTTTAGCCATCACTATTACGGTTTGGACGTCTTG	65887
1701	IGHV4-30-4*09	IGHJ6*02	IGHA1	TGTGCGAGAACCAGGAAATATTGTGCTTCTGCCACCTGTTCGCACTACTACGACGGGATGGACGTCTGG	49975
1726	IGHV4-4*07	IGHJ5*02	IGHA1	TGTGCGAGAGGTCTCGGTGGTTATTACTACCAAGACACCTGG	61120
1805	IGHV4-4*07	IGHJ3*02	IGHA1	TGTGCGAGAGATTTTTACGGTGGTACCTCTGATGCTTTTGATATCTGG	60113
1901	IGHV4-61*01	IGHJ4*02	IGHA1	TGTGCGAGAGTAACGCTTTTTGGAGTGATTATCAACTGG	64992
1902	IGHV4-61*01	IGHJ4*02	IGHA1	TGTGCGAGAGTAACGCTTTTTGGAGTGATTATCAACTGG	64992
1916	IGHV4-61*01	IGHJ4*02	IGHM	TGTGCGACAGGCTCAGACGCCTACAAGGTGGGCTACTGG	64961
2045	IGHV1-46*01	IGHJ4*02	IGHA1	TGTGCGAGAGATCTTACTAATAGTTGGAGTTCTCAATACTACCTTGACTCCTGG	9442
2078	IGHV1-69*01	IGHJ6*02	IGHA1	TGTGCGAGCCTACTTACGTACGGAATGGACGCCTGG	12859
2084	IGHV1-69*01	IGHJ4*02	IGHA1	TGTGCGAGAGACGTGCAGCAATTGGTTTATTCAGGCGTGGGCAACTGG	11411
2176	IGHV1-8*01	IGHJ4*02	IGHA1	TGTCTTAAGCGTCATTATGATATGTCGCGTGCTTATTCCTCCTTTGACTTCTGG	14586
2258	IGHV1-8*01	IGHJ1*01	IGHA1	TGTGCGAGACAGAATAACTACGGGGAATTCCAGCACTGG	14002
2323	IGHV3-30*18	IGHJ4*02	IGHA1	TGTGCGAAACGAAGAAGGGGGGGTGACGTCACACTAGATTGGTTCTTGGACTACTGG	30428
2354	IGHV3-33*06	IGHJ4*02	IGHA1	TGTGCGAAATCAAGTCGCGATTTTTGGAGTGGTCCCCGGGACCACTACTTTGACTCGTGG	32648
2385	IGHV3-30*03	IGHJ4*02	IGHA1	TGCGCGAGAGATCACAAGACCATCTATGATGGTAGCGGTTATTTTTTTGACTACTGG	30538
2447	IGHV4-34*01	IGHJ4*02	IGHA1	TGTGCGAGAGGATCTAGGCGCAGCATCGACACTTATCCTTTTGACTACTGG	51234
2528	IGHV1-2*02	IGHJ4*02	IGHA1	TGTGCGAGGACTTATAGCAGCAGCTGGTTTGGGTTTGACTACTGG	4864
2556	IGHV1-46*01	IGHJ6*02	IGHA1	TGTGCGAGAGATAGGGGGCACATAGAATCAGTTATTACCGAACCGGGGATATTCGGTATGGACGTCTGG	10165
2595	IGHV4-59*11	IGHJ4*02	IGHA1	TGTGCGAGATATCCCGACCGCGCCGGTGGGACCTTTGATTACTGG	62944
2601	IGHV4-59*11	IGHJ4*02	IGHA1	TGTGCGAGATATCCCGACCGCGCCGGTGGGACCTTTGATTACTGG	62944
2640	IGHV1-2*02	IGHJ5*02	IGHA1	TGTGCCAACAACCGCAATCCTGGCAGTGATTACTTCCTGTCGTCCTGG	6529
2669	IGHV3-53*02	IGHJ4*02	IGHA1	TGTGCGGGAGATACAGCTTGGGGGAGAGTCTTCCACTGG	37159
2715	IGHV3-11*01	IGHJ4*02	IGHA1	TGTGCGAGAGATGGCCCTGTGTTTGGTTTTGACTATTGG	17609
2730	IGHV3-30*18	IGHJ3*01	IGHA1	TGTGCGAAAGGATTGTATAGTGGGACTCCTGATGCTCTTGATTTTTGG	29132
2778	IGHV6-1*01	IGHJ5*02	IGHA1	TGTGCCAGATATCGGGCTCTTACTCCCGGAATGGCAATTGCTACAGACAACTGGTTCGACCCCTGG	70741
2791	IGHV6-1*01	IGHJ5*02	IGHA1	TGTCCCAGAGATCGGGCTCTTACTCCCGGAATGGCAATTGCTACAGACAACTGGTTCGACCCCTGG	70741
2814	IGHV6-1*01	IGHJ4*01	IGHA1	TGTGCTAGAGGAGGGTGTGTATTGGGGAGTAACAGATGCGCTCCCTTTGACTCCTGG	70525
2826	IGHV4-28*07	IGHJ3*02	IGHA1	TGTGCGAGAAGTCCGGCTAGATATGGCAAACCAGAGGCTTTTGATATCTGG	48907
2841	IGHV1-8*02	IGHJ4*02	IGHA1	TGTGCGCGAGACAGAAGGGGCCTTGCATTCTGG	14216
2855	IGHV1-18*04	IGHJ1*01	IGHA1	TGTGCGCGATATCTAGTGGGATCATTTTCCCGCAAAGGATTCCAGAACTGG	23
3028	IGHV2-5*01	IGHJ5*02	IGHA1	TGTGCACACAGAGTGGGGGGGGAAGTGGTTCGGGGAGTTTTTACTCCCGGCTGGTTCGACCCCTGG	16644
3086	IGHV4-59*01	IGHJ3*02	IGHA1	TGTGCGAGTCTAGATGGATACTATCTCCCCAGGATCTGG	61935
3096	IGHV4-39*01	IGHJ2*01	IGHA1	TGTGCGAGAGTGCGGCGAACTTACTGGCACTTCGATCTCTGG	53205
3144	IGHV1-2*02	IGHJ5*02	IGHA1	TGTGCGAGAGGGGACTTGGTCGGGTGGAGGTGGTTGGTCGACCCCTGG	6562
3147	IGHV1-2*02	IGHJ5*02	IGHA1	TGTGCGAGAGGGGACTCGGTCGGGTGGAGGTGGTTGGTCGACCCCTGG	6562
3172	IGHV1-58*01	IGHJ5*02	IGHA1	TGTGCGGTCATGTATTCTCGTGATTCGGGGACTTATTATTCACTCCGACGCTCGGGCTGGTTCGACCCCTGG	10391
3361	IGHV3-7*01	IGHJ6*02	IGHA1	TGTTCGAAATTGGGCAGGGGTAGTGGCCGTATGGACGTCTGG	41729
3386	IGHV3-23*01	IGHJ4*02	IGHA1	TGTGCGAAAGATCGAAAGGCTGGTGGTCAGTCACGTGGGGACTTTGACTTCTGG	26820
3406	IGHV3-74*01	IGHJ5*02	IGHA1	TGTACAACCTTCGCTTCTACAGTGCCCACCTGG	45407
3554	IGHV3-74*01	IGHJ4*02	IGHA1	TGTGCAAGAGATCTCAATGTGCGTGACTACTCAAGTCGTGGAGACGACTTTTACTTCTGG	45330
3680	IGHV3-21*01	IGHJ4*02	IGHA1	TGTGCGAGAGAACGAGCGGGTTACTACCTTGACTGTTGG	21767
3863	IGHV5-51*01	IGHJ4*02	IGHA1	TGTGCGAGACGGGCGCTATCAGCCGGTGCCTGGGCCGACTCGCGCTTCGATTATTGG	68280
3950	IGHV3-21*01	IGHJ4*02	IGHA1	TGTGCGAGAGACAGGGGTCTTGTAGTGGTGGCAACCGGACAATTTGACTACTGG	22416
3981	IGHV3-20*01	IGHJ6*01	IGHA1	TGTGCGAGACCCTTTGTTACTCATCACTATTTCTACGGTATGGACGTCTGG	21347
4013	IGHV3-7*01	IGHJ4*02	IGHA1	TGTGCGAGACTCCTGGATCGACGTGGATACAACTTTGGTTACGACTACTGG	40718
4045	IGHV3-7*01	IGHJ4*02	IGHA1	TGTGCGAGAGGTAGTGGGAGCTATTACAGGCACTGG	39493
4122	IGHV3-48*01	IGHJ4*02	IGHA1	TGTGCGAGGACTTTTTGTAATGATACCAACTGCTTCTACTTTGACGACTGG	34648
4223	IGHV3-21*01	IGHJ4*02	IGHA1	TGTGCGAGAGTTGGTATAGCAGTGGCTGGTACTAGGGGAGGAGAACTTGAGTACTGG	22577
4236	IGHV3-21*01	IGHJ2*01	IGHA1	TGTGCGAGAGGGGAGACCCGCTTCGATCTCTGG	21390
4467	IGHV3-74*01	IGHJ3*02	IGHA1	TGTGCAACCTTGGCGGATACCTCCCGCGGAGCTTTTGATATCTGG	43614
4498	IGHV3-74*01	IGHJ4*02	IGHA1	TGTGCAAGAGGGACTACGGTGACTAAAACCTTTGACTACTGG	44588
4568	IGHV3-74*01	IGHJ3*02	IGHA1	TGTGCAACCTTGGCGGATACCTCCCGCGGAGCTTTTGATATCTGG	43614
4755	IGHV3-74*01	IGHJ4*02	IGHA1	TGTGCAAGGGCGTCCGGAGATAAATATGACAATAGGAGGCCCTTCGACTACTGG	45252
4786	IGHV3-7*01	IGHJ4*02	IGHA1	TGTGCGAGAGGAGTGACTACCGGGATTGACTACTTTGACTCCTGG	40225
4965	IGHV3-74*01	IGHJ4*02	IGHA1	TGTGTAAGAGACTGTTGTGGGACGTTCGGTGACGACTGG	44453
4968	IGHV3-7*01	IGHJ1*01	IGHA1	TGTGCGAGAGTCGAATCCGGTTCTTTCCAGCACTGG	38411
4974	IGHV3-23*01	IGHJ3*01	IGHA1	TGTGCGAAGTGCCTCCTCGGCGACTACGTCACTTCGGGGGCTTTTGATGTTTGG	23963
5058	IGHV3-53*01	IGHJ3*02	IGHA1	TGTACGAGAGATGACGGGAGATCCTTGATTCATATCTGG	36606
5066	IGHV3-53*01	IGHJ3*02	IGHA1	TGTACGAGAGATGACGGGAGATCCTTGATTCATATCTGG	36606
5123	IGHV3-9*01	IGHJ4*02	IGHA1	TGTGTAAAAGATATTTCCAGTGGTAACTGGATCTTTGACTCTTGG	46924
5143	IGHV3-23*01	IGHJ4*02	IGHA1	TGTGCGAAGGTCGCCGTGATGACTACGGTGACTAGCCGATTTGACCACTGG	26581
5186	IGHV3-74*01	IGHJ3*02	IGHA1	TGTGCAACCTTGGCGGATACCTCCCGCGGAGCTTTTGATATCTGG	43614
5245	IGHV3-7*01	IGHJ4*02	IGHA1	TGTGCGAGAGAGAGGGGTGGTGTCCTTGACTACTGG	39421
5301	IGHV3-9*01	IGHJ4*02	IGHA1	TGTGCTAAGGATCTTACTTATCTCAGCAGCTTGGTCTGTGACTTCTGG	47202
5320	IGHV3-7*01	IGHJ4*02	IGHA1	TGTGCGAGTGGCTTTCCCCCTACCAGTGGCTATTACGACTACTGG	40211
5398	IGHV3-7*01	IGHJ4*02	IGHA1	TGTGCGAGTGGCTTTCCCCCTACCAGTGGCTATTACGACTACTGG	40211
5421	IGHV3-9*01	IGHJ4*02	IGHA1	TGTGTAAAAAGTGTGGTCGCAGCAGATGCCACTTACTTTGACTACTGG	47209
674	IGHV1-18*04	IGHJ1*01	IGHA1	TGTGCGCGAGACGCCATCAGTATGATACTAGCGCTTAACCCCGCTGAATACTTCCAACACTGG	46
695	IGHV3-30*03	IGHJ6*02	IGHA1	TGCGCGAGAGACGGCTTTTGGGGGAGTCATCGGGCTATGGACGTCTGG	31072
697	IGHV3-30*03	IGHJ6*02	IGHA1	TGCGCGAGAGACGGCTTTTGGGGGAGTCATCGGGCTATGGACGTCTGG	31072
758	IGHV4-39*02	IGHJ3*01	IGHA1	TGTGCGAACTCCGGTGACTACAGTCATAATGCTTTTGATCTCTGG	53509
923	IGHV4-39*01	IGHJ4*02	IGHA1	TGTGCGAGGCTATGGAGTGGGAGCCGCCCCCCCGACTATTGG	54820
993	IGHV4-39*08	IGHJ6*02	IGHA1	TGCGCGAGATCTGCGCGGGTGATTACGAACAAAGTAGTGGTTACGTCGCACGGTTTGGACGTCTGG	59805
1043	IGHV1-24*01	IGHJ4*02	IGHA1	TGTGCCTCTCCGGCTGTTCCTTGGTACTTCTTTGACTACTGG	8040
1094	IGHV1-18*04	IGHJ4*02	IGHA1	TGTGCGAGAGCGGGGCAGTGGCTGATCCACTGG	446
1188	IGHV4-59*02	IGHJ3*02	IGHA1	TGTGCAAAGTCGAAGGATCCGATCCTCGCAGCCTCTGCTTTTGATATCTGG	62059
1234	IGHV1-2*02	IGHJ3*02	IGHA1	TGTACGAGGAGGCGCCTTGATAGTAATGATGGTTTTGATATCTGG	3375
1245	IGHV4-4*07	IGHJ5*02	IGHA1	TGTGCGAGAGACGTGGATCAGTATGTTTCGGGAATTTATCATGACAATTGGTTCGACCCCTGG	61346
1282	IGHV4-4*07	IGHJ6*02	IGHA1	TGTGCGAGAAAGGGAAGTTATTATTACTACCTTATGGACGTCTGG	61437
1474	IGHV1-8*01	IGHJ4*02	IGHA1	TGTTCGAGAGCGGGTCTCATGGCTGCCTTGGGGGACTTCTGG	14378
1619	IGHV4-61*01	IGHJ6*02	IGHA1	TGTGCGACCTTGCGTTTGGAGCAGATATCTTTTAGCCATCACTATTACGGTTTGGACGTCTGG	65887
1888	IGHV4-59*01	IGHJ6*02	IGHA1	TGTGCGAGAGGCCCTATTACGGAGGTAACTGATTACGGTATGGACGTCTGG	64395
1933	IGHV4-59*01	IGHJ3*02	IGHA1	TGTGCGAGGACTTGGGTATCTCAGGATGGTATAAATATCTGG	61971
1935	IGHV4-4*07	IGHJ6*02	IGHA1	TGTGCGAGAGATGGAAGTCTGGATTTTTGGAGTGGTGATTATAACGATGACTACTATTACGGTATGGACGTCTGG	61698
2113	IGHV1-69*01	IGHJ6*02	IGHA1	TGTGCGAGCACGGAGGCTTTCGGGTTCTTCGCTATGGACGTCTGT	12910
2156	IGHV1-46*01	IGHJ4*02	IGHA1	TGTGCGAGAGATCTTACTAATAGTTGGAGTTCTCAATACTACCTTGACTCCTGG	9442
2192	IGHV1-2*02	IGHJ5*02	IGHA1	TGTGCGAGAGTTGAACTGCATAGCAGCCATTTATTCCGGTTCGACCCCTGG	6676
2209	IGHV1-2*02	IGHJ4*02	IGHA1	TGTGCGAGAACAAGCTACGGTGACAAAGTGGGTGCTGATGAGTGCTGG	4996
2225	IGHV1-69*06	IGHJ5*02	IGHA1	TGTGCGAAAGCGGGGGAACTACTTGTGTGGGACTGGTTCGACGCCTGG	12476
2262	IGHV1-8*01	IGHJ1*01	IGHA1	TGTGCGAGACAGAATAACTACGGGGAATTCCAGCACTGG	14002
2333	IGHV3-30*18	IGHJ6*02	IGHA1	TGTGTGAAAGATCGGGGGTGGGCTACAGTAACTTCGCGGGGTATGGACGTCTGG	31198
2364	IGHV3-30*03	IGHJ4*02	IGHA1	TGTGCGACCTCCTTGGGCAGTGGCTGGGCAAGGTTTGACTACTGG	29687
2559	IGHV1-46*01	IGHJ6*02	IGHA1	TGTGCGAGAGATAGGGGGCACATAGAATCAGTTATTACCGAACCGGGGATATTCGGTATGGACGTCTGG	10165
2568	IGHV1-46*01	IGHJ6*02	IGHA1	TGTGTGAAGGATAAGGGGCCGATGGGAATGGTTATTACCGAACCGGGGATCTACGGTATGGACGTCTGG	10167
2630	IGHV1-46*04	IGHJ4*02	IGHA1	TGTGCGAGAAATCTGGTGGGACCTACGGGGCTTGGTTACTGG	8880
2662	IGHV3-53*02	IGHJ4*02	IGHA1	TGTGCGGGAGATACAGCTTGGGGGAGAGTCTTCCACTGG	37159
2727	IGHV3-30*18	IGHJ3*01	IGHA1	TGTGCGAAAGGATTGTATAGTGGGACTCCTGATGCTCTTGATTTTTGG	29132
2849	IGHV1-18*04	IGHJ1*01	IGHA1	TGTGCGCGAGATCTAGTGGGATCATTTTCCCGCAAAGGATTCCAGAACTGG	23
2896	IGHV3-11*01	IGHJ4*02	IGHA1	TGTGCGACAGACATGTCGTTGGTCACCTTTGACATCTGG	17605
2900	IGHV3-30*03	IGHJ3*01	IGHA1	TGTGCGACCCGGGAAATGTACTACTATGATGCCACTGGATTTCCGCGAGATGGCTTTGATGCCTGG	29283
2943	IGHV3-33*01	IGHJ4*02	IGHA1	TGTGCGAGAATGGGGAGCCATTACTCTGATGGCAGTGGTTACGGCTACGGGGCATTTGACCTCTGG	32711
3017	IGHV2-5*01	IGHJ4*02	IGHA1	TGTGCACACACGCGTCATCGTGATAGTAGTGCTGTTTTCCCCCCTGACTTTTGG	16202
3067	IGHV1-45*02	IGHJ4*02	IGHA1	TGTGCAAGTTCGAACAACAGTCCGCACTATTCTTTTGACTATTGG	8454
3178	IGHV3-33*05	IGHJ4*02	IGHA1	TGTGCGAGAAGTTATGACAGTAGTGGCTACAGAGGCCAGTTTGACCACTGG	32420
3382	IGHV1-18*04	IGHJ4*02	IGHA1	TGTGCGAGAGCTGACTCTAGACCTTATCACTATGACACTCGTGGAAATCCCGTTGACCAGTGG	1871
3411	IGHV3-74*01	IGHJ5*02	IGHA1	TGTACAACCTTCGCTTCTACAGTGCCCACCTGG	45407
3422	IGHV3-74*01	IGHJ5*02	IGHA1	TGTACAACCTTCGCTTCTACAGTGCCCACCTGG	45407
3464	IGHV3-7*01	IGHJ5*02	IGHA1	TGCGCGAGAGATTTAGCTAAACAACGGGTGGCCAATGGGGAAGCCGACCACTGG	41546
3466	IGHV3-7*01	IGHJ5*02	IGHA1	TGCGCGAGAGATTTAGCTAAACAACGGGTGGCCAATGGGGAAGCCGACCACTGG	41546
3478	IGHV5-51*03	IGHJ5*02	IGHA1	TGTGCGAGACATGAGAGGCTTGCAGCAGTTGGTGACCCCTGG	68637
3511	IGHV3-23*01	IGHJ3*01	IGHA1	TGTGCGAGAGACGCGTATAACACCTTAATTCGTCAGAATGATGGGTTTGATCTTTGG	24029
3530	IGHV3-74*01	IGHJ4*02	IGHA1	TGTATAAAAGTCCCAGAGTACTGG	43823
3540	IGHV3-53*02	IGHJ3*02	IGHA1	TGTGCGGCAGTGGGAACTACTAGAGATAGGGATGCTTTTGATATTTGG	36704
3543	IGHV3-7*01	IGHJ4*02	IGHA1	TGTGCGAGAGGGAGATATTTTGGGGACTACTGGTATTATTTTGACTACTGG	40780
3573	IGHV3-48*01	IGHJ4*02	IGHA1	TGTGCGAGACCCTCCTCGGAGCTACTCTTGTGGTACTCTGACTACTGG	34382
3597	IGHV3-23*01	IGHJ4*02	IGHA1	TGTGCGAAAGATCTGGGGGCTAACGGAGTGGGAGCTACTTTGGACTACTGG	26380
3649	IGHV3-15*01	IGHJ4*02	IGHA1	TGTACGACTGACCGGAGTTATGGTTACTACTCTGCCCACTGG	19951
3777	IGHV3-23*01	IGHJ4*02	IGHA1	TGTGTGAAGACCGTGAGGTGGGAACTACCCCCATATTACTTTGACTACTGG	26690
3967	IGHV3-15*01	IGHJ4*02	IGHA1	TGTTCCACTTTTTGGGATGGCTATAATGTGATTGACTACTGG	20015
4041	IGHV3-7*01	IGHJ4*02	IGHA1	TGTGCGAGAGGTAGTGGGAGCTATTACAGGCACTGG	39493
4149	IGHV3-15*01	IGHJ5*02	IGHA1	TGCACCACCTCCCTAGCGTTTGACAGTAGTGGTCACTACCATGGCCACTGGTTCGGCCCCTGG	20974
4169	IGHV3-7*01	IGHJ4*02	IGHA1	TGTGCGAGAGGTAGTGGGAACTATTACAGGCTCTGG	39492
4176	IGHV3-21*01	IGHJ2*01	IGHA1	TGTGCGAGAGGGGAGACCCGCTTCGATCTCTGG	21390
4234	IGHV3-21*01	IGHJ2*01	IGHA1	TGTGCGAGAGGGGAGACCCGCTTCGATCTCTGG	21390
4240	IGHV3-21*01	IGHJ2*01	IGHA1	TGTGCGAGAGGGGAGACCCGCTTCGATCTCTGG	21390
4245	IGHV3-21*01	IGHJ2*01	IGHA1	TGTGCGAGAGGGGAGACCCGCTTCGATCTCTGG	21390
4311	IGHV3-7*01	IGHJ6*02	IGHA1	TGTGCGAGAATCCCAACCTTGACCCTAAGTGGGAGCTATTCGTCATACTACTACGGTCTGGACGTCTGG	41999
4330	IGHV3-53*01	IGHJ4*02	IGHA1	TGTGCGAGCCCCCATGGTAGTAGTGGTTATTACTATCTTGACTACTGG	37593
4387	IGHV3-73*02	IGHJ4*02	IGHA1	TGTACTAGCCAAAGCCGTCAAGCAGTGGCTGTAGACTACTGG	43077
4404	IGHV3-73*02	IGHJ4*02	IGHA1	TGTACTAGCCAAAGCCGTCAAGCAGTGGCTGTAGACTACTGG	43077
4406	IGHV3-73*02	IGHJ4*02	IGHA1	TGTACTAGCCAAAGCCGTCAAGCAGTGGCTGTAGACTACTGG	43077
4415	IGHV3-73*02	IGHJ4*02	IGHA1	TGTACTAGACATTTGTATGGTGGCCCCCCCAATGACTACTGG	43065
4440	IGHV3-73*02	IGHJ3*02	IGHM	TGTACTCGAGACGACTACGGTGACTACGGTGCCGATGCTTTTGATATGTGG	42930
4462	IGHV3-74*01	IGHJ2*01	IGHA1	TGTGCGAGGGTATCGCCCAACTGGTACAACGATCTCTGG	43473
4485	IGHV3-74*01	IGHJ4*02	IGHA1	TGTGCAAGAGGGACTACGGTGACTAAAACCTTTGACTACTGG	44588
4487	IGHV3-74*01	IGHJ4*02	IGHA1	TGTGCAAGAGGGACTACGGTGACTAAAACCTTTGACTACTGG	44588
4551	IGHV3-74*01	IGHJ3*02	IGHA1	TGTGCAACCTTGGCGGATACCTCCCGCGGAGCTTTTGATATCTGG	43614
4726	IGHV3-21*04	IGHJ6*02	IGHA1	TGTGCGAGAGACACGTATTACTTCGATAGTAGTGGTGACTACTATCCTGGTTACTACGGTATGGACGTCTGG	23320
4800	IGHV3-21*01	IGHJ4*02	IGHA1	TGTGCGAGGAGGGGCCCTCTAGATGGCCCTGTTGACTACTGG	21935
4872	IGHV3-74*01	IGHJ4*02	IGHA1	TGTGTAAGAGGGTCTCATAACAGTTATTCTGACCACGTCCTCTTTGACTATTGG	45263
4987	IGHV3-74*01	IGHJ4*02	IGHA1	TGTGCAAGAGGCTGGTTAGTGGGAGCTGACTCCTTTGGCTACTGG	44715
5081	IGHV3-74*01	IGHJ4*02	IGHA1	TGTGCAAGAGGCTGGTTAGTTGGAGCTGACTCCTTTGGCTACTGG	44715
5109	IGHV5-51*03	IGHJ3*02	IGHA1	TGTGTGAGACACACTAATGCCGATCCCCAGCCTTTTGATATCTGG	66309
5162	IGHV3-21*02	IGHJ4*02	IGHA1	TGTGTGAAAGAGTCTTCGGGTGACTCCCTTGATTATTGG	21754
5204	IGHV3-74*01	IGHJ6*02	IGHA1	TGTGCAAGAGGCTACCCCGCTAATATGGACGTCTGG	45743
5228	IGHV3-21*07	IGHJ4*02	IGHA1	TGTGCGCGAGGAATTTCGAAGTCCGGAGCAATCTGG	21740
5349	IGHV3-9*01	IGHJ4*02	IGHA1	TGTGTAAAAGTTTCCCGCGGGGGTTATGTTGGCTCCTTTTATGACAGACGTGGTTTTTATTTTGACGGCTGG	48008
5488	IGHV3-9*01	IGHJ6*02	IGHA1	TGTGCAAAAGATCGTAACTCCTACTTCTACTACGGTGTGGACCTCTGG	48289
510	IGHV3-72*01	IGHJ4*02	IGHG1	TGTGGCAGATGGAAGAGTGGGAGCCCCGACTACTGG	42280
658	IGHV4-4*07	IGHJ6*02	IGHA1	TGCGCGAGAGGGGGGAGTGTTGAAGGTACTGGGGCATACTACGGTTTGGACGTCTGG	61558
704	IGHV3-30*18	IGHJ4*02	IGHA1	TGTGCGAAACGAAGAAGGGGGGGTGACGCCACACTAGATTGGTTCTTGGACTACTGG	30428
721	IGHV3-11*01	IGHJ4*02	IGHA1	TGTTCGAGAGATCCAAGGCGCCTGCCCTACTGG	17535
781	IGHV4-39*01	IGHJ4*02	IGHA1	TGTGCGAGACGGGGTGTTTATTGTCCTAATGGTGTTTGCGACAGGGGAAACTACTACTTTGACTACTGG	57769
819	IGHV4-39*01	IGHJ6*02	IGHA1	TGTGCGAGACATTTATACGGAAAGGGTATGAAAGTCTGG	59327
887	IGHV4-39*01	IGHJ4*02	IGHA1	TGTGCGAGACATCCCCACGTTGTAGTGGGAGATTGGTACCTTGACCACTGG	56317
946	IGHV1-2*02	IGHJ4*02	IGHA1	TGTGCGAGAGATCCTGTTATTGTGGACTCCTACTTTGACTCCTGG	4697
1042	IGHV1-18*04	IGHJ4*02	IGHA1	TGTGTGAGAGCTCGGGGGCCGTATTGTACTAGGCCTAATTGCTACTCAAGGTATTTTGACTATTGG	1946
1056	IGHV1-18*04	IGHJ1*01	IGHA1	TGTGCGCGAGACGCCATCAGTATGATACTAGCGCTTAACCCCGCTGAATACTTCCAACACTGG	46
1080	IGHV1-18*04	IGHJ4*02	IGHA1	TGTGCGAGAGCGGGGCAGTGTCTGATCCACTGG	446
1098	IGHV1-18*01	IGHJ4*02	IGHA1	TGTGCGAGAGGCCCTCATTCATCAATAGGTGACTATGACTCCTGG	946
1185	IGHV4-59*02	IGHJ6*02	IGHA1	TGTGCGAGAGGGGGGGTCTTCCAGGACGTCTGG	64237
1225	IGHV1-2*02	IGHJ4*02	IGHA1	TGTGCGAGGGAATCCTGGCACTACGACTTCTGG	3847
1273	IGHV4-4*07	IGHJ4*02	IGHA1	TGCGCGAGAGGAAGTGACGGTGACTACTACTTTGACCACTGG	60447
1311	IGHV1-2*02	IGHJ4*02	IGHA1	TGTGCGAGAGAGGGGGGCTACAATTCTGGGGAGGCAATTGACTACTGG	5051
1540	IGHV1-2*02	IGHJ3*02	IGHA1	TGTACGAGGAGGCGCCTTGATAGTAATGATGGTTTTGATATCTGG	3375
1645	IGHV6-1*01	IGHJ4*02	IGHM	TGTGCAAGAGTGGAGGGTATAACTGGAACTCGGAGTTTTGACTACTGG	70401
1730	IGHV4-4*07	IGHJ5*02	IGHA1	TGTGCGAGAGGTCTCGGTGGTTATTACTACCAAGACACCTGG	61120
1749	IGHV4-4*07	IGHJ5*02	IGHA1	TGTGTGAGAGACCTGGAGTATTATTATGATGGCTTCGACCCGTGG	61154
1849	IGHV4-61*01	IGHJ4*02	IGHA1	TGTGCGAGAGCTAGATACAGCTATGGTCCCATTGACTACTGG	65073
1890	IGHV4-59*01	IGHJ6*02	IGHA1	TGTGCGAGAGGCCCTATTACGGAGGTAACTGATTACGGTATGGACGTCTGG	64395
1952	IGHV4-30-4*09	IGHJ4*02	IGHA1	TGTGCGAGATACGGTGATTACCCTCTATGGGGATTTGACTCCTGG	49355
1978	IGHV4-59*01	IGHJ6*02	IGHA1	TGTGCGAGAGTTCAGGGTTTCGCAGTGGCTGATACTAACTACTACAACGGTATGGACGTCTGG	64600
2071	IGHV1-2*02	IGHJ4*02	IGHA1	TGTGCGAGATCCCGGTTAGCTACAGCTGGGACACACTATGACTCCTGG	5195
2123	IGHV1-69*01	IGHJ6*02	IGHM	TGTGCGAGAGACCCTATAGCAGCTCGTCAGGACTACTACTACGGTATGGACGTCTGG	13141
2200	IGHV1-2*02	IGHJ4*02	IGHA1	TGTGCGAGAACAAGCTACGGTGACAAAGTGGGTGCTGATGACTTCTGG	4996
2248	IGHV1-69*01	IGHJ6*02	IGHA1	TGTGCGAGAGATATCGCAGACGCTAAAGGGCGAGACTTTTCCTTTGGTTATTCCGGTATGGACGTCTGG	13614
2344	IGHV3-33*06	IGHJ4*02	IGHA1	TGTGCGAAATCAAGTCGCGATTTTTGGAGTGGTCCCCGGGACCACTACTTTGACTCGTGG	32648
2631	IGHV1-46*04	IGHJ4*02	IGHA1	TGTGCGAGAAATCTGGTGGGACCTACGGGGCTTGGTTACTGG	8880
2673	IGHV3-53*02	IGHJ4*02	IGHA1	TGTGCGGGAGATACAGCTTGGGGGAGAGTCTTCCACTGG	37159
2734	IGHV3-30*18	IGHJ3*01	IGHA1	TGTGCGAAAGGATTGTATAGTGGGACTCCTGATGCTCTTGATTTTTGG	29132
2768	IGHV1-69*01	IGHJ2*01	IGHA1	TGTGCTATAGCAGAGATGGTATATGCAAGTTCGTCAAGCAGGTGGTACTTCGATGTCTGG	10549
2840	IGHV1-8*02	IGHJ4*02	IGHA1	TGTGCGCGAGACAGAAGGGGCCTTGCATTCTGG	14216
2843	IGHV1-8*02	IGHJ4*02	IGHA1	TGTGCGCGAGACAGAAGGGGCCTTGCATTCTGG	14216
2914	IGHV3-30*03	IGHJ4*02	IGHA1	TGTGCGACCTCCTTGGGCAGTGGCTGGGCAAGGTTTGACTACTGG	29687
2933	IGHV1-18*04	IGHJ4*02	IGHA1	TGTGCGAGAGTTGTCCATTGTCACGATAGTCGGGGCTATTTTAGGTTCTTTGAATATTGG	1812
2934	IGHV1-18*04	IGHJ4*02	IGHA1	TGTGCGAGAGTTGCCCATTGTCACGATAGTCGGGGCTATTTTAGGTTCTTTGAATATTGG	1812
2988	IGHV1-18*04	IGHJ4*02	IGHA1	TGTGCGAGAGACACCACCTATAGTAGTGGCTGGGGATTTGACCACTGG	1023
2989	IGHV1-18*04	IGHJ4*02	IGHA1	TGTGCGAGAGACACCACCTATAGTAGTGGCTGGGGATTTGACCACTGG	1023
3091	IGHV4-39*01	IGHJ2*01	IGHA1	TGTGCGAGAGTGCGGCGAACTTACTGGCACTTCGATCTCTGG	53205
3108	IGHV1-2*07	IGHJ4*02	IGHA1	TGTGCGAGCCCAGGTGGAGTTAATTTCGACGTTTGGACGGACTGG	4852
3139	IGHV1-2*02	IGHJ5*02	IGHA1	TGTGCGAGAGGGGACTCGGTCGGGTGGAGGTGGTTGGTCGACCCCTGG	6562
3169	IGHV1-58*01	IGHJ5*02	IGHA1	TGTGCGGTCATGTATTTTCGTGATTCGGGGACTTATTATTCACTCCGACGCTCGGGCTGGTTCGACCCCTGG	10391
3176	IGHV3-33*05	IGHJ4*02	IGHA1	TGTGCGAGAAGTTATGACAGTAGTGGCTACAGAGGCCAGTTTGACCACTGG	32420
3207	IGHV1-58*01	IGHJ5*02	IGHA1	TGTGCGGCAGATCGGCTGGGGTCCTATGTTGATGGTGTTTTTCACTACATAGGGAAACTCGACCCCTGG	10386
3245	IGHV3-23*01	IGHJ4*02	IGHA1	TGCGCGAAATTTTACCGAGCAGAGGCTGGTACGGTTAAGAGGGCGGTCGACCATAAAAGAATTGACTCCTGG	27846
3247	IGHV3-23*01	IGHJ4*02	IGHA1	TGCGCGAAATTTTACCGAGCAGAGGCTGGTACGGTTAAGAGGGCGGTCGACCATAAAAGAATTGACTCCTGG	27846
3250	IGHV3-23*01	IGHJ4*02	IGHA1	TGCGCGAAATTTTACCGAGCAGAGGCTACGGTTAAGAGGGCGGTCGACCATAAAAGAATTGACTCCTGG	27833
3277	IGHV3-21*07	IGHJ4*02	IGHA1	TGTGCGCGAGGAATTTCGAAGTCCGGAGCAATCTGG	21740
3291	IGHV5-51*01	IGHJ4*02	IGHA1	TGTGCGAGACATGTCATTGGGGGTTTTGGAGCCGCAGTTGGCTGGTCTGAGTGG	68114
3292	IGHV5-51*01	IGHJ4*02	IGHA1	TGTGCGAGACATGTCATTGGGGGTTTTGGAGCCGCAGTTGGCTGGTCTGAGTGG	68114
3301	IGHV3-53*01	IGHJ4*02	IGHA1	TGTGCCACACTGAACGATTTGAGCAGGGGCTTCTTTGACCGCTGG	37358
3306	IGHV3-48*01	IGHJ4*02	IGHA1	TGTGCGAGAGCGCGAGGGAGTAGCATTTGGTACGCCCTTGACTACTGG	34459
3334	IGHV3-53*01	IGHJ3*02	IGHA1	TGTGCGAGAGATCTGATCTCGCGTTATACACACATGTGGGCTTTTGATATCTGG	36751
3362	IGHV3-48*02	IGHJ4*02	IGHA1	TGCGCGAAAATTAGGGATGGCAGCTCGTCAATCGGGCACTACTGG	34186
3378	IGHV1-18*04	IGHJ4*02	IGHA1	TGTGCGAGAGCGGACTCTAGACCTTATCACTATGACACTCGTGGAAATCCCGTTGACCAGTGG	1871
3404	IGHV3-74*01	IGHJ5*02	IGHA1	TGTACAACCTTCGCTTCTACAGTGCCCACCTGG	45407
3529	IGHV3-74*01	IGHJ4*02	IGHA1	TGTATAAAAGTCCCAGAGTACTGG	43823
3559	IGHV3-53*02	IGHJ3*02	IGHA1	TGTGCGGCAGTGGGAACTACTAGAGATAGGGATGCTTTTGATATTTGG	36704
3579	IGHV3-48*01	IGHJ4*02	IGHA1	TGTGCGAGACCCTCCTCGGAGCTACTCTTGTGGTACTCTGACTACTGG	34382
3602	IGHV3-23*01	IGHJ4*02	IGHA1	TGTGCGAGGCTGACTATACCAGTGGCTGGGATAACTCCATACTTTGACTACTGG	27023
3641	IGHV3-49*05	IGHJ4*02	IGHA1	TGTTCTAGACTTAGAGTAGTGGTCCGGGTGCCCAAAGCCAACTATAGCAGCAACTGGTACTTTGAGGACTGG	36286
3754	IGHV3-7*01	IGHJ4*02	IGHA1	TGTGCGAAGTACAGTGGTGCCTACTCCTTTGAGTCCTGG	39646
3804	IGHV3-23*01	IGHJ6*02	IGHA1	TGTGCGAAGACCCTTCCGGCTCTAAATACACGACAAAACTACTATCATGGCATGGACGTTTGG	28808
3818	IGHV3-23*01	IGHJ6*02	IGHA1	TGTGCGAAGACCCTTCCGGCTCTAAATACACGACAAAACTACTATCATGGCATGGACGTCTGG	28808
3958	IGHV3-7*01	IGHJ4*02	IGHA1	TGTGCGAGACTCCTGGATCGACGTGGATACAACTTTGGTTACGACTACTGG	40718
4007	IGHV3-7*01	IGHJ4*02	IGHA1	TGTGCGGCCTTGGATACAGCTCCGGGTCGTGTTGGCGGCTACTGG	40215
4047	IGHV3-7*01	IGHJ4*02	IGHA1	TGTGCGAGAGGTAGTGGGAGCTATTACAGGCACTGG	39493
4135	IGHV3-15*01	IGHJ4*02	IGHM	TGTACCACAGACTACCAGTATTACTATGGTTTGGGGAGTTATTATAATCTTGACTACTGG	20675
4143	IGHV3-15*01	IGHJ5*02	IGHA1	TGCACCACCTCCCTAGCGTTTGACAGTAGTGGTCATTACCATGGCCACTGGTTCGGCCCCTGG	20974
4197	IGHV3-21*06	IGHJ5*02	IGHA1	TGTGCGAGCGAGTTTAGCAGTGGCTGGTTCACCCAGGGCTTGGCTCACCGCTGG	22846
4299	IGHV3-72*01	IGHJ3*02	IGHA1	TGTGTTAAAGATGACCCGAACCTTCCTGGGACCTTTGATATCTGG	42168
4301	IGHV3-72*01	IGHJ3*02	IGHA1	TGTGTTAAAGATGACCCGAACCTTCCTGGGACCTTTGATATCTGG	42168
4318	IGHV5-51*03	IGHJ3*02	IGHA1	TGTGTGAGAAACGGTTGTAGTGGTGGTGCCTGCTTCGATATCTGG	66308
4357	IGHV3-53*01	IGHJ4*02	IGHA1	TGTGCGAGAGAGGGAAGAAGAGATGTGGACAATGGCAGGTATAACTATGACTACTGG	37798
4605	IGHV3-74*01	IGHJ6*02	IGHA1	TGTGTAAGGGGTACCGTTGGCTGGAGTGGTGTGGACGTCTGG	45805
4608	IGHV3-74*01	IGHJ6*02	IGHA1	TGTGTAAGGGGTACCGTTGGCTGGAGTGGTGTGGACGTCTGG	45805
4640	IGHV3-74*01	IGHJ4*02	IGHA1	TGTGCAAGAGATGTCGGTGGGAGGTCCGGCTACTGG	44097
4650	IGHV3-74*01	IGHJ4*02	IGHA1	TGTGCAAGAGATGTCGGTGGGAGGTCCGGCTACTGG	44097
4713	IGHV3-74*01	IGHJ4*02	IGHA1	TGTGTAAGAGATTTCGTGGGACCGAGGGACTACTGG	44090
4759	IGHV3-74*01	IGHJ4*02	IGHA1	TGTGCAAGGGCGTCCGGAGATAAATATGACAATAGGAGGCCCTTCGACTACTGG	45252
4864	IGHV3-53*01	IGHJ5*02	IGHA1	TGTGCGAGAGGGCGATCGGGTGGCCCAAGGTTCGACCCCTGG	37931
4896	IGHV3-74*01	IGHJ4*02	IGHA1	TGTACAAGAGGCGGTGACACCGAGATTTTTGACTTCTGG	44296
4941	IGHV3-74*01	IGHJ4*02	IGHA1	TGTGTAAGAGACTGTTGTGGGACGTTCGGTGACGACTGG	44453
5059	IGHV3-53*01	IGHJ3*02	IGHA1	TGTACGAGAGATGACGGGAGATCCTTGATTCATATCTGG	36606
5061	IGHV3-53*01	IGHJ3*02	IGHA1	TGTACGAGAGATGACGGGAGATCCTTGATTCATATCTGG	36606
5104	IGHV5-51*03	IGHJ3*02	IGHA1	TGTGTGAGACACACTAATGCCGATCCCCAGCCTTTTGATATCTGG	66309
5127	IGHV3-9*01	IGHJ4*02	IGHA1	TGTGTAAAAGATATTTCCAGTGGTAACTGGATCTTTGACTCCTGG	46924
5136	IGHV3-23*01	IGHJ4*02	IGHA1	TGTGCGAAGTCGAATATTGCACATCGCTTATCGCTCTGTTTTGACCAGTGG	26587
5214	IGHV3-74*01	IGHJ6*02	IGHA1	TGTGCAAGAGTCTACCCCGCTAATATGGACGTCTGG	45744
5261	IGHV3-73*02	IGHJ5*02	IGHA1	TGTTCCTCTCGAGTGGGAACTACTGCTGCCTGG	43282
5335	IGHV3-9*01	IGHJ3*02	IGHA1	TGTGTAAAACCTATGGAGAAGAATGATGTTTTGACGGAGGAGTTTTTTGATATCTGG	46528
5365	IGHV3-9*01	IGHJ4*02	IGHM	TGTGCAAAAGCGTATTGTAGTAGTAGTATTGCCTGCTCCCCTGCGACTACTGGG	47594
5390	IGHV3-7*01	IGHJ4*02	IGHA1	TGTGCGAGTGGCTTTCCTCCTACCAGTGGCTATTACGACTACTGG	40211
5392	IGHV3-7*01	IGHJ4*02	IGHA1	TGTGCGAGTGGCTTTCCCCCTACCAGTGGCTATTACGACTACTGG	40211
531	IGHV1-2*02	IGHJ6*02	IGHA1	TGTGCGAGGGGAGGACCTAGCGCCTACGATGGGGGCCTTGGGGACCACCACAAGCTGGACGTCTGG	7706
668	IGHV1-18*04	IGHJ1*01	IGHA1	TGTGCGCGAGATCTAGTGGGATCATTTTCCCGCAAAGGACACCAGAACTGG	23
716	IGHV3-7*01	IGHJ6*02	IGHA1	TGTGCGAGACCAATGCGTCCGTATGGCAGCAGCTGGGCAACGGACGTCTGG	41788
756	IGHV4-39*01	IGHJ4*02	IGHA1	TGTGCGACTTCAACGTGGGTACAACAATGGAAATCAGCCCCTCACAGGTTTGACGTCTGG	57244
939	IGHV4-39*01	IGHJ5*02	IGHA1	TGTGCGAGACGCTTGGGCTCGTGGGACATCAACTGGTTCGACCCCTGG	58295
970	IGHV4-39*08	IGHJ5*02	IGHA1	TGTGCGAGACATGAGACGATTTTCGAAGCATCAGCTGCTGTGGGTTTCGACCCCTGG	58778
1099	IGHV1-18*01	IGHJ4*02	IGHA1	TGTGCGAGAGGCCCTCATTCATCAATAGGTGACTATGACTCCTGG	946
1305	IGHV1-69*06	IGHJ4*02	IGHA1	TGCGCGACAAACCATAAATATAGTAGCCCTTGGGGGCCCTTTGACTTCTGG	11555
1345	IGHV3-11*01	IGHJ4*02	IGHA1	TGTGCGAGAAAAAAGATAGTGGGTGGCCCCGGGGCCCTCTACTACTGG	17892
1560	IGHV4-59*01	IGHJ6*02	IGHA1	TGTGCGAGATATCAGTTTTGGACCGTCGGGCGACCCTACGCTTTGGACGTCTGG	64453
1563	IGHV4-34*02	IGHJ2*01	IGHA1	TGTGCGAGGGACTCTGGCGTGGTGCGCGGTCCTGTTCTAATCACTGGTGGGGATCCACACTTCGATCAGTGG	50253
1765	IGHV4-59*11	IGHJ5*02	IGHA1	TGTGCGGGCTATCTGGGGGAATTAAGACTGGGGTTCGACCCCTGG	63917
1769	IGHV4-59*11	IGHJ5*02	IGHA1	TGTGCGGGCTATCTGGGGGAATTAAGACTGGGGTTCGACCCCTGG	63917
1775	IGHV4-4*07	IGHJ3*02	IGHA1	TGTGCGAGAGATTTTTACGGTGGTACCTCTGATGCTTTTGATATCTGG	60113
1782	IGHV4-59*01	IGHJ3*02	IGHA1	TGTGCGAGCGGCATGGACCGTGCGAAAATCCACATCTGG	61928
1886	IGHV4-59*01	IGHJ6*02	IGHA1	TGTGCGAGAGGCCCTATTACGGAGGTAACTGATTACGGTATGGACGTCTGG	64395
1969	IGHV4-61*01	IGHJ2*01	IGHA1	TGCGCGAGAAGTCTCCGGTATTGTGGTGGTGGTACCTGCTACTCCTGGTACTTCGATCTGTGG	64784
2005	IGHV4-34*02	IGHJ6*02	IGHA1	TGTGCGAGAGGCCTGCGGTCTTTGACATGGTCCGGGGAGCGGGCCTTCTACTTCTATTACGCGATGGACGTCTGG	52938
2041	IGHV1-46*01	IGHJ4*02	IGHA1	TGTGCGAGAGGAGGGCGGCCAAGTGACGGTATCTACAGAGCGCCATGGGAGTTCTGG	9539
2108	IGHV1-69*01	IGHJ6*02	IGHA1	TGTGCGAGCACGGAGGCTTTCGGGTTCTTCGCTATGGATGTCTGG	12910
2170	IGHV1-2*02	IGHJ4*02	IGHA1	TGTGCGAGAACACTGACAATCCGTGACAGTACTGGGCAGGTGGACTACTGG	5279
2233	IGHV1-2*02	IGHJ4*02	IGHA1	TGTGCGAGAGGGAATTACGATATTTTGACCCTTGACTACTGG	4438
2244	IGHV1-69*01	IGHJ6*02	IGHA1	TGTGCGAGAGATATCGCAGACGCTAAAGGGCGAGACTTTTCCTTTGGTTATTCCGGTATTGACGTCTGG	13614
2251	IGHV1-69*01	IGHJ6*02	IGHA1	TGTGCGAGAGATATCGCAGACGCTAAAGGGCGAGACTTTTCCTTTGGTTATTCCGGTATGGACGTCTGG	13614
2260	IGHV1-8*01	IGHJ1*01	IGHA1	TGTGCGAGACAGAATAACTACGGGGAATTCCAGCACTGG	14002
2291	IGHV3-11*01	IGHJ4*02	IGHA1	TGTTCGAGAGATCCAAGGCGCCTGCCCTACTGG	17535
2388	IGHV3-30*18	IGHJ4*02	IGHA1	TGTGCGAAAGAACAGGACTACGGTGACTTCTCTGACTACCGG	29442
2415	IGHV4-34*01	IGHJ6*02	IGHA1	TGTGCTAGAGGCCTTCGGTCTGTGGAGTGGACCGGGGACGGGGCTTTTGCTTTCTATTACGGAATGGACGTCTGG	52971
2600	IGHV4-59*11	IGHJ4*02	IGHA1	TGTGCGAGATATCCCGACCGCGCCGGTGGGACCTTTGATTACTGG	62944
2667	IGHV3-53*02	IGHJ4*02	IGHA1	TGTGCGGGAGATACAGCTTGGGGGAGAGTCTTCCACTGG	37159
2670	IGHV3-53*02	IGHJ4*02	IGHA1	TGTGCGGGAGATACAGCTTGGGGGAGAGTCTTCCACTGG	37159
2709	IGHV3-11*01	IGHJ4*02	IGHA1	TGTGCGAGAGATGGCCCTGTGTTTGGTTTTGACTATTGG	17609
2786	IGHV6-1*01	IGHJ5*02	IGHA1	TGTGCCAGAGATCGGGCTCTTACTCCCGGAATGGCAATTGCTACAGACAACTGGTTCGACCCCTGG	70741
2886	IGHV3-30*18	IGHJ4*02	IGHA1	TGTGCGAAAGATTGGCAGCCTTATAACTGGAACTACCATGGGGTCTTTGACTCTTGG	30491
2917	IGHV1-46*02	IGHJ6*02	IGHA1	TGTGCGAAAGATTGGGGGGCGATAGGATCGGTTATTACCGAACCGGGGATATTCGGTATGGACGTCTGG	10165
3000	IGHV1-18*04	IGHJ4*02	IGHA1	TGTGCGAGAGATACGTCCTATAGCAGTGGCTGGGGGTTTGACTTTTGG	1023
3182	IGHV3-33*05	IGHJ4*02	IGHA1	TGTGCGAGAAGTTATGACAGTAGTGGCTACAGAGGCCAGTTTGACCACTGG	32420
3201	IGHV1-18*04	IGHJ4*02	IGHA1	TGTGCGAGAGATACATCCTATAACAATGGCTGGGGACTTGACTACTGG	1023
3276	IGHV2-5*01	IGHJ3*01	IGHA1	TGTGCACACATATCCACACCTATGTCTTCGGGATATGATACTTTTCATGTCTGG	15677
3300	IGHV3-53*01	IGHJ4*02	IGHA1	TGTGCCACACTGAACCATTTGAGCAGGGGCTTCTTTGACCGCTGG	37358
3369	IGHV3-48*01	IGHJ4*02	IGHA1	TGTGCGAGACCCTCCTCGGAGCTACTCTTGTGGTACTCTGACTCCTGG	34382
3480	IGHV3-48*02	IGHJ4*02	IGHA1	TGCGCGAAAATTAGGGATGGCAGCTCGTCAATCGGGCACTACTGG	34186
3594	IGHV3-23*01	IGHJ4*02	IGHA1	TGTGCGAAAGATCTGGGGGCTAACGGAGTGGGAGCTACTTTGGACTACTGG	26380
3614	IGHV3-15*01	IGHJ4*02	IGHA1	TGTACGACTGACCGGAGTTATGGTTACTACTCTGCCCACTGG	19951
3681	IGHV3-21*01	IGHJ4*02	IGHA1	TGTGCGAGAGAACGAGCGGGTTACTACCTTGACTGTTGG	21767
3979	IGHV3-20*01	IGHJ6*02	IGHA1	TGTGCGAGACCCTTTGTTACTCATCACTATTTCTACGGTATGGACGTCTGG	21347
3983	IGHV3-20*01	IGHJ6*02	IGHA1	TGTGCGAGACCCTTTGTTACTCATCACTATTTCTACGGTATGGACGTCTGG	21347
4015	IGHV3-7*01	IGHJ4*02	IGHA1	TGTGCGAGACTCCTGGATCGACGTGGATACAACTTTGGTTACGACTACTGG	40718
4048	IGHV3-7*01	IGHJ4*02	IGHA1	TGTGCGAGAGGTAGTGGGAGCTATTACAGGCACTGG	39493
4124	IGHV3-48*01	IGHJ4*02	IGHA1	TGTGCGAGGACTTTTTGTAATGATACCAACTGCTTCTACTTTGACGACTGG	34648
4157	IGHV3-7*01	IGHJ4*02	IGHM	TGTGCGAGAATTGGTTATAGCAGCTCGTCTTTTGACTACTGG	39974
4293	IGHV3-72*01	IGHJ3*02	IGHA1	TGTGTTAAAGATGACCCGAACCTTCCTGGGACCTTTGATATCTGG	42168
4300	IGHV3-72*01	IGHJ3*02	IGHA1	TGTGTTAAAGATGACCCGAACCTTCCTGGGACCTTTGATATCTGG	42168
4335	IGHV3-53*01	IGHJ4*02	IGHA1	TGTGCGAGCCCCCATGGTAGTAGTGGTTATTACTATCTTGACTACTGG	37593
4426	IGHV3-73*02	IGHJ4*02	IGHA1	TGTACTAGACATTTGTCTGGTGGCCCCCCCAATGACTACTGG	43065
4431	IGHV3-73*02	IGHJ4*02	IGHA1	TGTACTAGACATTTGTATGGTGGCCCCCCCAATGACTACTGG	43065
4503	IGHV3-74*01	IGHJ4*02	IGHA1	TGTGCAAGAGGGACTACGGTGACTAAAACCTTTGACTACTGG	44588
4589	IGHV3-74*01	IGHJ4*02	IGHA1	TGTACAAGAGGCTATGATAACGCTTGGGGGAGTCATCCCTTTGACTACTGG	45103
4609	IGHV3-74*01	IGHJ6*02	IGHA1	TGTGTAAGGGGTACCGTTGGCTGGAGTGGTGTGGACGTCTGG	45805
4677	IGHV3-74*01	IGHJ4*02	IGHA1	TGTGTAAGAGATTTCGTGGGACCTAGGGACTACTGG	44090
4718	IGHV3-74*01	IGHJ1*01	IGHA1	TGCACAAGAGTGGGGGATTTTGATGCAAGTGGTTATTACGGATTTTCCCAGTACTGG	43461
4733	IGHV3-7*01	IGHJ4*02	IGHA1	TGTGCGAGAGACAGTCTACGGAGGTTTGACTTCTGG	39412
4811	IGHV3-7*01	IGHJ6*02	IGHA1	TGTGCGAGGCGGTATTACTATGATAATGGTGGTGGTTGCGGTCTGGACGTCTGG	41842
4821	IGHV3-21*01	IGHJ4*02	IGHA1	TGTGCGAGATGTGGGCACCGGTGGTACCATGACTACTGG	21815
4827	IGHV3-21*01	IGHJ4*02	IGHA1	TGTGCGAGATGTGGGCACCGGTGGTACCATGACTACTGG	21815
4859	IGHV3-53*01	IGHJ5*02	IGHA1	TGTGCGAGAGGGCGATCGGGTGGCCCAAGGTTCGACCCCTGG	37931
4879	IGHV3-74*01	IGHJ4*02	IGHA1	TGTGTAAGAGGGTCTCATAACAGTTATTCTGACCACGTCCTCTTTGACTATTGG	45263
4880	IGHV3-74*01	IGHJ4*02	IGHA1	TGTTTAAGAGGGTCTCATAACAGTTATTCTGACCACGTCCTCTTTGACTATTGG	45263
4942	IGHV3-74*01	IGHJ4*02	IGHA1	TGTGTAAGAGACTGTTGTGGGACGTTCGGTGACGACTGG	44453
5213	IGHV3-74*01	IGHJ6*02	IGHA1	TGTGCAAGAGGCTACCCCGCTAATATGGACGTCTGG	45743
5255	IGHV3-73*02	IGHJ5*02	IGHA1	TGTTCCTCTCGAGTGGGAACTACTGCTGCCTGG	43282
5279	IGHV3-73*02	IGHJ4*02	IGHM	TGTAAGACTTGGCTAGAACCTTTTGACTACTGG	42988
5344	IGHV3-9*04	IGHJ4*01	IGHM	TGTGCAAAAGAACCGAACAGATATAGTGGCTACGATTTTATTGACTTTTGG	47270
5447	IGHV3-7*01	IGHJ5*02	IGHA1	TGTGCGAGAGAACCCACGCCCCTCACATCTTATTCTGCAGGAGGCGCTTATTATTCTTTCGACCTCTGG	41616
574	IGHV4-4*12	IGHJ5*02	IGHA1	TGTGCGAAGTTTACGGATGGAGACTTAATTTTGGGCAGCTGGCTCGACCCCTGG	61257
590	IGHV3-23*01	IGHJ4*02	IGHG1	TGTGCGAAAGATCGTGGCGATTTTTGGAAAAGCAAAGACTACTGG	25182
600	IGHV3-53*01	IGHJ4*02	IGHA1	TGTGCGAGCCCCCATGGTAGTAGTGGTTATTACTATCTTGACTACTGG	37593
859	IGHV4-39*01	IGHJ5*02	IGHA1	TGTGCGAGACCGTTGAGGGGTTCGACTACGGGATTCGACCCCTGG	58132
1002	IGHV4-39*08	IGHJ6*02	IGHA1	TGCGCGAGATCTGCGCGGGTGATTACGAACAAAGTAGTGGTTACGTCGCACGGTTTGGACGTCTGG	59805
1054	IGHV1-18*04	IGHJ1*01	IGHA1	TGTGCGCGAGACGCCATCAGTATGATACTAGCGCTTAACCCCGCTGAATACTTCCAACACTGG	46
1267	IGHV1-2*02	IGHJ4*02	IGHA1	TGTGCGAAAAATCCCACTACCGGCAGCTGGTACCCATATGACTTTGACTACTGG	5570
1295	IGHV1-69*06	IGHJ4*02	IGHA1	TGCGCGACAAACCATAAATATAGCAGCCCTTGGGGGCCCTTTGACTTCTGG	11555
1312	IGHV1-2*02	IGHJ4*02	IGHA1	TGTGCGAGAGAGGGGGGCTACAATTCTGGGGAGGCAATTGACTACTGG	5051
1326	IGHV3-30*18	IGHJ6*03	IGHA1	TGTGCGAAGACCCGGGACGATTTTTGGAGTGGTTACGACTTCGACATGGACGTCTGG	31270
1335	IGHV3-30*18	IGHJ4*02	IGHA1	TGTGGGAAGGACTTCTCACAACTTAGTAGAATAATTGACTCCTGG	29706
1476	IGHV1-8*01	IGHJ4*02	IGHA1	TGTTCGAGAGCGGGTCTCATGGCTGCCTTGGGGGACTTCTGG	14378
1542	IGHV1-2*02	IGHJ3*02	IGHA1	TGTACGAGGAGGCGCCTTGATAGTAATGATGGTTTTGATATCTGG	3375
1566	IGHV4-34*02	IGHJ2*01	IGHA1	TGTGCGAGGGACTCTGGCGTGGTGCGCGGTCCTGTTCTAATCACTGGTGGGGATCCACACTTCGATCAGTGG	50253
1609	IGHV4-61*01	IGHJ6*02	IGHA1	TGTGCGACCTTGCGTTTGGAGCAGATATCTTTTAGCCATCACTATTACGGTTTGGACGTCTGG	65887
1689	IGHV4-61*01	IGHJ6*02	IGHA1	TGTGCGAGAGTACAAGGGCAGTCATACTTCTACTACTACGGTATGGACGTCTGG	65809
1712	IGHV4-61*03	IGHJ6*02	IGHA1	TGTGCGAGAGACTACAATAGCGGCGACTACGGTATGGACGTCTGG	65762
1723	IGHV4-4*07	IGHJ5*02	IGHA1	TGTGCGAGAGGTCTCGGTGGTTATTACTACCAAGACACCTGG	61120
1725	IGHV4-4*07	IGHJ5*02	IGHA1	TGTGCGAGAGGTCTCGGTGGTTATTACTACCAAGACACCTGG	61120
1729	IGHV4-4*07	IGHJ5*02	IGHA1	TGTGCGAGAGGTCTCGGTGGTTATTACTACCAAGAGACCTGG	61120
1768	IGHV4-59*11	IGHJ5*02	IGHA1	TGTGCGGGCTATCTGGGGGAATTAAGACTGGGGTTCGACCCCTGG	63917
1802	IGHV4-59*01	IGHJ6*02	IGHA1	TGTGCGAGAGGCCCTATTACGGAGGTAACTGATTACGGTATGGACGTCTGG	64395
1924	IGHV4-61*01	IGHJ4*02	IGHA1	TGTACGACAGGTTCAGACGCCTACAAGTTGCACTACTGG	64961
1948	IGHV4-4*07	IGHJ6*02	IGHA1	TGCGCGAGAGGGGGGAGTGTTGAAGGTACTGGGGCATACTACGGTTTGGACGTCTGG	61558
2032	IGHV1-46*01	IGHJ4*02	IGHA1	TGTGCGAGAGGAGGGCGGCCAAGTGACGGTATCTACAGAGCGCCATGGGAGTTCTGG	9539
2144	IGHV1-46*01	IGHJ3*02	IGHA1	TGTGCGAGAGGTAGAAATGGCTACAACTGGTACGCTTTTGATATCTGG	8555
2202	IGHV1-2*02	IGHJ4*02	IGHA1	TGTGCGAGAACAAGCTACGGTGACAAAGTGGGTGCTGATGACTGCTGG	4996
2256	IGHV1-8*01	IGHJ1*01	IGHA1	TGTGCGAGACAGAATAACTACGGGGAATTCCAGCACTGG	14002
2297	IGHV3-11*01	IGHJ5*02	IGHA1	TGTGCGAGACGTGGGGATGGTTCGGGACCGACGTTCGACCCCTGG	18326
2306	IGHV3-11*01	IGHJ5*02	IGHA1	TGTGCGAGACGGGGGGATGGGTCGGGACCGACGTTCGACCCCTGG	18326
2316	IGHV3-30*18	IGHJ4*02	IGHA1	TGTGCGAAACGAAGAAGGGGGGGTGACGCCACACTAGATTGGTTCTTGGACTACTGG	30428
2319	IGHV3-30*18	IGHJ4*02	IGHA1	TGTGCGAAACGAAGAAGGGGGGGTGACGCCACACTAGATTGGTTCTTGGACTACTGG	30428
2360	IGHV3-33*06	IGHJ4*02	IGHA1	TGTGCGAAATCAAGTCGCGATTTTTGGAGTGGTCCCCGGGACCACTACTTTGACTCGTGG	32648
2375	IGHV3-11*01	IGHJ4*02	IGHA1	TGTGCGAGAGATAAGGACGATGACAACGGTGATACAGTCTTTGACTTCTGG	18015
2423	IGHV4-34*01	IGHJ6*02	IGHA1	TGTGCTAGAGGCCTTCGGTCTGTGGAGTGGACCGGGGACGGGGCTTTTGCTTTCTATTACGGAATGGACGTCTGG	52971
2428	IGHV4-34*01	IGHJ6*02	IGHA1	TGTGCTAGAGGCCTTCGGTCTGTGGAGTGGACCGGGGACGGGGCTTTTGCTTTCTATTACGGAATGGACGTCTGG	52971
2522	IGHV4-34*02	IGHJ4*02	IGHA1	TGTGCGAGGGGATTTCGGTCCAATCTTCGCTTTGACTACTGG	50848
2623	IGHV1-46*01	IGHJ4*02	IGHA1	TGTGCGAGGCCTCACTGTGATCGTGACTGCTTTGGCCCACGTTTTGACCACTGG	9407
2626	IGHV1-46*04	IGHJ4*02	IGHA1	TGTGCGAGAAATCTGGTGGGACCTACGGGGCTTGGTTACTGG	8880
2717	IGHV3-11*01	IGHJ4*02	IGHA1	TGTGCGAGAGATGCCCTTGTGTTTACTTTTGACTATTGG	17609
2809	IGHV6-1*01	IGHJ4*01	IGHA1	TGTGCTAGAGGAGGGTGTGTATTGGGGAGTAACATATGCGCTCCCTTTGACTCCTGG	70525
2835	IGHV4-28*07	IGHJ3*02	IGHA1	TGTGCGAGAAGTCCGGATAGATATGGCAAACCAGAGGCTTTTGATATCTGG	48907
2856	IGHV1-18*04	IGHJ1*01	IGHA1	TGTGCGCGAGATCTAGTGGGATCATTTTCCCGCAAAGGATTCCAGAACTGG	23
2870	IGHV3-33*06	IGHJ4*02	IGHA1	TGTGCGAAATCAAGTCGCGATTTTTGGAGTGGTCCCCGGGACCACTACTTTGACTCGTGG	32648
3150	IGHV3-11*01	IGHJ5*02	IGHA1	TGTGCGAAAGATCGCAGTCGCAGTGGCTTGTACGGGGGGTTTCGGTTTCTTCGTCCTCTAAACCACTGG	18446
3181	IGHV3-33*05	IGHJ4*02	IGHA1	TGTGGGAGAAGTTATGACAGTAGTGTCTACAGAGGCCAGTTTGACCACTGG	32420
3248	IGHV3-23*01	IGHJ4*02	IGHA1	TGCGCGAAATTTTACCGAGCAGAGGCTGGTACGGTTAAGAGGGCGGTCGACCATAAAAGAATTGACTCCTGG	27846
3284	IGHV3-15*01	IGHJ4*02	IGHA1	TGTGTCACAGTGGGGTGGCATATGAATTATTATGAGAGTAGTGGTTACGCTGACCACTGG	20721
3340	IGHV3-53*01	IGHJ3*02	IGHA1	TGTGCGAGATATCTGATCTCGCGTTATACACACATGTGGGCTTTTGATATCTGG	36751
3345	IGHV3-53*01	IGHJ3*02	IGHA1	TGTGCGAGAGATCTGATCTCGCGTTATACACACATGTGGGCTTTTGATATCTGG	36751
3449	IGHV3-7*01	IGHJ4*02	IGHM	TGTGCGGGCATGCATAGCAGCTATTGGTACGTGGAGGGGACTGACTATTGG	40845
3516	IGHV3-53*01	IGHJ4*02	IGHA1	TGTGCGAGCCCCCATGGTAGTAGTGGTTATTACTATCTTGACTACTGG	37593
3527	IGHV3-74*01	IGHJ4*02	IGHA1	TGTATAAAAGTCCCAGAGTACTGG	43823
3545	IGHV3-7*01	IGHJ4*02	IGHA1	TGTGCGAGAGGGAGATATTTTGGGGACTACTGGTATTATTTTGACTACTGG	40780
3647	IGHV3-15*01	IGHJ4*02	IGHA1	TGTACGACTGACCGGAGTTATGGTTACTACTCTGCCCACTGG	19951
3659	IGHV3-15*01	IGHJ4*02	IGHA1	TGTACGACTGACCGGAGTTATGGTTACTACTCTGCCCACTGG	19951
3666	IGHV3-21*01	IGHJ4*02	IGHA1	TGTGCGAGAGAACGAGCGGGTTACTACCTTGACTGTTGG	21767
3719	IGHV3-30*18	IGHJ4*02	IGHA1	TGTGTGAAGGACAGCGGCACTGGCTGGTACTTCCCAGGTCCCTATTGG	29950
3798	IGHV3-23*01	IGHJ4*02	IGHA1	TGTGCGAAGAAGGGAGCCAGTACCTCCGAGTTCTACTTTGACTATTGG	25557
3801	IGHV3-23*01	IGHJ4*02	IGHA1	TGTGCGAAGAAGGGAGCCAGTACCTCCGAGTTCTACTTTGACTATTGG	25557
4086	IGHV3-48*02	IGHJ4*02	IGHA1	TGTGCGAGAGGTCAAACCTATGTGGACCAATGG	33773
4247	IGHV3-21*01	IGHJ2*01	IGHA1	TGTGCGAGAGGGGAGACCCGCTTCGATCTCTGG	21390
4285	IGHV3-21*01	IGHJ4*02	IGHA1	TGTGCGAGAGATCTCCGGGGAAACAACTATGCGATTGACTACTGG	21999
4397	IGHV3-73*02	IGHJ4*02	IGHA1	TGTAATCCACTCGCCGGTGACTTTGACGTAATG	42989
4400	IGHV3-73*02	IGHJ4*02	IGHA1	TGTACTAGCCAAAGCCGTCAAGCAGTGGCTGTAGACTACTGG	43077
4419	IGHV3-73*02	IGHJ4*02	IGHA1	TGTACTAGACATTTGTATGGTGGCCCCCCCAATGACTACTGG	43065
4446	IGHV3-73*02	IGHJ3*02	IGHM	TTTACTCGAGACGACTACGGTGACTACGGTGCCGATGCTTTTGATATGTGG	42930
4468	IGHV3-74*01	IGHJ3*02	IGHA1	TGTGCAACCTTGGCGGATACCTCTCGCGGAGCTTTTGATATGTGG	43615
4472	IGHV3-74*01	IGHJ3*02	IGHA1	TGTGCAACCTTGGCGGATACCTCCCGCGGAGCTTTTGATATCTGG	43614
4495	IGHV3-74*01	IGHJ4*02	IGHA1	TGTGCAAGAGGGACTACGGTGACTAAAACCTTTGACTACTGG	44588
4550	IGHV3-74*01	IGHJ3*02	IGHA1	TGTGCAACCTTGGCGGATACCTCCCGCGGAGCTTTTGATATCTGG	43614
4657	IGHV3-74*01	IGHJ4*02	IGHA1	TGTGCAAGAGATGTCGGTGGGAGGTCCGGCTACTGG	44097
4720	IGHV3-74*01	IGHJ1*01	IGHA1	TGCACAACAGTGGGGGATTTTGATGCAAGTGGTTATTACGGATTTTCCCAGTACTGG	43461
4728	IGHV3-21*01	IGHJ2*01	IGHA1	TGTGCGAGAGGGGAGACCCGCTTCGATCTCTGG	21390
4734	IGHV3-48*01	IGHJ4*02	IGHM	TGTGCGAAAGATCCAGACCCCCAGTGGTTTGACTACTGG	33884
4848	IGHV3-49*03	IGHJ4*02	IGHA1	TGTGCAAGGGGTCGACCAGGTCGTACAGGATACTACTTTGACTATTGG	36031
4990	IGHV3-23*01	IGHJ4*02	IGHA1	TGTGCGAAAGTGCGTTTCGGGAGTTGGTACTACTTTGACTCCTGG	25302
4991	IGHV3-23*01	IGHJ4*02	IGHA1	TGTGCGAAAGTGCGTTTCGGGAGTTGGTACTACTTTGACTCCTGG	25302
4993	IGHV3-23*01	IGHJ4*02	IGHA1	TGTGCGAAAGTGCGTTTCGGGAGTTGGTACTACTTTGACTCCTGG	25302
5028	IGHV3-7*01	IGHJ1*01	IGHA1	TGTGCGAGAGTCCAATCCGGTTCTTTCCAGCACTGG	38411
5089	IGHV3-74*01	IGHJ4*02	IGHA1	TGTGCAAGAGGCTGGTTAGTGGGAGCTGACTCCTTTGGCTACTGG	44715
5215	IGHV3-74*01	IGHJ6*02	IGHA1	TGTGCAAGAGGCTACCCCGCTAATATGGACGTCTGG	45743
5224	IGHV3-21*07	IGHJ4*02	IGHA1	TGTGCGCGAGGAATTTCGAAGTCCGGAGCAATCTGG	21740
5227	IGHV3-21*07	IGHJ4*02	IGHA1	TGTGCGCGAGGAATTTCGAAGTCCGGAGCAATCTGG	21740
5276	IGHV3-73*02	IGHJ4*02	IGHM	TGTAAGACTTGGCTAGAACCTTTTGACTACTGG	42988
5454	IGHV3-7*01	IGHJ5*02	IGHA1	TGTGCGAGAGAACCCACGCCCCTCACATCTTATTCTGCAGGAGGCGCTTATTATTCTTTCGACCTCTGG	41616
549	IGHV1-69*01	IGHJ6*02	IGHA1	TGTGCGAGCACGGAGGCTTTCGGGTTCTTCGCTATGGACGTCTGG	12910
561	IGHV4-34*01	IGHJ1*01	IGHG3	TTTGCGAGAGGCGGGGCGTATTCCTATGATAAGAATCAGTTCCAACACTGG	50126
582	IGHV3-21*01	IGHJ6*02	IGHG1	TGTGCGAGAGAAGAGATACCTGAATGGGAAAAATATGTCCAGTACCACTACGGTATGGACGTCTGG	23215
583	IGHV3-23*01	IGHJ5*02	IGHG1	TGTGCGCAGGAGGATCTCTATCATGGTAGTGGTTACTCGTGGTTCGACCCCTGG	28212
683	IGHV3-11*01	IGHJ4*02	IGHA1	TGTGCGAGAGATGGCCCTGTGTTTGGTTTTGACTATTGG	17609
742	IGHV4-39*01	IGHJ4*02	IGHA1	TGTGCGACTTCAACGTGGGTACAACAATGGAAATCAGCCCCTCACAGGTTTGACGTCTGG	57244
773	IGHV6-1*01	IGHJ5*02	IGHA1	TGTGCCAGAGATCGGGCTCTTACTCCCGGAATGGCAATTGCTACAGACAACTGGTTCGACCCCTGG	70741
1009	IGHV4-39*08	IGHJ6*02	IGHA1	TGCGCGAGATCTGCGCGGGTGATTATGAACAAAGTAGTGGTTACGTCGCACGGTTTGGACGTCTGG	59805
1016	IGHV4-39*01	IGHJ5*02	IGHG1	TGTGCGACATCGGAACGCTTTTTGGGGGACTTACCCCAAATCAACTGGTTCGACCCCTGG	58862
1061	IGHV1-8*01	IGHJ4*02	IGHA1	TGTTCGAGAGCGGGTCTCATGGCTGCCTTGGGGGACTTCTGG	14378
1209	IGHV4-59*02	IGHJ3*02	IGHA1	TGTGCAAAGTCGAAGGATCCGATCCTCGCAGCCTCTGCTTTTGATATCTGG	62059
1257	IGHV1-69*01	IGHJ5*02	IGHA1	TGTGTATCTGTTGACTGTGGTGAAGACTGTTACTCGCCTCACTGGTTCGACCCCTGG	12675
1268	IGHV1-2*02	IGHJ4*02	IGHA1	TGTGCGAAAAATCCCACTACCGGCAGCTGGTACCCATATGACTTTGACTACTGG	5570
1342	IGHV3-30*03	IGHJ4*02	IGHA1	TGTGCGAGAGGGGCACAGGCAGTGGCTGGAGATCTCCGACACTACTCTGATAGTACTCCTTATTCCGGCCTCCTTGACTACTGG	30816
1486	IGHV1-8*01	IGHJ4*02	IGHA1	TCGAGAGCGGGTCTCATGGCTGCCTTGGGGGACTTCTGG	14252
1547	IGHV1-2*02	IGHJ3*02	IGHA1	TGTACGAGGAGGCGCCTTGATAGTAATGATGGTTTTGATATCTGG	3375
1638	IGHV4-39*02	IGHJ3*01	IGHA1	TGTGCGAACTCCGGTGACTACAGTCATAATGCTTTTGATCTCTGG	53509
1703	IGHV4-30-4*09	IGHJ6*02	IGHA1	TGTGCGAGAATCAGGAAATATTGTGCTTCTGCCACCTGTTCGCACTACTACGACGGGATGGACGTCTGG	49975
1738	IGHV4-59*01	IGHJ6*02	IGHA1	TGTGCGCGAGCCCTCCAGTACTACTACGGAATGGACGTCTGG	64302
1750	IGHV4-4*07	IGHJ5*02	IGHA1	TGTGTGAGAGACCTGGAGTATTATTATGATGGCTTCGACCCGTGG	61154
1752	IGHV4-4*07	IGHJ5*02	IGHA1	TGTGTGAGAGACCTGGAGTATTATTATGATGGCTTCGACCCGTGG	61154
1754	IGHV4-4*07	IGHJ5*02	IGHA1	TGTGTGAGAGACCTGGAGTATTATTATGATGGCTTCGACCCGTGG	61154
2110	IGHV1-69*01	IGHJ6*02	IGHA1	TGTGCGAGCACGGAGGCTTTCGGGTTCTTCGCTATGGACGTCTGG	12910
2163	IGHV1-2*02	IGHJ4*02	IGHA1	TGTGCGAGAACACTGACAATCCGTGACAGTACTGGGCAGGTGGACTACTGG	5279
2357	IGHV3-33*06	IGHJ4*02	IGHA1	TGTGCGAAATCAAGTCGCGATTTTTGGAGTGGTCCCCGGGACCACTACTTTGACTCGTGG	32648
2396	IGHV1-46*01	IGHJ5*02	IGHA1	TGTGTCAGAGCTGAATTCTCCAACTGGTTCGACCCCTGG	9724
2563	IGHV1-46*01	IGHJ6*02	IGHA1	TGTGCGAGAGATAGGGGGCACATAGAATCAGTTATTACCGAACCGGGGTTATTCGGTATGGACGTCTGG	10165
2572	IGHV1-2*02	IGHJ2*01	IGHA1	TGTGCGAGGGCCGTTGGGTATGGTGGCAACTGGTACTTCGATCTCTGG	3213
2620	IGHV1-2*06	IGHJ6*02	IGHA1	TGTGCGGGGGTCACCTCTCCCGATGTTGACGCTGACTACGGAATTTTCACCCCCGATTTGGACCTCTGG	7773
2678	IGHV3-33*01	IGHJ6*02	IGHA1	TGTGCGAGTAGTTCGAGAGGTAGTAGTATCAGCTGTTATTCGTGGTTGTGTCAATTGTACGGTATGGACGTCTGG	33162
2712	IGHV3-11*01	IGHJ4*02	IGHA1	TGTGCGAGAGATGCCCTTGTGTACACTTTTGACTATTGG	17609
2777	IGHV6-1*01	IGHJ5*02	IGHA1	TGTGCCAGAGATCGGGCTCTTACTCCCGGAATGGCAATTGCTACAGACAACTGGTTCGACCCCTGG	70741
2848	IGHV1-18*04	IGHJ1*01	IGHA1	TGTGCGCGAGATCTAGTGGGATCATTTTCCCGCAAAGGATTCCAGAACTGG	23
2852	IGHV1-18*04	IGHJ1*01	IGHA1	TGTGCGCGAGATCTAGTGGGATCATTTTCCCGCAAAGGATTCCAGAACTGG	23
2912	IGHV4-30-4*09	IGHJ4*02	IGHA1	TGTGCGAGAGAAAGGGGGTCCACGGCGCCTCCTCGCGGGGTATTTGACGACTGG	49517
2958	IGHV1-69*01	IGHJ4*02	IGHA1	TGCGCGAGGACCAAGGAGGGCGATTGTAGTGGCGGTACCTGCTACTCTCTCTTTTGTGACTCGTGG	12297
3113	IGHV1-18*04	IGHJ4*02	IGHA1	TGTGCGAGAGAATTGATTGGAAGCACAGGGGGGGACCACTGG	672
3242	IGHV3-23*01	IGHJ4*02	IGHA1	TGCGCGAAATTTTACCGAGCAGAGGCTGGTACGGTTAAGAGGGCGGTCGACCATAAAAGAATTGACTCCTGG	27846
3246	IGHV3-23*01	IGHJ4*02	IGHA1	TGCGCGAAATTTTACCGAGCAGAGGCTGGTACGGTTAAGAGGGCGGTCGACCATAAAAGAATTGACTCCTGG	27846
3259	IGHV1-46*01	IGHJ4*02	IGHA1	TGTGCGAGAGATCTTACTAATAGTTGGAGTTCTCAATACTACCTTGACTCCTGG	9442
3326	IGHV3-53*01	IGHJ3*02	IGHA1	TGTGCGAGAGATCTGATCTCGCGTTATACACACATGTGGGCTTTTGATATCTGG	36751
3381	IGHV1-18*04	IGHJ4*02	IGHA1	TGTGCGAGAGCGGACTCTAGACCTTATCACTATGACACTCGTGGAAATCCCGTTGACCAGTGG	1871
3412	IGHV3-74*01	IGHJ5*02	IGHA1	TGTACAACCTTCGCTTCTACAGTGCCCACCTGG	45407
3590	IGHV3-23*01	IGHJ4*02	IGHA1	TGTGCGAAAGATCTGGGGGCTAACGGAGTGGGAGCTACTTTGGACTACTGG	26380
3609	IGHV3-49*04	IGHJ3*01	IGHA1	TGTACTAGAGATGGCTGGGATGGCTACAACCCCGACGGGGCTTTTGATCTCTGG	35698
3639	IGHV3-48*02	IGHJ6*02	IGHM	TGTGCGAGAGATGGAGGACGTGGATACGATATGGACGTCTGG	35235
3722	IGHV3-30*18	IGHJ4*02	IGHA1	TGTGTGAAGGACAGTGGCACTGGCTGGTACTTCCCAGGTCCCTATTGG	29950
3751	IGHV3-7*01	IGHJ4*02	IGHA1	TGTGCGAAGTACAGTGGGGCCTACTCCTTTGAGTCCTGG	39646
3867	IGHV5-51*01	IGHJ4*02	IGHA1	TGTGCGAGACGGGCGCTATCAACCGGTGCTTGGGCCGACTCGCGCTTCGATTATTGG	68280
3906	IGHV5-51*03	IGHJ4*02	IGHA1	TGTGCGAGACATTTCGGGTACAGCTTTGGCTACGGTCTTTGGGGCCCAAATTATGACTTCTGG	68442
3978	IGHV3-20*01	IGHJ6*02	IGHA1	TGTGCGAGACCCTTTGTTACTCATCACTATTTCTACGGTATGGACGTCTGG	21347
4011	IGHV3-7*01	IGHJ4*02	IGHA1	TGTGCGGCCTTGGATACAGCTCCGGGTCGTGTTGGCGGCTACTGG	40215
4084	IGHV3-48*02	IGHJ4*02	IGHA1	TGTGCGAGAGGTCAAACCTATGTGGACCAATGG	33773
4092	IGHV3-48*02	IGHJ4*02	IGHA1	TGTGCGAGAGAGTTTTGTGCTGGTTCCAGCTGCTACCGTGGGGTTTGTGACAACTGG	34816
4113	IGHV3-48*01	IGHJ4*02	IGHA1	TGTGCGAGGACAAAATATTACTATGACAGTAATGACTCCTGG	34149
4125	IGHV3-48*01	IGHJ4*02	IGHA1	TGTGCGAGGACTTTTTGTAATGATACCAACTGCTTCTACTTTGACGACTGG	34648
4142	IGHV3-15*01	IGHJ5*02	IGHA1	TGCACCACCTCCCTAGCGTTTGACAGTATTGGTCATTACCATGGCCACTGGTTCGGCCCCTGG	20974
4216	IGHV3-21*01	IGHJ6*02	IGHA1	TGTGCGAGAGGGGAGTACCGTATGGACGTCTGG	22913
4224	IGHV3-21*01	IGHJ4*02	IGHA1	TGTGCGAGAGTTGGTATAGCAGTGGCTGGTACTAGGGGAGGAGAACTTGAGTACTGG	22577
4296	IGHV3-72*01	IGHJ3*02	IGHA1	TGTGTTAAAGATGACCCGAACCTTCCTGGGACCTTTGATATCTGG	42168
4324	IGHV3-49*05	IGHJ5*02	IGHA1	TGTAGTAGGGCATCCCCTATACAACGCCCTGATTGGTTCGACCCCTGG	36327
4376	IGHV3-73*02	IGHJ4*02	IGHA1	TGTTCTCCCCTTGGAAGTTTTTTTGTTCGGGGCGTTTATTCTTGG	43146
4453	IGHV3-74*01	IGHJ2*01	IGHA1	TGTGCGAGGGTATCGCCCAACTGGTACAACGATCTCTGG	43473
4508	IGHV3-74*01	IGHJ4*02	IGHA1	TGTGCAAGAGGGACTACGGTGACTAAAACCTTTGACTACTGG	44588
4532	IGHV3-74*01	IGHJ3*02	IGHA1	TGTGCAACCTTGGCGGATACCTCCCGCGGAGCTTTTGATATCTGG	43614
4564	IGHV3-74*01	IGHJ3*02	IGHA1	TGTGCAACCTTGGCGGATACCTCCCGCGGAGCTTTTGATATCTGG	43614
4590	IGHV3-74*01	IGHJ4*02	IGHA1	TGTACAAGAGGCTATGATAACGCTTGGGGGAGTTATCCCTTTGACTACTGG	45103
4742	IGHV3-7*01	IGHJ4*02	IGHA1	TGTGCGAGAGACAGTCTACGGAGGTTTGACTTCTGG	39412
4796	IGHV3-21*01	IGHJ4*02	IGHA1	TGTGCGAGGAGGGGCCCTCTAGATGGCCCTGTTGACTACTGG	21935
4842	IGHV3-7*01	IGHJ4*02	IGHA1	TGTTCGAGAGATATGGCTAGGTCACTTGACAACTGG	39434
4850	IGHV3-49*03	IGHJ4*02	IGHA1	TGTGCAAGGGGTCGACCAGGTCGTACAGGATACTACTTTGACTATTGG	36031
4861	IGHV3-53*01	IGHJ5*02	IGHA1	TGTGCGAGAGGGCGATCGGGTGGCTCAAGGTTCGACCCCTGG	37931
4867	IGHV3-53*01	IGHJ5*02	IGHA1	TGTGCGATAGGGCGATCGGGTGGCCCAAGGTTCGACCCCTGG	37931
5018	IGHV3-7*01	IGHJ1*01	IGHA1	TGTGCGAGAGTCGAATCCGGTTCTTTCCAGCACTGG	38411
5026	IGHV3-7*01	IGHJ1*01	IGHA1	TGTGCGAGAGTCGAATCCGGTTCTTTCCAGCACTGG	38411
5067	IGHV3-53*01	IGHJ3*02	IGHA1	TGTACGAGAGATGACGGGAGATCCTTGATTCATATCTGG	36606
5212	IGHV3-74*01	IGHJ6*02	IGHA1	TGTGCAAGAGGCTACCCCGCTAATATGGACGTCTGG	45743
5337	IGHV3-23*05	IGHJ4*02	IGHA1	TGTGCGAAAGTCTCTGAATACTGGGAGGCTGACTCTGATGGTATTGGTTACCCCTATTACTTTGACTCCTGG	27856
5379	IGHV3-9*01	IGHJ6*02	IGHA1	TGTGCAAAAGACAAGAGGGGAGACTACAGTAACTACCGGTTTAACCACTACTACTACGGGATGGACTTCTGG	48788
5423	IGHV3-9*02	IGHJ4*02	IGHA1	TGTGGATTAGATGGACTCCCTGGGGGCCTGGGCTACTGG	46688
5468	IGHV4-31*02	IGHJ4*01	IGHA1	TGTGCGAGAGAACGTCGTGCGGGTGGCAGTTGGTTAACTGACTTTTGG	50043
537	IGHV1-8*01	IGHJ4*02	IGHA1	TGTTCGAGAGCGGGTCTCTGGGCTGCCTTGGGGGACTTCTGG	14378
663	IGHV3-73*02	IGHJ4*02	IGHA1	TGTACTAGCCAAAGCCGTCAAGCAGTGGCTGTAGACTACTGG	43077
666	IGHV3-21*04	IGHJ6*02	IGHA1	TGTGCGAGAGACACGTATTACTTCGATAGTAGTGGTGACTACTATCCTGGTTACTACGGTATGGACGTCTGG	23320
782	IGHV4-39*01	IGHJ4*02	IGHA1	TGTGCGAGACGGGGTGTTTATTGTCCTAATGGTGTTTGCGACAGGGGAAACTACTACTTTGACTACTGG	57769
922	IGHV4-39*01	IGHJ4*02	IGHA1	TGTGCGAGGCTATGGAGTGGGAGCCGCCCCCCCGACTATTGG	54820
937	IGHV4-39*01	IGHJ5*02	IGHA1	TGTGCGAGATGCTTGGGCTCGTGGGACATCAACTGGTTCGACCCCTGG	58295
1259	IGHV1-69*01	IGHJ5*02	IGHA1	TGTGTATCTGTTGACTGTGGTGAAGACTGTTACTCGCCCCACTGGTTCGACCCCTGG	12675
1399	IGHV3-11*01	IGHJ3*02	IGHA1	TGTGCGAAGGGGCCCCGGAGTAGCAGCTCCCCCAACTACAACGGTGCTTTTGATATCTGG	17406
1482	IGHV1-8*01	IGHJ4*02	IGHA1	TGTTCGAGAGCGGGTCTCATGGCTGCCTTGGGGGACTTCTGG	14378
1531	IGHV1-8*01	IGHJ4*02	IGHA1	TGTTCGAGAGCGGGTCTCTGGGCTGCCTTGGGGGACTTCTGG	14378
1578	IGHV4-34*02	IGHJ2*01	IGHA1	TGTGCGAGGGACTCTGGCGTGGTGCGCGGTCCTGTTCTAATCACTGGTGGGGATCCACACTTCGATCAGTGG	50253
1820	IGHV4-4*07	IGHJ3*02	IGHA1	TGTGCGAGAGATTTTTACGGTGGTACCTCTGTTGCTTTTGATATCTGG	60113
1975	IGHV4-59*01	IGHJ6*02	IGHA1	TGTGCGAGAGTTCAGGGTTTCGCAGTGGCTGATACTAACTACTACAACGGTATGGACGTCTGG	64600
2007	IGHV4-34*02	IGHJ6*02	IGHA1	TGTGCGAGAGGCCTGCGGTCTTTGACATGGTCCGGGGAGCGGGCCTTCTACTTCTATTACGCGATGGACGTCTGG	52938
2086	IGHV1-69*01	IGHJ4*02	IGHA1	TGTGCGAGAGACGTGCAGCAATTGGTTTATTCAGGCGTGGGCAACTGG	11411
2172	IGHV1-8*01	IGHJ4*02	IGHA1	TGTCTTAAGCGTCATTATGATATGTCGCGTGCTTATTCCTCCTTTGACTTCTGG	14586
2224	IGHV1-69*06	IGHJ5*02	IGHA1	TGTGCGAAAGCGGGGGAACTACTTGTGTGGGACTGGTTCGACGCCTGG	12476
2435	IGHV4-34*01	IGHJ6*02	IGHA1	TGTGCTAGAGGCCTTCGGTCTGTGGAGTGGACCGGGGACGGGGCTTTTGCTTTCTATTACGGAATGGACGTCTGG	52971
2514	IGHV4-34*02	IGHJ4*02	IGHA1	TGTGCGAGGGGATTTCGGTCCAATCTTCGCTTTGACTACTGG	50848
2618	IGHV1-2*06	IGHJ6*02	IGHA1	TGTGCTGGGGTCACCGCTCCCGATGTTGACGCTGACTACGGAATTTTCACCCCCGATTTGGACCTCTGG	7773
2674	IGHV3-53*02	IGHJ4*02	IGHA1	TGTGCGGGAGATACAGCTTGGGGGAGAGTCTTCCACTGG	37159
2781	IGHV6-1*01	IGHJ5*02	IGHA1	TGTGCCAGAGATCGGGCTCTTACTCCCGGAATGGCAATTGCTACAGACAACTGGTTCGACCCCTGG	70741
2907	IGHV3-30*03	IGHJ3*01	IGHA1	TGTGCGACCCGGGAAATGTACTACTTTGATGCCTGG	29095
3011	IGHV2-5*01	IGHJ4*02	IGHA1	TGTGCGCACACGCGTTATCGTGATAGTAGTGCTGTCCCCCCCCCTGACTATTGG	16202
3145	IGHV1-2*02	IGHJ5*02	IGHA1	TGTGCGAGAGGGGACTCGGTCGGGTGGAGGTGGTTGGTCGATCCCTGG	6562
3167	IGHV3-30*18	IGHJ4*02	IGHA1	TGTGCGAAAACCCCGGATAAATGTGGTCCTTGCTATTTAATTGACTACTGG	29972
3175	IGHV3-7*01	IGHJ4*02	IGHA1	TGTGCGAGTGGCTTTCCCCCTACCAGTGGCTATTACGACTACTGG	40211
3180	IGHV3-33*05	IGHJ4*02	IGHA1	TGTGCGAGAAGTTATGACAGTAGTGGCTACAGAGGCCAGTTTGACCACTGG	32420
3286	IGHV3-15*01	IGHJ4*02	IGHA1	TGTGCCACAGTGGGGTGGCATATGAATTATTATGAGAGTAGTGGTTACGCTGACCACTGG	20721
3315	IGHV3-48*01	IGHJ4*02	IGHA1	TGTGCGAGAGCGCGAGGGAGTAGCAGTTGGTACGCCCTTGACTACTGG	34459
3420	IGHV3-74*01	IGHJ5*01	IGHA1	TGTACAACCTTCGCTTCTACAGTGCCCACCTGG	45407
3469	IGHV3-7*01	IGHJ5*02	IGHA1	TGCGCGAGAGATTTAGCTAAACAACGGGTGGCCAATGGGGAAGCCGACCACTGG	41546
3488	IGHV3-48*02	IGHJ4*02	IGHA1	TGCGCGAAAATTAGGGATGGCAGCTCGTCAATCGGGCACTACTGG	34186
3513	IGHV3-23*01	IGHJ3*01	IGHA1	TGTGCGAGAGACGCGTATAACACCTTAAGTCGTCAGAATGATGGGTTTGATCTTTGG	24029
3570	IGHV3-48*01	IGHJ4*02	IGHA1	TGTGCGAGACCCTCCTCGGAGCTACTCTTGTGGTACTCTGACTACTGG	34382
3585	IGHV3-48*01	IGHJ4*02	IGHA1	TGTGCGAGACCCTCCTCGGAGCTACTCTTGTGGTACTCTGACTACTGG	34382
3599	IGHV3-23*01	IGHJ4*02	IGHA1	TGTGCGAAAGATCTGGGGGCTAACGGAGTGGGAGCTACTTTGGACTACAGG	26380
3671	IGHV3-21*01	IGHJ4*02	IGHA1	TGTGCGAGAGAACGGGCGGGTTACTACCTTGACTGTTGG	21767
3690	IGHV3-21*01	IGHJ4*02	IGHA1	TGTGCGAGAGAACGAGCGGGTTACTACCTTGACTGTTGG	21767
3698	IGHV3-21*01	IGHJ4*02	IGHA1	TGTGCGAGAGAACGAGCGGGTTACTACCTTGACTGTTGG	21767
3703	IGHV3-21*01	IGHJ4*02	IGHA1	TGTGCGAGAGAACGAGCGGGTTACTACCTTGACTGTTGG	21767
3715	IGHV3-30*18	IGHJ4*02	IGHA1	TGTGTGAAGGACAGCGGCACTGGCTGGTACTTCCCAGGTCCCTATTGG	29950
3723	IGHV3-23*01	IGHJ4*02	IGHA1	TGTGCGAAAGGGCGACTTCCCGGAGAGTCCTACTTTGACGACTGG	25264
3757	IGHV5-51*01	IGHJ3*01	IGHA1	TGCGCGAGACATGATGCCGATTTTTGGAGTGGTTCATATCCTGGCACTTTTGATTTGTGG	66619
3886	IGHV5-51*03	IGHJ4*02	IGHA1	TGTGCGAGACTCGGGCCAAGTACGGTGGTGACTTCCGGGGACTACTGG	67692
3908	IGHV5-51*03	IGHJ4*02	IGHA1	TGTGCGAGAGTGGCGATGCATTCGAAATACTACTATGATAGTAGTGACTATAAGACGCCTGAAAAATATTGG	68564
4009	IGHV3-7*01	IGHJ4*02	IGHA1	TGTGCGGCCTTGGATACAGCTCCGGGTCGTGTTGGCGGCTACTGG	40215
4028	IGHV3-72*01	IGHJ6*02	IGHA1	TGTGCTAGAGGGGGCGGACTGGGAAACTACCAGTACGCTATGGACGGCTGG	42777
4175	IGHV3-7*01	IGHJ5*02	IGHA1	TGTGCGAGAGGTAGTGGGAACTATTACAGGCCCTGG	41363
4187	IGHV3-21*01	IGHJ5*02	IGHA1	TGTGCGAGAGAGGATTGTGATATTACCAGCTGCTCGAAAAAGAACTGGTTCGACACCTGG	22867
4193	IGHV3-21*01	IGHJ5*02	IGHA1	TGTGCGAGAGAGGATTGTGATATTACCAGCTGCTCGAAAAAGCACTGGTTCGACACCTGG	22867
4262	IGHV3-21*01	IGHJ5*02	IGHA1	TGTGCGAGAGAGGATTGTGATATTACCAGCTGCTCGAAAAAGAACTGGTTCGACACCTGG	22867
4352	IGHV3-53*01	IGHJ4*02	IGHA1	TGTGCGAGAGAGGGAAGAAGAGATGTGGACAATGGCAGGTATAACTATGACTACTGG	37798
4416	IGHV3-73*02	IGHJ4*02	IGHA1	TGTACTAGACATTTGTATGGTGGCCCCCCCAATGACTACTGG	43065
4461	IGHV3-74*01	IGHJ2*01	IGHA1	TGTGCGAGGGTATCGCCCAACTGGTACAACGATCTCTGG	43473
4493	IGHV3-74*01	IGHJ4*02	IGHA1	TGTGCAAGAGGGACTACGGTGACTAAAACCTTTGACTACTGG	44588
4505	IGHV3-74*01	IGHJ4*02	IGHA1	TGCGCAAGAGGGACTACGGTGACTAAAACCTTTGACTACTGG	44588
4557	IGHV3-74*01	IGHJ3*02	IGHA1	TGTGCAACCTTGGCGGATACCTCCCGCGGAGCTTTTGATATCTGG	43614
4651	IGHV3-74*01	IGHJ4*02	IGHA1	TGTGCAAGAGATGTCGGTGGGAGGTCCGGCTACTGG	44097
4795	IGHV3-7*01	IGHJ4*02	IGHA1	TGTGTGAGAGTGGGGAACAGTGGCTGGAAACTTGACTTCTGG	40195
4856	IGHV3-53*01	IGHJ5*02	IGHA1	TGTGCGAGAGGGCGATCGGGTGGCCCAAGGTTCGACCCCTGG	37931
4885	IGHV3-74*01	IGHJ4*02	IGHA1	TGTGCAAGGGGGAGTCAGATACCCGGCATTGACTACTGG	44420
5071	IGHV3-74*01	IGHJ4*02	IGHA1	TGTGCAAGAGGCTGGTTAGTGGGAGCTGACTCCTTTGGCTACTGG	44715
5111	IGHV3-48*02	IGHJ1*01	IGHA1	TGCGCGAGGTCCTCTTATGACGTCTGGGGGAGTTACCGTTCGTTTTTTGATTTCTGG	33381
5178	IGHV3-49*03	IGHJ5*02	IGHG1	TGTACTAAAGCCATAATAAATCGGAACGGCTGGTTCGACCCCTGG	36307
5187	IGHV3-20*04	IGHJ6*02	IGHA1	TGTGCGAGAGGCTACAGTTCCCACTACTACGACTTCGGTGTGGACGTCTGG	21349
5188	IGHV3-23*01	IGHJ3*01	IGHA1	TGTGCGAAAGATCTTCCGGGGCGAAGTAGGGTTGATGCTTTTGATGTCTGG	23891
5207	IGHV3-74*01	IGHJ6*02	IGHA1	TGTGCAAGAGGCTACCCCGCTAATATGGACGTCTGG	45743
5252	IGHV3-49*03	IGHJ4*02	IGHA1	TGTAACAGAGCTGGTGTTACGAGATTTGGAGTGGTAATTCCCTCCGGGCTTAACTGG	36168
5303	IGHV3-9*01	IGHJ4*02	IGHA1	TGTGCTAAGGATCTTACTTATCTCAGCAGCTTGGTCTGTGACTTCTGG	47202
5470	IGHV3-53*01	IGHJ3*02	IGHA1	TGTGCGAGAGATCTGATCTCGCGTTATACACACATGTGGGCTTTTGATATCTGG	36751
5473	IGHV4-39*02	IGHJ3*01	IGHA1	TGTGCGAACTCCGGTGACTACAGTCATAATGCTTTTGATCTCTGG	53509
595	IGHV3-48*01	IGHJ4*02	IGHG1	TGTGCGAGAAGGTTTGACTACTGG	33651
1000	IGHV4-39*08	IGHJ6*02	IGHA1	TGCGCGAGATCTGCGCGGGTGATTACGAACAAAGTAGTGGTTACGTCGCACGGTTTGGACGTCTGG	59805
1047	IGHV1-18*04	IGHJ4*02	IGHA1	TGTGCGAGAGATCTGGAAAACTGGCTGGTCTTTGGGTTCTGG	699
1053	IGHV1-18*04	IGHJ1*01	IGHA1	TGTGCGCGAGACGCCATCAGTATGATACTAGCGCTTAACCCCGCTGAATACTTCCAACACTGG	46
1331	IGHV3-30*18	IGHJ6*03	IGHA1	TGTGCGAAGACCCGGGACGATTTTTGGAGTGGTTACGACTTCGACATGGACGTCTGG	31270
1423	IGHV4-4*07	IGHJ4*02	IGHA1	TGCGCGAGAGGAAGTGACGGTGACTACTACTTTGACCACTGG	60447
1470	IGHV1-8*01	IGHJ4*02	IGHA1	TGTTCGAGAGCGGGTCTCATGGCTGCCTTGGGGGACTTCTGG	14378
1551	IGHV3-11*01	IGHJ4*02	IGHA1	TGTGCCGTTTATTGTGGTGCGCGTCATTGTGCTGGTGCTGATGCGGACGGCAGCTGG	18152
1602	IGHV4-61*01	IGHJ6*02	IGHA1	TGTGCGACCTTGCGTTTGGAGCAGATATCTTTTAGCCATCACTATTACGGTTTGGACGTCTGG	65887
1683	IGHV4-61*01	IGHJ6*02	IGHA1	TGTGCGAGAGTACAAGGGCAGTCATACTTCTACTACTACGGTATGGACGTCTGG	65809
1840	IGHV4-4*07	IGHJ6*02	IGHA1	TGTGCGAGAGATGGAAGTCTGGATTTTTTGAGTGGTGATTATAACGATGACTACTATTACGGTATGGACGTCTGG	61698
1979	IGHV4-59*01	IGHJ6*02	IGHA1	TGTGCGAGAGTTCAGGGTTTCGCAGTGGCTGATACTAACTACTACAACGGTATGGACGTCTGG	64600
2264	IGHV1-8*01	IGHJ1*01	IGHA1	TGTGCGAGACAGAATAACTACGGGGAATTCCAGCACTGG	14002
2287	IGHV3-11*01	IGHJ4*02	IGHA1	TGTTCGAGAGATCCAAGGCGCCTGCCCTACTGG	17535
2533	IGHV1-2*02	IGHJ4*02	IGHA1	TGTGCGAGGACTTATAGCAGCAGCTGGTTTGGGTTTGACTACTGG	4864
2558	IGHV1-46*01	IGHJ6*02	IGHA1	TGTGCGAGAGATAGGGGGCACATAGAATCAGTTATTACCGAACCGGGGATATTCGATATGGACGTCTGG	10165
2682	IGHV3-30*18	IGHJ4*02	IGHA1	TGTGCGAAAGAGACTCAGAAGTATGCGAGTGGCTGGTTCTTTGAGTCCTGG	30014
2784	IGHV6-1*01	IGHJ5*02	IGHA1	TGTGCCAGAGATCGGGCTCTTACTCCCGGAATGGCAATTGCTACAGACAACTGGTTCGACCCCTGG	70741
2892	IGHV3-11*01	IGHJ4*02	IGHA1	TGTGCGACAGACATGTCGTTGGTCACCTTTGACATCTGG	17605
2994	IGHV1-18*04	IGHJ4*02	IGHA1	TGTGCGAGAGATACGTCCTATAGCAGTGGCTGGGGGTTTGACTTTTGG	1023
3008	IGHV2-5*01	IGHJ6*02	IGHM	TGTGCACACGACGTACCCGGCAACGACGGTTTCGACGTCTGG	16694
3013	IGHV2-5*01	IGHJ4*02	IGHA1	TGTGCGCACACGCGTTATCGTGATAGTAGTGCTGTCCCCCCCCCTGACTATTGG	16202
3118	IGHV2-5*01	IGHJ5*02	IGHA1	TGTGCACACCCCTATTATTATGATAGTAGTGCTTTCGACCACTGG	16478
3221	IGHV3-23*01	IGHJ6*02	IGHA1	TGTGCGAAAGTTTTGCGGGCCACGGAGACCCTACTTTCCCTCTCGTATTACTATTACGGAATGGATGTCTGG	28927
3371	IGHV3-74*01	IGHJ4*02	IGHA1	TGTGTAAGAGATTTCGTGGTACCGAGGGACTACTGG	44090
3388	IGHV3-15*05	IGHJ4*02	IGHA1	TGTGTAGGGAACAACGCT	19335
3676	IGHV3-21*05	IGHJ4*02	IGHA1	TGTGCGAGAGAACGAGCGGGTTACTACCTTGACTGTTGG	21767
3689	IGHV3-21*01	IGHJ4*02	IGHA1	TGTGCGAGAGAACGAGCGGGTTACTACCTTGACTGTTGG	21767
3765	IGHV3-23*01	IGHJ4*02	IGHM	TGTGCGAAACAGGCGGTGTCGGATGGCAGTGGCTGGTACTGGGGCCACTGG	26244
3776	IGHV3-23*01	IGHJ4*02	IGHA1	TGTGTGAAGACCGTGAGGTGGGAACTACCCCCATATTACTTTGACTACTGG	26690
3839	IGHV3-73*02	IGHJ4*02	IGHA1	TGTACTAGCCAAAGCCGTCAAGCAGTGGCTGTAGACTACTGG	43077
3912	IGHV5-51*01	IGHJ5*01	IGHA1	TGTGTGAGAAGTGCGACGGGTAACTGGTATCAAAAGTTCGACTCCTGG	68744
4025	IGHV3-72*01	IGHJ6*02	IGHA1	TGTGCTAGAGGGGGCGGACTGGGAAACTACCAGTACGCTATGGACGGCTGG	42777
4068	IGHV3-48*02	IGHJ4*02	IGHA1	TGTGCGAGAGATCTGGGGGTGGCGGATGATGACGTTTGGGGGACTTATCGTTATACATCGTACTACTTTGACTACTGG	34999
4215	IGHV3-21*01	IGHJ6*02	IGHA1	TGTGCGAGAGGGGAGTACCGTATGGACGTCTGG	22913
4331	IGHV3-53*01	IGHJ4*02	IGHA1	TGTGCGAGCCCCCATGGTAGTAGTGGTTATTACTATCTTGACTACTGG	37593
4382	IGHV3-73*02	IGHJ4*02	IGHA1	TGTTCTCCCCTTGGAAGTTTTTTTGTTCGGGGCGTTTATTCTTGG	43146
4412	IGHV3-73*02	IGHJ4*02	IGHA1	TGTACTAGACATTTGTATGGTGGCCCCCCCAATGACTACTGG	43065
4482	IGHV3-74*01	IGHJ3*02	IGHA1	TGTGCAACCTTGGCGGATACCTCCCGCGGAGCTTTTGATATCTGG	43614
4610	IGHV3-74*01	IGHJ6*02	IGHA1	TGTGTAAGGGGTACCGTTGGCTGGTGTGGTGTGGACGTCTGG	45805
4685	IGHV3-74*01	IGHJ4*02	IGHA1	TGTGTAAGAGATTTCGTGGGACCGAGGGACTACTGG	44090
4853	IGHV3-49*03	IGHJ4*02	IGHA1	TGTGCAAGGGGTCGACCAGGTCTTACAGGATACTACTTTGACTATTGG	36031
4907	IGHV3-48*03	IGHJ4*02	IGHA1	TGTTCGAAAATTAAAGATGGGAGCTCGTCAATCGGGGACTCCTGG	34185
5013	IGHV3-7*01	IGHJ1*01	IGHA1	TGTGCGAGAGTCGAATCCGGTTCTTTCCAGCACTGG	38411
5105	IGHV5-51*03	IGHJ3*02	IGHA1	TGTGTGAGACACACTAATGCCGATCCCCAGCCTTTTGATATCTGG	66309
5107	IGHV5-51*03	IGHJ3*02	IGHA1	TGTGTGAGACACACTAATGCCTATCCCCAGCCTTTTGATATCTGG	66309
5126	IGHV3-9*01	IGHJ4*02	IGHA1	TGTGTAAAAGATATTTCCAGTGGTAACTGGATCTTTGACTCCTGG	46924
5140	IGHV3-23*01	IGHJ4*02	IGHA1	TGTGCGAAGGTCGCCGTGATGACTACGGTGACTAGCCGATTTGACCACTGG	26581
5201	IGHV3-7*01	IGHJ2*01	IGHA1	TGTGCGAGAAGGGTGGCAAGTGGGGGCCCGAAGGGTACGGTGGTAAATACGGACTGGTACTTCGAGCTCTGG	38542
5242	IGHV3-49*03	IGHJ4*02	IGHA1	TGTAACAGAGCTGGTGTTACGAGATTTGGAGTGGTAATTCCCCCCGGGCTTAACTGG	36168
5350	IGHV3-9*01	IGHJ4*02	IGHA1	TGTGTAAAAGTTTCCCGCGGGGGTTATGTTGGCTCCTTTTATGACAGACGTGGTTTTTATTTTGACGGCTGG	48008
5353	IGHV3-9*01	IGHJ3*02	IGHA1	TGTGTAAAACCTATGGAGAAGAATGATGTTTTGACGGAGGAGTTTTTTGATATCTGG	46528
5458	IGHV3-7*01	IGHJ5*02	IGHA1	TGTGCGAGAGAACCCACGCCCCTCACATCTTATTCTGCAGGAGGCGCTTATTATTCTTTCGACCTCTGG	41616
589	IGHV3-53*01	IGHJ5*02	IGHG1	TGTGCGAGAGATCCTCCGGGTATAGCATTAGGTGGCACGGGGGCCTGG	37962
694	IGHV3-30*03	IGHJ6*02	IGHA1	TGCGCGAGAGACGGCTTTTGGGGGAGTCATCGGGCTATGGACGTCTGG	31072
702	IGHV2-5*01	IGHJ4*02	IGHA1	TGTGCACACACACCAGCGTATAGCAGGGGCCAACGAATATTTGACTGCTGG	16125
784	IGHV4-39*01	IGHJ4*02	IGHA1	TGTGCGAGACGGGGTGTTTATTGTCCTAATGGTGTTTGCGACAGGGGAAACTACTACTTTGACTACTGG	57769
889	IGHV4-39*01	IGHJ4*02	IGHA1	TGTGCGAGGTTTAGTGGGAGCTACCGAGCGTTTGACTGGTGG	55169
932	IGHV4-39*01	IGHJ5*02	IGHA1	TGTGCGAGACGCTTGGGCTCGTGGGACATCAACTGGTTCGACCCCTGG	58295
1136	IGHV1-24*01	IGHJ4*02	IGHA1	TGTGCCTCTCCGGCTGTTCCTTGGTACTTCTTTGACTACTGG	8040
1330	IGHV3-30*18	IGHJ6*03	IGHA1	TGTGCGAAGACCCGGGACGATTTTTGGAGTGGTTACGACTTCGACATGGACGTCTGG	31270
1425	IGHV4-4*07	IGHJ4*02	IGHA1	TGCGCGAGAGGAAGTGACGGTGACTACTACTTTGACCACTGG	60447
1471	IGHV1-8*01	IGHJ4*02	IGHA1	TGTTCGAGAGCGGGTCTCATGGCTGCCTTGGGGGACTTCTGG	14378
1499	IGHV1-8*01	IGHJ4*02	IGHA1	TGTTCGAGAGCGGGTCTCATGGCTGCCTTGGGGGACTTCTGG	14378
1879	IGHV4-4*07	IGHJ4*02	IGHM	TGTGCGAGAGATCAGACTGGTTATGGGGAATACTACTTTGACTACTGG	60657
2003	IGHV4-34*02	IGHJ6*02	IGHA1	TGTGCGAGAGGCCTGCGGTCTTTGACATGGTCCGGGGAGCGGGCCTTCTACTTCTATTACGCGATGGACGTCTGG	52938
2042	IGHV1-8*01	IGHJ1*01	IGHA1	TGTGCGAGACAGAATAACTACGGGGAATTCCAGCACTGG	14002
2074	IGHV1-2*02	IGHJ4*02	IGHA1	TGTGCGAGATCCCGGTTAGCTACAGCTGGGACACACTATGACTCCTGG	5195
2346	IGHV3-33*06	IGHJ4*02	IGHA1	TGTGCGAAATCAAGTCGCGATTTTTGGAGTGGTCCCCGGGACCACTACTTTGACTCGTGG	32648
2394	IGHV1-46*01	IGHJ5*02	IGHA1	TGTGTCAGAGCCGAATTCTCCAACTGGTTCGACCCCTGG	9724
2459	IGHV4-34*01	IGHJ4*02	IGHA1	TGTGCGAGAGGATCTAGGCGCAGCATCGACACTTATCCTTTTGACTACTGG	51234
2495	IGHV4-34*01	IGHJ6*02	IGHA1	TGTGCGAGAGGAGATACAGTGATGCCGTTCCACCCCAAATTCTACTACGGTATAGACGTCTGG	52682
2627	IGHV1-46*04	IGHJ4*02	IGHA1	TGTGCGAGAAATCTGGTGGGACCTACGGGGCTTGGTTACTGG	8880
2680	IGHV3-30*18	IGHJ4*02	IGHA1	TGTGCGAAAGAGACTCAGAAGTATGCGAGTGGCTGGTTCTTTGAGTCCTGG	30014
2752	IGHV6-1*01	IGHJ5*01	IGHA1	TGTGCAAGGGGACTTTGGTCAGAAGGTTTCGACTCCTGG	70615
2795	IGHV6-1*01	IGHJ5*02	IGHA1	TGTGCCAGAGATCGGGCTCTTACTCCCGGAATGGCAATTGCTATAGACAACTGGTTCGACCCCTGG	70741
2953	IGHV1-8*01	IGHJ6*02	IGHA1	TGTGCGAGAATTGGACTAGAGTGTAGTACCACCAGCTGTTATACTGCCGTTTACGACTACTACGGTATGGACGTCTGG	15252
3400	IGHV3-21*06	IGHJ6*02	IGHA1	TGTGCGAGAGAGGGTATGGCAGTGGCTGGTGATGTTCGGAGGAGGAGGCACACCCTGAAAAATTATTCCCAGTCCTATGGTATGGACGTCTGG	23407
3424	IGHV3-74*01	IGHJ5*02	IGHA1	TGTACAACCTTCGCTTCTACAGTGCCCACCTGG	45407
3463	IGHV3-7*01	IGHJ5*02	IGHA1	TGCGCGAGAGATTTACCTAAACAACGGGTGGCCAATGGGGAAGCCGACCACTGG	41546
3562	IGHV3-53*02	IGHJ3*02	IGHA1	TGTGCGGCAGTGGGAACTACTAGAGATAGGGATGCTTTTGATATTTGG	36704
3656	IGHV3-15*01	IGHJ4*02	IGHA1	TGTACGACTGACCGGAGTTATGGTTACTACTCTGCCCATTGG	19951
3853	IGHV5-51*03	IGHJ6*02	IGHA1	TGTGCGATATATGGTACACCTGACATGACGGACTATGGTTTGGAAGTCTGG	69191
4050	IGHV3-7*01	IGHJ4*02	IGHA1	TGTGCGAGAGGTAGTGGGAGCTATTACAGGCACTGG	39493
4146	IGHV3-15*01	IGHJ5*02	IGHA1	TGCACCACCTCCCTAGCGTTTGACAGTAGTGGTCATTACCATGGCCACTGGTTCGGCCCCTGG	20974
4214	IGHV3-21*01	IGHJ6*02	IGHA1	TGTGCGAGAGGGGAGTACCGTATGGACGTCTGG	22913
4255	IGHV3-21*01	IGHJ4*02	IGHA1	TGTGCGAGAGATGGCTTACATGGCAGTGGCCGCCATTTTGACTACTGG	22164
4287	IGHV3-21*01	IGHJ4*02	IGHA1	TGTGCGAGAGATCTCCGGGGAAACAACTATGCGATTGACTACTGG	21999
4326	IGHV3-49*05	IGHJ5*02	IGHA1	TGTAGTAGGGCATCCCCTATACAACGCCCTGATTGGTTCGACCCCTGG	36327
4570	IGHV3-74*01	IGHJ4*02	IGHA1	TGTGCAAGTAGTAGAGGCGTG	43813
4586	IGHV3-74*01	IGHJ4*02	IGHA1	TGTACAAGAGGCTATGATAACGCTTGGGGGAGTTATCCCTTTGACTACTGG	45103
4588	IGHV3-74*01	IGHJ4*01	IGHA1	TGTACAAGAGGCTATGATAACGCTTGGGGGAGTTATCCCTTTGACTACTGG	45103
4661	IGHV3-74*01	IGHJ4*02	IGHA1	TGTGTAAGAGATTTCGTGGGACCGAGGGACTACTGG	44090
4758	IGHV3-74*01	IGHJ4*02	IGHA1	TGTGCAAGGGCGTCCGGAGATAAATATGACAATAGGAGGCCCTTCGACTACTGG	45252
5074	IGHV3-74*01	IGHJ4*02	IGHA1	TGTGCAAGAGGCTGGTTAGTGGGAGCTGACTCCTTTGGCTACTGG	44715
5144	IGHV3-23*01	IGHJ4*02	IGHA1	TGTGCGAAGGTCGCCGTGATGACTACGGTGACTAGCCGATTTGACCACTGG	26581
5274	IGHV3-48*01	IGHJ3*01	IGHA1	TGTGCGAGAGGCACGCCGCGGCTGACTAATGATGTGGGGGATGCATTTTATGTCTGG	33584
5300	IGHV3-21*08	IGHJ4*02	IGHA1	TGTGCGAGACTCCTGCGATTTTACTTTGACTACTGG	21710
5375	IGHV3-9*01	IGHJ6*02	IGHA1	TGTGCAAAAGACACGGGCGGTCCAAGGTGGCACGATGTCGTAGTAGTTCCAGCTGCTGTATTCGGCCTTTACGGTATGGACGTCTGG	48890
5381	IGHV3-9*01	IGHJ4*02	IGHA1	TGTGTCAAAGGCCGTCGCACTTACTGCTATTACCCTCTTGACCAATGG	47227
5393	IGHV3-7*01	IGHJ4*02	IGHA1	TGTGCGAGTGGCTTTCCCCCTACCAGTGGCTATTACGACTACTGG	40211
5410	IGHV3-7*01	IGHJ4*02	IGHA1	TGTGCGAGTGGCTTTCCCCCTACCAGTGGCTATTACGACTACTGG	40211
719	IGHV3-7*01	IGHJ4*02	IGHA1	TGTGCGAGACTCCTGGATCGACGTGGATACAACTTTGGTTACGACTACTGG	40718
722	IGHV1-2*02	IGHJ5*02	IGHA1	TGTGCCAACAACCGCAATCCTGGCAGTGATTACTTCCTGTCGTCCTGG	6529
853	IGHV4-39*01	IGHJ6*02	IGHA1	TGTGCTCGCTACTACTTCTTCGCTATCGACGTCTGG	59309
931	IGHV4-39*01	IGHJ5*02	IGHA1	TGTGCGAGACGCTTGGGCTCGTGGGACATCAACTGGTTCGACCCCTGG	58295
940	IGHV4-39*01	IGHJ5*02	IGHA1	TGTGCGAGACGCTTGGGCTCGTGGGACATCAACTGGTTCGACCCCTGG	58295
973	IGHV4-39*08	IGHJ5*02	IGHA1	TGTGCGAGACATGAGACGATTTTCGAAGCATCAGCTGCTGTGGGTTTCGACCCCTGG	58778
1107	IGHV1-18*01	IGHJ4*02	IGHA1	TGTGCGAGAGGCCCTCATTCATCAATAGGTGACTATGACTCCTGG	946
1117	IGHV3-53*02	IGHJ4*02	IGHA1	TGTGCGGGAGATACAGCTTGGGGGAGAGTCTTCCACTGG	37159
1203	IGHV4-59*02	IGHJ3*02	IGHA1	TGTGCAAAGTCGAAGGATCCGATCCTCGCAGCCTCTGCTTTTGATATCTGG	62059
1205	IGHV4-59*02	IGHJ3*02	IGHA1	TGTGCAAAGTCGAAGGATCCTATCCTCGCAGCCTCTGCTTTTGATATCTGG	62059
1211	IGHV4-59*02	IGHJ3*02	IGHA1	TGTGCAAAGTCGAAGGATCCGATCCTCGCAGCCTCTGCTTTTGATATCTGG	62059
1336	IGHV3-30*18	IGHJ4*02	IGHA1	TGTGGGAAGGACTTCTCACCACTTAGTAGAATAATTGACTCCTGG	29706
1338	IGHV3-30*03	IGHJ4*02	IGHA1	TGTGCGAGAGGGGCACAGGCAGTGGCTGGAGATCTCCGACACTACTCTGATAGTACTCCTTATTCCGGCCTCCTTGACTACTGG	30816
1433	IGHV1-46*01	IGHJ6*02	IGHA1	TGTGCGAGAGCGGTAGTCTCTGGAACTGGCGACTACTACGGTCTGGACGTCTGG	10053
1601	IGHV4-61*01	IGHJ6*02	IGHA1	TGTGCGACCTTGCGTTTGGAGCAGATATCTTTTAGCCATCACTATTACGGTTTGGACGTCTGG	65887
1687	IGHV4-61*01	IGHJ6*02	IGHA1	TGTGCGAGAGTACAAGGGCAGTCATACTTCTACTACTACGGTATGGACGTCTGG	65809
2048	IGHV1-2*02	IGHJ4*02	IGHA1	TGTGCGAGAACAAGCTACGGTGACAAAGTGGGTGCTGATGACTGCTGG	4996
2064	IGHV1-2*02	IGHJ4*02	IGHA1	TGTGCGAGAGGGGGACCCCTCTGGGCCGGAGAACTCTACTACTTTGACTACTGG	5751
2094	IGHV1-69*01	IGHJ6*02	IGHA1	TGTGCGAGCCTACTTACGTACGGAATGGACGCCTGG	12859
2095	IGHV1-69*01	IGHJ6*02	IGHA1	TGTGCGAGCCTACTTACGTACGGAATGGACGCCTGG	12859
2141	IGHV1-46*01	IGHJ4*02	IGHA1	TGTGCGAGAGTGGATGCGCCCATGGTTTCTAATTTCTGG	8823
2229	IGHV1-2*02	IGHJ5*02	IGHA1	TGTGCGAGAGATAGGCGACTGACTGGAACTGTTCGGGACCGTCCTGGCGCTTCTGACCTCTTG	6959
2243	IGHV1-69*01	IGHJ6*02	IGHA1	TGTGCGAGAGATATCGCAGACGCTAAAGGGCGAGACTTTTCCTTTGGTTATTCCGGTATGGACGTCTGG	13614
2308	IGHV3-11*01	IGHJ5*02	IGHA1	TGTGCGAGACGGGGGGATGGGTCGGGACCGACGTTCGACCCCTGG	18326
2573	IGHV1-2*02	IGHJ2*01	IGHA1	TGTGCGAGGGCCGTTGGGTATGGTGGCAACTGGTACTTCGATCTCTGG	3213
2633	IGHV1-2*02	IGHJ5*02	IGHA1	TGTGCGAGAGATCGTGCACTGGCTGGCCCAGCCAACTACTGGTTCGACCCCTGG	6735
2675	IGHV3-53*02	IGHJ4*02	IGHA1	TGTGCGGGAGATACAGCTTGGGGGAGAGTCTTCCACTGG	37159
2735	IGHV3-11*01	IGHJ1*01	IGHA1	TGTGCACGTCATAAGGATTTTGTGCACCTTGATCACTGG	17225
2758	IGHV4-39*08	IGHJ6*02	IGHA1	TGTGCTCGCTATTTCTACTTCGCTATCGACATCTGG	59309
2769	IGHV1-69*01	IGHJ2*01	IGHA1	TGTGCTATAGCAGAGATGGTATATGCAAGTTCGTCAAGCAGGTGGTACTTCGATGTCTGG	10549
2779	IGHV6-1*01	IGHJ5*02	IGHA1	TGTGCCAGAGATCGGGCTCTTACTCCCGGAATGGCAATTGCTACAGACAACTGGTTCGACCCCTGG	70741
3041	IGHV2-5*01	IGHJ4*02	IGHA1	TGTGCACACAGACCAGCGTATAGCAGGGGCCAACGAATATTTGACTGCTGG	16125
3224	IGHV3-72*01	IGHJ6*02	IGHA1	TGTGCTAGAGGGGGCGGACTGGGAAACTACCAGTACGCTATGGACGGCTGG	42777
3327	IGHV3-53*01	IGHJ3*02	IGHA1	TGTGCGAGAGATCTGATCTCGCGTTATACACACATGTGGGCTTTTGATATCTGG	36751
3359	IGHV3-7*01	IGHJ6*02	IGHA1	TGTTCGAAATTGGGCAGGGGTAGTGGCCGTATGGACGTCTGG	41729
3403	IGHV3-7*01	IGHJ4*02	IGHM	TGTGCGAGAATTGGTTATAGCAGCTCGTCTTTTGACTACTGG	39974
3774	IGHV3-23*01	IGHJ4*02	IGHA1	TGTGTGAAGACCGTGAGGTGGGAACTACCCCCATATTACTTTGACTACTGG	26690
3952	IGHV3-7*01	IGHJ6*02	IGHA1	TGTGCGAGCGGGATAGCAATGGCTGGCTCCTTCTATTACGGTATGGACGTCTGG	41841
3976	IGHV3-20*01	IGHJ6*02	IGHA1	TGTGCGAGACCCTTTGTTACTCATCACTATTTCTACGGTATGGACGTCTGG	21347
4037	IGHV3-72*01	IGHJ4*02	IGHA1	TGTGCCAGAGTAGAGTGTAGTGGTAGCAGCTGCCATTTGAACTGCTGG	42521
4044	IGHV3-7*01	IGHJ4*02	IGHA1	TGTGCGAGAGGTAGTGGGAGCTATTACAGGCACTGG	39493
4056	IGHV3-7*01	IGHJ4*02	IGHA1	TGTGCGAGAGGTAGTGGGAGCTATTACAGGCACTGG	39493
4089	IGHV3-48*02	IGHJ4*02	IGHA1	TGTGCGAGAGGTCAAACCTATGTGGACCAATGG	33773
4192	IGHV3-21*01	IGHJ5*02	IGHA1	TGTGCGAGAGAGGATTGTGATATTACCAGCTGCTCGAAAAAGAACTGGTTCGACACCTGG	22867
4233	IGHV3-21*01	IGHJ2*01	IGHA1	TGTGCGAGAGGGGAGACCCGCTTCGATCTCTGG	21390
4273	IGHV3-21*01	IGHJ4*02	IGHM	TGTGCGAGGAAAAATTGTGGTGGTGACTGCTCATATCCGAACCCCCATGACTATTGG	22579
4367	IGHV3-53*01	IGHJ4*02	IGHA1	TGTTCGAGAGCGACGGGCCCGCGTGACACCCACTGGCCCTACTCTGACTACTGG	37721
4402	IGHV3-73*02	IGHJ4*02	IGHA1	TGTACTAGCCAAAGCCGTCAAGCAGTGGCTGTAGACTACTGG	43077
4479	IGHV3-74*01	IGHJ4*02	IGHA1	TGTGCAAGAGGGACTACGGTGACTAAAACCTTTGACTACTGG	44588
4509	IGHV3-74*01	IGHJ4*02	IGHA1	TGTGCAAGAGGGACTACGGTGACTAAAACCTTTGACTACTGG	44588
4553	IGHV3-74*01	IGHJ3*02	IGHA1	TGTGCAACCTTGGCGGATACCTCCCGCGGAGCTTTTGATATCTGG	43614
4582	IGHV3-74*01	IGHJ4*02	IGHA1	TGTGCAAGTAGAGGCGTG	43804
4585	IGHV3-74*01	IGHJ4*02	IGHA1	TGTACAAGAGGCTATGATAACGCTTGGGGGAGTTATCCCTTTGACTACTGG	45103
4725	IGHV3-74*01	IGHJ4*02	IGHA1	TGTGTAAGAGATTTCGTGGGACCGAGGGACTACTGG	44090
4878	IGHV3-74*01	IGHJ4*02	IGHA1	TGTGTAAGAGGGTCTCATAACAGTTATTCTGACCACGTCCTCTTTGACTATTGG	45263
4881	IGHV3-74*01	IGHJ4*02	IGHA1	TGTGTAATAGGGTCTCATAACAGTTATTCTGACCACGTCCTCTTTGACTATTGG	45263
4884	IGHV3-74*01	IGHJ4*02	IGHA1	TGTGTAAGAGGGTCTCATAACAGTTATTCTGACCACGTCCTCTTTGACTATTGG	45263
4959	IGHV3-74*01	IGHJ4*02	IGHA1	TGTGTAAGAGACTGTTGTGGGACGTTCGGTGACGACTGG	44453
5110	IGHV3-48*02	IGHJ1*01	IGHA1	TGCGCGAGGTCCTCTGATGACGTCTGGGGGAGTTACCGTTCGTTTTTTGATTTCTGG	33381
5246	IGHV3-7*01	IGHJ4*02	IGHA1	TGTGCGAGAGAGAGGGGTGGTGTCCTTGACTACTGG	39421
5445	IGHV3-9*01	IGHJ6*02	IGHG1	TGCGCAAAAGTACTCGAAGTCGGCCCTGACTTCTTCTACAACGGTTTGGACGTCTGG	48538
5479	IGHV3-7*01	IGHJ4*02	IGHA1	TGTGCGAGAGACAGTCTACGGAGGTTTGACTTCTGG	39412
530	IGHV3-30*03	IGHJ4*02	IGHG1	TGCTCGCGAGGAGGGGGACCTCCATATACCACGGTGGCGACGGGAGGATATTGGGTGGACCACTGG	30764
729	IGHV4-34*01	IGHJ6*02	IGHA1	TGTGCGAGAAGCCCCCGACATTGTCTTGGTGGTTCCTGCTATTTCGATAGTTTCGACGTTTGG	52667
730	IGHV4-34*01	IGHJ6*02	IGHA1	TGTGCGAGAAGCCCCCGACATTGTCTTGGTGGTTCCTGCTATTTCGATAGTTTCGACGTTTGG	52667
1104	IGHV1-18*01	IGHJ4*02	IGHA1	TGTGCGAGAGGCCCTCATTCATCAATAGGTGACTATGACTCCTGG	946
1187	IGHV4-39*01	IGHJ5*02	IGHG1	TGTGCGAGACGCCTAGCTCGTCAGGGCTGGTTCGACCCCTGG	58045
1242	IGHV4-4*07	IGHJ5*02	IGHA1	TGTGCGAGAGACGTGGATCAGTATGTTTCGGGAATTTATCATGACAATTGGTTCGACCCCTGG	61346
1325	IGHV3-30*18	IGHJ4*02	IGHA1	TGTGGGAAGGACTTCTCACAACTTAGTAGAATAATTGACTCCTGG	29706
1778	IGHV4-59*01	IGHJ6*02	IGHA1	TGTGCGAGAGTGGGACAGTTTGGCTCGGGCGTCCGACATTACGGTATGGACGTCTGG	64504
1915	IGHV4-61*01	IGHJ4*02	IGHM	TGTGCGACAGGTTCAGACGCCTACAAGGTGGGCTACTGG	64961
2061	IGHV1-2*02	IGHJ5*02	IGHA1	TGTGCGAGAGTTGAACTGCATAGCAGCCATTTATTCCGGTTCGACCCCTGG	6676
2063	IGHV1-2*02	IGHJ4*02	IGHA1	TGTGCGAGAGGGGGACCCCTCTGGGCCGGAGAACTCTACTACTTTGACTACTGG	5751
2150	IGHV1-46*01	IGHJ4*02	IGHA1	TGTGCGAGAGATCTTACTAATAGTTGGAGTTCTCAATACTACCTTGACTCCTGG	9442
2252	IGHV1-69*01	IGHJ6*02	IGHA1	TGTGCGAGAGATATCGCATACGCTAAAGGGCGAGACTTTTCCTTTGGTTATTCCGGTATGGACGTCTGG	13614
2330	IGHV3-30*18	IGHJ6*02	IGHA1	TGTGTGAAAGATCGGGGGTGGGCTACAGTAACTTCGCGGGGTATGGACGTCTGG	31198
2539	IGHV1-46*01	IGHJ6*02	IGHA1	TGTGCGAGAGCTCACGGGTATGGGTACTACGGTCTGGACGTCTGG	9977
2565	IGHV1-46*01	IGHJ6*02	IGHA1	TGTGCGAGAGATAGGGGGCACATAGAATCAGTTATTACCGAACCGGGGATATTCGGTATGTACGTCTGG	10165
2672	IGHV3-53*02	IGHJ4*02	IGHA1	TGTGCGGGAGATACAGCTTGGGGGAGAGTCTTCCACTGG	37159
2689	IGHV3-30*18	IGHJ4*02	IGHA1	TGTGCGAAAGAGACTCAGAAGTTTGCGAGTGGCTGGTTCTTTGAGTCCTGG	30014
2782	IGHV6-1*01	IGHJ5*02	IGHA1	TGTGCCAGAGATCGGGCTCTTACTCCCGGAATGGCAATTGCTACAGACAACTGGTTCGACCCCTGG	70741
2783	IGHV6-1*01	IGHJ5*02	IGHA1	TGTGCCAGAGATCGGGCTCTTACTCCCGGAATGGCAATTGCTACAGACAACTGGTTCGACCCCTGG	70741
2847	IGHV1-18*04	IGHJ1*01	IGHA1	TGTGCGCGATATCTAGTGGGATCATTTTCCCGCAAAGGATTCCAGAACTGG	23
2877	IGHV6-1*01	IGHJ4*02	IGHG1	TGTGCAAGAAGCCTCCATTACTATGACAGTAGTGGTTATTACTACTTTGACTACTGG	70508
2904	IGHV3-30*03	IGHJ3*01	IGHA1	TGTGCGACCCGGGAAATGTACTACTATGATGCCACTGGATTTCCGCGAGATGGCTTTGATGCCTGG	29283
2941	IGHV3-33*01	IGHJ4*02	IGHA1	TGTGCGAGAATGGGGAGCCATTACTCTGATGGCAGTGGTTACGGCTACGGGGCATTTGACCTCTGG	32711
3197	IGHV1-18*04	IGHJ4*02	IGHA1	TGTGCGAGAGATACATCCTATAACAATGGCTGGGGACTTGACTACTGG	1023
3254	IGHV3-23*01	IGHJ4*02	IGHA1	TGCGCGAAATTTTACCGAGCAGAGGCTGGTACGGTTAAGAGGGCGGTCGACCATAAAAGAATTGACTCCTGG	27846
3302	IGHV3-74*01	IGHJ4*02	IGHA1	TGTACAAGAGGCTATGATAACGCTTGGGGGAGTTATCCCTTTGACTACTGG	45103
3342	IGHV3-53*01	IGHJ3*02	IGHA1	TGTGCGAGAGATCTGATCTCGCGTTATAGACACATGTGGGCTTTTGATATCTGG	36751
3526	IGHV3-74*01	IGHJ4*02	IGHA1	TGTATAAAAGTCCCAGAGTACTGG	43823
3533	IGHV3-74*01	IGHJ4*02	IGHA1	TGTATAAAAGTCCCAGAGTACTGG	43823
3595	IGHV3-23*01	IGHJ4*02	IGHA1	TGTGCGAAAGATCTGGGGGCTAACGGAGTGGGAGCTACTTTGGACTACTGG	26380
3701	IGHV3-21*01	IGHJ4*02	IGHA1	TGTGCGAGAGAACGAGCGGGTTACTACCTTGACTGTTGG	21767
3726	IGHV3-23*01	IGHJ4*02	IGHA1	TGTGCGAAAGGGCGACTTCCCGGAGAGTCCTACTTTGACGACTGG	25264
3752	IGHV3-7*01	IGHJ4*02	IGHA1	TGTGCGAAGTACAGTGGGGCCTACTCCTTTGAGTCCTGG	39646
3761	IGHV3-23*01	IGHJ4*02	IGHA1	TGTGTGAAGACCGTGAGGTGGGAACTACCCCCATATTACTTTGACTACTGG	26690
3791	IGHV3-23*01	IGHJ6*02	IGHA1	TGTGTCAAGGATGGGCCCTGGTACGGCCATTTCCACTACTACTATGCTATGGACGTCTGG	28767
3955	IGHV3-7*01	IGHJ6*02	IGHA1	TGTGCGAGCGGGATAGCAATGGCTGGCTCCTTCTATTACGGTATGGACGTCTGG	41841
3982	IGHV3-20*01	IGHJ6*02	IGHA1	TGTGCGAGACCCTTTGTTACTCATCACTATTTCTACGGTATGGACGTCTGG	21347
3994	IGHV3-49*03	IGHJ4*02	IGHA1	TGTACTAGAGGTCCCTCGATGTCGTTTGGTGGGCACTACTATCCGAACTACTTTGACTACTGG	36241
4040	IGHV3-7*01	IGHJ4*02	IGHA1	TGTGCGAGAGGTAGTGGGAGCTATTACAGGCACTGG	39493
4332	IGHV3-53*01	IGHJ4*02	IGHA1	TGTGCGAGCCCCCATGGTAGTAGTGGTTATTACTATCTTGACTACTGG	37593
4360	IGHV3-53*01	IGHJ4*02	IGHA1	TGTGCGAGAGAGGGAAGAAGAGATGTGGACAATGGCAGGTATAACTATGACTACTGG	37798
4364	IGHV3-53*01	IGHJ4*02	IGHA1	TGTTCGAGAGCGACGGGCCCGCTTGACACCCACTGGCCCTACTCTGACTACTGG	37721
4413	IGHV3-73*02	IGHJ4*02	IGHA1	TGTACTAGACATTTGTATGGTGGCCCCCCCAATGACTACTGG	43065
4481	IGHV3-74*01	IGHJ3*02	IGHA1	TGTGCAACCTTGGCGGATACCTCCCGCGGAGCTTTTGATATCTGG	43614
4600	IGHV3-74*01	IGHJ3*02	IGHA1	TGTGCAAGTGGCAACCCGGCGGCCGGATATGCTTTTGATATCTGG	43638
4613	IGHV3-74*01	IGHJ6*02	IGHA1	TGTGTAAGGGGTACCGTTGGCTGGAGTGGTGTGGACGTCTGG	45805
4739	IGHV3-7*01	IGHJ4*02	IGHA1	TGTGCGAGAGACAGTCTACGGAGGTTTGACTTCTGG	39412
4841	IGHV3-7*01	IGHJ4*02	IGHA1	TGTGCGAGAGATATGGCTAGGTCACTTGACAACTGG	39434
5060	IGHV3-53*01	IGHJ3*02	IGHA1	TGTACGAGAGATGACGGGAGATCCTTGATTCATATCTGG	36606
5076	IGHV3-74*01	IGHJ4*02	IGHA1	TGTGCAAGAGGCTGGTTAGTGGGAGCTGACTCCTTTGGCTACTGG	44715
5085	IGHV3-74*01	IGHJ4*02	IGHA1	TGTGCAAGAGGCTGGTTAGTGGGAGCTGACTCCTTTGGCTACTGG	44715
5134	IGHV3-23*01	IGHJ4*02	IGHA1	TGTGCGAAGTCGAATATTGCACATCGCTTATCGCTCTGTTTTGACCAGTGG	26587
5206	IGHV3-74*01	IGHJ6*02	IGHA1	TGTGCAAGAGGCTACCCCGCTAATATGGACGTCTGG	45743
5472	IGHV1-24*01	IGHJ4*02	IGHA1	TGTGCCTCTCCGGCTGTTCCTTGGTACTTCTTTGACTACTGG	8040
563	IGHV4-4*07	IGHJ4*02	IGHG1	TGTGCGAGATCTGATAGTGGGAGCTTCCAGTTTCACTTTGACACCTGG	60707
601	IGHV3-73*02	IGHJ4*02	IGHA1	TGTACTAGACATTTGTATGGTGGCCCCCCCAATGACTACTGG	43065
783	IGHV4-39*01	IGHJ4*02	IGHA1	TGTGCGAGACGGGGTGTTTATTGTCCTAATGGTGTTTGCGACAGGGGAAACTACTACTTTGACTACTGG	57769
948	IGHV1-2*02	IGHJ4*02	IGHA1	TGTGCGAGAGATCCTGTTATTGTGGACTCCTACTTTGACTCCTGG	4697
952	IGHV1-2*02	IGHJ4*02	IGHA1	TGTGCGAGAGATCCTGTTATTGTGGACTCCTACTTTGACTCCTGG	4697
1024	IGHV3-30*18	IGHJ4*02	IGHA1	TGTGCGAAGGATTGGCAACCTTATAACTGGAACTACCATGGAGTCTTTGACTCCTGG	30491
1323	IGHV3-30*03	IGHJ4*02	IGHA1	TGTGCGAGAGGGGCACAGGCAGTGGCTGGAGATCTCCGACACTACTCTGATAGTACTCCTTATTCCGGCCTCCTTGACTACTGG	30816
1480	IGHV1-8*01	IGHJ4*02	IGHA1	TGTTCGAGAGCGGGTCTCATGGCTGCCTTGGGGGACTTCTGG	14378
1498	IGHV1-8*01	IGHJ4*02	IGHA1	TGTTCGAGAGCGGGTCTCATGGCTGCCTTGGGGGACTTCTGG	14378
1605	IGHV4-61*01	IGHJ4*02	IGHA1	TGTGTCAGTAGCGGGCCATACAACTACCCCCCGTCGTTTGACTACTGG	65287
1640	IGHV4-39*02	IGHJ3*01	IGHA1	TGTGCGAACTCCGGTGACTACAGTCATAATGCTTTTGATCTCTGG	53509
1896	IGHV4-59*01	IGHJ6*02	IGHA1	TGTGCGAGAGTGGGACAGTTTGGCTCGGGCGTCCGACATTACGGTATGGACGTCTGG	64504
1903	IGHV4-61*01	IGHJ4*02	IGHA1	TGTGCGAGAGTAACGCTTTTTGGAGCGATTATCAACTGG	64992
1962	IGHV4-4*07	IGHJ2*01	IGHA1	TGTACGCGAGTCAGACTTTCGGGCTCACTGGCAGCCCGCACCTACTACTTCGATTTCTGG	60022
1974	IGHV4-61*01	IGHJ2*01	IGHA1	TGCGCGAGAAGTCTCCGGTATTGTGGTGGTGGTACCTGCTACTCCTGGTACTTCGATCTGTGG	64784
2054	IGHV1-2*02	IGHJ4*02	IGHA1	TGTGCGAGAGGAAATGGTCTTTCGATTTTTGCAGTGGTTGAGACGTGG	5120
2328	IGHV3-33*06	IGHJ4*02	IGHA1	TGTGCGAAATCAAGTCGCGATTTTTGGAGTGGTCCCCGGGACCACTACTTTGACTCGTGG	32648
2345	IGHV3-33*06	IGHJ4*02	IGHA1	TGTGCGAAATCAAGTCGCGATTTTTGGAGTGGTCCCCGGGACCACTACTTTGACTCGTGG	32648
2621	IGHV1-2*06	IGHJ6*02	IGHA1	TGTGCGGGGGTCACCGCTCCCGATGTTGACGCTGACTACGGAATTTTCACCCCCGATTTGGACCTCTGT	7773
2687	IGHV3-30*18	IGHJ4*02	IGHA1	TGTGCGAAAGATACTCAGAAGTATGCGAGTGGCTGGTTCTTTGAGTCCTGG	30014
2744	IGHV6-1*01	IGHJ5*01	IGHA1	TGTGCAAGGGGACTTTGGTCAGAAGGTTTCGACTCCTGG	70615
2787	IGHV6-1*01	IGHJ5*02	IGHA1	TGTTCCAGAGATCGGGCTCTTACTCCCGGAATGGCAATTGCTACAGACAACTGGTTCGACCCCTGG	70741
2922	IGHV1-46*02	IGHJ6*02	IGHA1	TGTGCGAAAGATTGGGGGGCGATAGGATCGGTTATTACCGAACCGGGGATATTCGGTATGGACGTCTGG	10165
2984	IGHV1-18*04	IGHJ4*02	IGHA1	TGTGCGAGAGACACCACCTATAGTAGTGGCTGGGGATTTGACCACTGG	1023
3233	IGHV1-8*01	IGHJ4*02	IGHA1	TGTTCGAGAGCGGGTCTCTGGGCTGCCTTGGGGGACTTCTGG	14378
3318	IGHV3-15*01	IGHJ4*02	IGHA1	TGTACCACACTTGTAGTGGTTCCAGCTGCTCTAGCTTGGCAATTTGAGTCGAATGACTTCTGG	20734
3333	IGHV3-53*01	IGHJ3*02	IGHA1	TGTGCGAGAGATCTGATCTCGCGTTATACACACATGTGGGCTTTTGATATCTGG	36751
3462	IGHV3-7*01	IGHJ5*02	IGHA1	TGCGCGAGAGATTTAGCTAAACAACGGGTGGCCAATGGGGAAGCCGACCACTGG	41546
3468	IGHV3-7*01	IGHJ5*02	IGHA1	TGCGCGAGAGATTTAGCTAAACAACGGGTGGCCAATGGGGAAGCCGACCACTGG	41546
3509	IGHV3-23*01	IGHJ4*02	IGHA1	TGTGCGAAAGATCTGGGGGCTAACGGAGTGGGAGCTACTTTGGACTACTGG	26380
3583	IGHV3-48*01	IGHJ4*02	IGHA1	TGTGCGAGACCCTCCTCGGAGCTACTCTTGTGGTACTCTGACTACTGG	34382
3713	IGHV3-73*02	IGHJ3*02	IGHM	TGTACTCGAGACGACTACGGTGACTACGGTGCCGATGCTTTTGATATGTGG	42930
3725	IGHV3-23*01	IGHJ4*02	IGHA1	TGTGCGAAAGGGCGACTTCCCGGAGAGTCCTACTTTGACGACTGG	25264
3727	IGHV3-23*01	IGHJ4*02	IGHA1	TGTGCGAAAGGGCGACTTCCCGGAGAGTCCTACTTTGACGACTGG	25264
3891	IGHV5-51*03	IGHJ6*02	IGHA1	TGCGCGAGAGAGAAGATATTTTGTACTAGTAGCAATTGCTATGGCAACTACTATGGTATGGACGTCTGG	69546
3985	IGHV3-20*01	IGHJ6*02	IGHA1	TGTGCGAGACCCTTTGTTACTCATCACTATTTCTACGGTATGGACGTCTGG	21347
3989	IGHV3-49*03	IGHJ4*02	IGHA1	TGTACTAGAGGTCCCTCGATGTCGTTTGGTGGGCACTACTATCCGAACTACTTTGACTACTGG	36241
4021	IGHV3-72*01	IGHJ4*02	IGHA1	TGTGCCAGAGTAGAGTGTAGTGGTAGCAGCTGCCATTTGAACTGCTGG	42521
4061	IGHV3-48*01	IGHJ1*01	IGHG1	TGTGCGAGAGGCTACGGTGACGACGGATACTTCCAACACTGG	33359
4118	IGHV3-48*01	IGHJ4*02	IGHA1	TGTGCGAGGACAAAATATTACTATGACAGTAATGACTCCTGG	34149
4235	IGHV3-21*01	IGHJ2*01	IGHA1	TGTGCGAGAGGGGAGACCCGCTTCGATCTCTGG	21390
4260	IGHV3-21*01	IGHJ4*02	IGHA1	TGTGCGAGAGTTGGTATAGCAGTGGCTGGTACTAGGGGAGGAGAACTTGAGTACTGG	22577
4309	IGHV3-15*01	IGHJ3*01	IGHA1	TGTGCCACTGGATACTGTAGCGGTGGTAGGTGCCACTACGATGATGCTTTTCATCTCTGG	19281
4314	IGHV3-7*01	IGHJ6*02	IGHA1	TGTGCGAGAATCCCAACCTTGACCCTAAGTGGGAGCTATTCGTCATACTACTACGGTCTGGACGTCTGG	41999
4340	IGHV3-53*01	IGHJ4*02	IGHA1	TGTGTGAGCCCCCATGGTAGTAGTGGTTATTACTATCTTGACTACTGG	37593
4398	IGHV3-73*02	IGHJ4*02	IGHA1	TGTACTAGACATTTGTATGGTGGCCCCCCCAATGACTACTGG	43065
4435	IGHV3-73*02	IGHJ4*02	IGHA1	TGTACTAGACATTTGTATGGTGGCCCCCCCAATGACTACTGG	43065
4490	IGHV3-74*01	IGHJ4*02	IGHA1	TGTGCAAGAGGGACTACGGTGACTAAAACCTTTGACTACTGG	44588
4492	IGHV3-74*01	IGHJ4*02	IGHA1	TGTGCAAGAGGGACTACGGTGACTAAAACCTTTGACTACTGG	44588
4606	IGHV3-74*01	IGHJ6*02	IGHA1	TGTGTAAGGGGTACCGTTGGCTGGAGTGGTGTGGACGTCTGG	45805
4792	IGHV3-7*01	IGHJ4*02	IGHA1	TGTGCGAGAGGAGTGACTACCGGGATTGACTACTTTGACTCCTGG	40225
4883	IGHV3-74*01	IGHJ4*02	IGHA1	TGTGTAAGAGGGTCTCATAACAGTTATTCTGACCACGTCCTCTTTGACTATTGG	45263
4905	IGHV3-15*01	IGHJ5*02	IGHA1	TGTACCACAGATCCCAGGAGGGGGTTCCGTGACTGGTCCGACCCCTTG	20928
4973	IGHV3-23*01	IGHJ3*01	IGHA1	TGTGCGAAGGGCCTCCTCGGCGACTACGTCACTTCGGGGGCTTTTGATGTTTGG	23963
5036	IGHV3-21*02	IGHJ5*02	IGHA1	TGTGCGAGCGAGTTTAGCAGTGGCTGGTTCACCCAGGGCTTGGCTCACCGCTGG	22846
5133	IGHV3-23*01	IGHJ4*02	IGHA1	TGTGCGAAGTCGAATATTGCACATCGCTTATCGCTCTGTTTTGACCAGTGG	26587
5200	IGHV3-7*01	IGHJ2*01	IGHA1	TGTGCGAGAAGGGTGGCAAGTGGGGGCCCGAAGGGTACGGTGGTAAATACGGACTGGTACTTCGAGCTCTGG	38542
5315	IGHV3-23*04	IGHJ4*02	IGHA1	TGTGCGAAGGAGTCGAGTTTCGCCTACGGTCCTCTCTCATCCCACTTTGACTACTGG	27155
5404	IGHV3-7*01	IGHJ4*02	IGHA1	TGTGCGAGTGGCTTTCCCCCTACCAGTGGCTATTACGACTACTGG	40211
5452	IGHV3-7*01	IGHJ5*02	IGHA1	TGTGCGAGAGAACCCACGCCCCTCACATCTTATTCTGCAGGAGGCGCTTATTATTCTTTCGACCTCTGG	41616
5477	IGHV3-74*01	IGHJ3*02	IGHA1	TGTGCAACCTTGGCGGATACCTCCCGCGGAGCTTTTGATATCTGG	43614
5489	IGHV4-59*10	IGHJ4*02	IGHG1	TGTGCGAGATCTGATAGTGGGAGCTTCCAGTTCCACTTTGACAACTGG	63164
868	IGHV4-39*01	IGHJ5*02	IGHA1	TGTGCGAGACCGTTGAGGGGTTCGACTACGGGATTCGACCCCTGG	58132
913	IGHV4-39*08	IGHJ6*02	IGHG1	TGTGCGAGACGCCTCGATTTTTGGAGTGGTTATTATGAGGGGAGGGGGGAAAACTACGGTATGGACGTCTGG	59880
1332	IGHV3-30*18	IGHJ6*03	IGHA1	TGTGCGAAGACCCGGGACGATTTTTGGAGTGGTTACGACTTCGACATGGACGTCTGG	31270
1347	IGHV3-11*01	IGHJ4*02	IGHA1	TGTGCGAGAAAAAAGATAGTGGGTGGCCCCGGGGCCCTCTACTACGGG	17892
1575	IGHV4-34*02	IGHJ2*01	IGHA1	TGTTCGAGGGACTCTGGCGTGGTGCGCGGTCCTGTTCTAATCACTGGTGGGGATCCACACTTCGATCAGTGG	50253
1598	IGHV4-4*07	IGHJ6*02	IGHA1	TGTGCGAAAGAGAGGGGGGAGTGGGACGGTATGGACTTCAGG	61419
1622	IGHV4-61*01	IGHJ6*02	IGHA1	TGTGCGACCTTGCGTTTGGAGCAGATATCTTTTAGCCATCACTATTACGGTTTGGACGTCTGG	65887
1674	IGHV4-61*01	IGHJ4*02	IGHA1	TGTACGACAGGTTCAGACGCCTACAAGTTGCACTACTGG	64961
1680	IGHV4-61*01	IGHJ4*02	IGHA1	TGTACGACAGGTTCAGACGCCTACAAGTTGCACTACTGG	64961
1889	IGHV4-59*01	IGHJ6*02	IGHA1	TGTGCGAGAGGCCCTATTACGGAGGTAACTGATTACGGTATGGACGTCTGG	64395
1950	IGHV4-4*07	IGHJ6*02	IGHA1	TGCTCGAGAGGGGGGAGTGTTGAAGGTACTGGGGCATACTACGGTTTGGACGTCTGG	61558
2015	IGHV4-4*07	IGHJ5*02	IGHG3	TGTGCGAGAGAAAGTCATTACGATTTTTGGAGTGGTTGGATGAATTGGTTCGACCCCTGG	61313
2303	IGHV3-11*01	IGHJ6*02	IGHG1	TGTGCGAGAGGGGCGATGTTTGGACTGGGACTTCAATACTACGGTATGGACGTCTGG	18594
2322	IGHV3-30*18	IGHJ4*02	IGHA1	TGTGCGAAACGAAGAAGGGTGGGTGAGGCCACACTAGATTGGTTCTTGGACTACTGG	30428
2453	IGHV4-34*01	IGHJ6*02	IGHA1	TGTGCGAGAGGAGATACAGTGATGCCGTTCCACCCCAAATTCTACTACGGTATAGACGTCTGG	52682
2579	IGHV1-2*02	IGHJ4*02	IGHM	TGTGCGAGAGGGCTCTCTAGTTATAGGGACTACCGGCCGGGCTACTGG	4970
2666	IGHV3-53*02	IGHJ4*02	IGHA1	TGTGCGGGAGATACAGCTTGGGGGAGAGTCTTCCACTGG	37159
2688	IGHV3-30*18	IGHJ4*02	IGHA1	TGTGCGAAAGATACTCAGAAGTATGCGAGTGGCTGGTTCTTTGAGTCCTGG	30014
2713	IGHV3-11*01	IGHJ4*02	IGHA1	TGTGCGAGAGATGCCCTTGTGTACACTTTTGACTATTGG	17609
2767	IGHV1-46*01	IGHJ4*02	IGHA1	TGTGCGACATTCGGAGATGGCTACAAACGAGTTGACTTCTGG	8899
3033	IGHV2-5*01	IGHJ3*01	IGHA1	TGTGCACACATATCCACACCTATGTCTTCGGGATATGATACTTTTCATGTCTGG	15677
3070	IGHV1-45*02	IGHJ4*02	IGHA1	TGTGCAAGTTCGAACAACAGTCCGCACTATTCTTTTGACTATTGG	8454
3206	IGHV1-18*04	IGHJ4*02	IGHA1	TGTGCGAGAGATACATCCTATAACAATGGCTGGGGACTTGACTACTGG	1023
3234	IGHV3-7*01	IGHJ6*02	IGHA1	TGTGCGAGACCAATGCGTCCGTATGGCAGCAGCTGGGCAACGGACGTCTGG	41788
3240	IGHV1-18*04	IGHJ1*01	IGHA1	TGTGCGCGAGATCTAGTGGGATCATTTTCCCGCAAAGGACACCAGAACTGG	23
3278	IGHV3-9*02	IGHJ6*01	IGHA1	TGTATTAGAGACATTCGAGGGGCCGAAGGGGGCATGGACGTCTGG	48235
3313	IGHV3-48*01	IGHJ4*02	IGHA1	TGTGCGAGAGCGCGAGGGAGTAGCAGTTGGTACGCCCTTGACTACTGG	34459
3351	IGHV5-51*01	IGHJ3*01	IGHA1	TGCGCGAGACATGATGCCGATTTTTGGAGTGGTTCATATCCTGGCACTTTTGATTTGTGG	66619
3408	IGHV3-74*01	IGHJ5*02	IGHA1	TGTACAACCTTCGCTTCTACAGTGCCCACCTGG	45407
3409	IGHV3-74*01	IGHJ5*02	IGHA1	TGTACAACCTTCGCTTCTACAGTGCCCACCTGG	45407
3423	IGHV3-74*01	IGHJ5*02	IGHA1	TGTACAACCTTCGCTTCTACAGTGCCCACCTGG	45407
3476	IGHV5-51*03	IGHJ5*02	IGHA1	TGTGCGAGACATGAGAGGCTTGCAGCAGTTGGTGACCCCTGG	68637
3481	IGHV3-48*02	IGHJ4*02	IGHA1	TGCGCGAAAATTAGGGATGGCAGCTCGTCAATCGGGCACTACTGG	34186
3498	IGHV3-48*02	IGHJ4*02	IGHA1	TGCGCGAAAATTAGGGATGGCAGCTCGTCAATCGGGCACTACTGG	34186
3564	IGHV3-53*02	IGHJ3*02	IGHA1	TGTGCGGCAGTGGGAACTACTAGAGATAGGGATGCTTTTGATATTTGG	36704
3763	IGHV3-23*01	IGHJ4*02	IGHA1	TGTGTGAAGACCGTGAGGTGGGAACTACCCCCATATTACTTTGACTACTGG	26690
3793	IGHV3-23*01	IGHJ6*02	IGHA1	TGTGTGAAGGATGGGCCCTGGTACGGCCATTTCCACTACTACTATGCTATGGACGTCTGG	28767
3875	IGHV5-51*03	IGHJ4*02	IGHA1	TGTGCGAGACTCGGGCCAAGTACGGTGGTGACTTCCGGGGACTACTGG	67692
3973	IGHV3-20*01	IGHJ6*02	IGHA1	TGTGCGAGACCCTTTGTTACTCATCACTATTTCTACGGTATGGACGTCTGG	21347
4070	IGHV3-48*02	IGHJ4*02	IGHA1	TGTGCGAGATATCTGGGGGTGGTGGATGATGACGTTTGGGGGACTTATCGTTATACATCGTACTACTTTGACTACTGG	34999
4238	IGHV3-21*01	IGHJ2*01	IGHA1	TGTGCGAGAGGGGAGACCCGCTTCGATCTCTGG	21390
4244	IGHV3-21*01	IGHJ2*01	IGHA1	TGTGCGAGAGGGGAGACCCGCTTCGATCTCTGG	21390
4286	IGHV3-21*01	IGHJ4*02	IGHA1	TGTGCGAGAGATCTCCGGGGAAACAACTATGCGATTGACTACTGG	21999
4388	IGHV3-15*01	IGHJ4*02	IGHM	TGTACCACCTTCTGTGATGGCCGGGGCGACTACTGG	19616
4543	IGHV3-74*01	IGHJ3*02	IGHA1	TGTGCAACCTTGGCGGATACCTCCCGCGGAGCTTTTGATATCTTG	43614
4567	IGHV3-74*01	IGHJ3*02	IGHA1	TGTGCAACCTTGGCGGATACCTCCCGCGGAGCTTTTGATATCTGG	43614
4619	IGHV3-74*01	IGHJ4*02	IGHG1	TGTGCAAGAGATCTCATTGTGGCTAACTACGTTAGTGGTGGAGACGACTTTGACTACTGG	45331
4908	IGHV3-21*07	IGHJ4*02	IGHA1	TGTGCGAGGCATCTTCAAGATTGTAGTGGAGGGAGTTGTTACTCTCGGATTGGTGACCACTGG	22677
5146	IGHV3-23*01	IGHJ4*02	IGHA1	TGTGCGAAGGTCGCCGTGATGACTACGGTGACTAGCCGATTTGACCACTGG	26581
5169	IGHV3-21*02	IGHJ4*02	IGHA1	TGTGTGAGAGAAGATAGTCACAACTCCAAACACTACTACTTTGACCTCTGG	22383
5250	IGHV3-49*03	IGHJ4*02	IGHA1	TGTAATAGAGCTGGTGTTACGAGATTTGGAGTGGTAATTCCCCCCGGGCTTAACTGG	36168
5316	IGHV3-23*04	IGHJ4*02	IGHA1	TGTGCGAAGGAGTCGAGTTTCGCCTACGGTCCTCTCTCATCCCACTTTGACTACTGG	27155
5487	IGHV5-51*03	IGHJ4*02	IGHA1	TGTGCGAGACTCGGGCCAAGTACGGTGGTGACTTCCGGGGACTACTGG	67692
540	IGHV6-1*01	IGHJ4*02	IGHM	TGTGCAAGAGTGGAGGGTATAACTGGAACTCGGAGTTTTGACTACTGG	70401
654	IGHV1-8*01	IGHJ4*02	IGHA1	TGTTCGAGAGCGGGTCTCATGGCTGCCTTGGGGGACTTCTGG	14378
767	IGHV4-34*02	IGHJ6*02	IGHA1	TGTGCGAGAGGCCTGCGGTCTTTGACATGGTCCGGGGAGCGGGCCTTCTACTTCTATTACGCGATGGACGTCTGG	52938
976	IGHV4-39*08	IGHJ5*02	IGHA1	TGTGCGAGACATGAGACGATTTTCGAAGCATCAGCTGCTGTGGGTTTCGACCCCTGG	58778
1269	IGHV1-2*02	IGHJ4*02	IGHA1	TGTGCGAAAAATCCCACTACCGGCAGCTGGTACCCATATGACTTTGCCTACTGG	5570
1385	IGHV4-34*02	IGHJ5*02	IGHA1	TGTGCCTCCCGGGGAGTACCTGGGGCTCTCAGATCGTGGTTCGACCCCTGG	52011
1390	IGHV4-34*02	IGHJ5*02	IGHA1	TGTGCCTCCCGGGGAGTACCTGGGGCTCTCAGATCGTGGTTCGACCCCTGG	52011
1392	IGHV1-69*01	IGHJ3*01	IGHG1	TGTGCGAGAGAAATCACATTGGGGGGTGCCTATGATGTTTGG	10613
1427	IGHV4-4*07	IGHJ4*02	IGHA1	TGCGCGAGAGGAAGTGACGGTGACTACTACTTTGACCACTGG	60447
1432	IGHV1-46*01	IGHJ6*02	IGHA1	TGTGCGAGAGCGGTAGTCTCTGGAACTGGCGACTACTACGGTCTGGACGTCTGG	10053
1525	IGHV1-8*01	IGHJ4*02	IGHA1	TGTTCGAGAGCGGGTCTCTGGGCTGCCTTGGGGGACTTCTGG	14378
1595	IGHV4-4*07	IGHJ6*02	IGHA1	TGTGCGAAAGAGAGGGGGGAGTGGGACGGTATGGACTTCAGG	61419
1848	IGHV4-61*01	IGHJ4*02	IGHA1	TGTGCGAGAGCTAGATACAGCTATGGTCCCATTGACTACTGG	65073
1934	IGHV4-61*01	IGHJ4*02	IGHA1	TGTGCGAGAGTAACGCTTTTTGGAGTGATTATCAACTGG	64992
1980	IGHV4-59*01	IGHJ6*02	IGHA1	TGTGCGAGAGTTCAGGGTTTCGCAGTGGCTGATACTAACTACTACAACGGTATGGACGTCTGG	64600
2177	IGHV1-8*01	IGHJ4*02	IGHA1	TGTCTTAAGCGTCATTATGATATGTCGCGTGCTTATTCCTCCTTTGACTTCCGG	14586
2280	IGHV3-30*18	IGHJ4*02	IGHA1	TGTGCGAAGGATTTAAGAGATGGCTACAATTATATTGAAGACTGG	29681
2337	IGHV3-30*18	IGHJ6*02	IGHA1	TGTGTGAAAGATCGGGGGTGGGCTACAGTAATTTCGCGGGGTATGGACGTCTGG	31198
2351	IGHV3-33*06	IGHJ4*02	IGHA1	TGTGCGAAATCAAGTCGCGATTTTTGGAGTGGTCCCCGGGACCACTACTTTGACTCGTGG	32648
2352	IGHV3-33*06	IGHJ4*02	IGHA1	TGTGCGAAATCAAGTCGCGATTTTTGGAGTGGTCCCCGGGACCACTACTTTGACTCGTGG	32648
2382	IGHV3-30*03	IGHJ4*02	IGHA1	TGCGCGAGAGATCACAAGACCATCTATGATGGTAGCGGTTATTTCTTTGACTACTGG	30538
2596	IGHV4-59*11	IGHJ4*02	IGHA1	TGTGCGAGATATCCCGACCGCGCCGGTGGGACCTTTGATTACTGG	62944
2638	IGHV1-2*02	IGHJ5*02	IGHA1	TGTGCCAACAACCGCAATCCTGGCAGTGATTACTTCCTGTCGTCCTGG	6529
2643	IGHV1-2*02	IGHJ5*02	IGHA1	TGTGCCAACAACCGCAATCCTGGCAGTGATTACTTCCTGTCGTCCTGG	6529
2649	IGHV1-2*02	IGHJ5*02	IGHA1	TGTGCCAACAACCGCAATCCTGGCAGTGGTTACTTCCTGTCGTCCTGG	6529
2694	IGHV3-33*01	IGHJ6*02	IGHA1	TGTGCGAGTAGTTCGAGAGGTAGTAGTATCAGCTGTTATTCGTGGTTGTGTCAATTGTACGGTATGGACGTCTGG	33162
2761	IGHV1-69*01	IGHJ4*01	IGHA1	TGTGCGAGAGTCGGCCAGCCACTACTATTCGAGAAGGGCGGCTTTGACTATTGG	11836
2923	IGHV1-46*02	IGHJ6*02	IGHA1	TGTGCGAAAGATTGGGGGGCGATAGGATCGGTTATTACCGAACCGGGGATATTCGGTATGGACGTCTGG	10165
2939	IGHV3-33*01	IGHJ4*02	IGHA1	TGTGCGAGAATGGGGAGCCATTACTCTGATGGCAGTGGTTACGGCTACGGGGCATTTGACCTCTGG	32711
3087	IGHV4-59*01	IGHJ3*02	IGHA1	TGTGCGAGTCTAGATGGATACTATCTCCCCAGGATCTGG	61935
3220	IGHV3-23*01	IGHJ6*02	IGHA1	TGTGCGAAAGTTTTGCGGGCCACGGAGACCCTACTTTCCCTCTCGTATTACTATTACGGAATGGATGTCTGG	28927
3321	IGHV3-15*01	IGHJ4*02	IGHA1	TGTACCACACTTGTAGTGGTTCCAGCTGCTCTAGCTTGGCAATTTGAGTCGAATGACTTCTGG	20734
3366	IGHV4-39*01	IGHJ6*02	IGHA1	TGTGCTCGCTACTACTTCTTCGCTATCGACGTCTGG	59309
3484	IGHV3-48*02	IGHJ4*02	IGHA1	TGCGCGAAAATTAGGGATGGCAGCTCGTCAATCGGGCACTACTGG	34186
3651	IGHV3-15*01	IGHJ4*02	IGHA1	TGTACGACTGACCGGAGTTATGGTTACTACTCTGCCCACTGG	19951
3821	IGHV3-53*01	IGHJ4*02	IGHA1	TGTGCGAGCCCCCATGGTAGTAGTGGTTATTACTATCTTGACTACTGG	37593
3858	IGHV5-51*01	IGHJ3*01	IGHA1	TGCGCGAGACATGATGCCGATTTTTGGAGTGGTTCATATCCTGGCACTTTTGATTTGTGG	66619
4026	IGHV3-72*01	IGHJ6*02	IGHA1	TGTGCTAGAGGGGGCGGACTGGGAAACTACCAGTACGCTATGGACGGCTGG	42777
4107	IGHV3-48*01	IGHJ4*02	IGHA1	TGTGCGAGGACAAAATATTACTATGACAGTAATGACTCCTGG	34149
4110	IGHV3-48*01	IGHJ4*02	IGHA1	TGTGCGAGGACAAAATATTACTATGACAGTAATGACTCCTGG	34149
4116	IGHV3-48*01	IGHJ4*02	IGHA1	TGTGCGAGGACAAAATATTACTATGACAGTAATGACTCCTGG	34149
4229	IGHV3-21*01	IGHJ4*02	IGHA1	TGTGCGAGAGGGGGTGTTACTACTAGGTGCTATGACTACTGG	21916
4239	IGHV3-21*01	IGHJ2*01	IGHA1	TGTGCGAGAGGGGAGACCCGCTTCGATCTCTGG	21390
4321	IGHV5-51*03	IGHJ3*02	IGHA1	TGTGTGAGAAACGGTTGTAGTGGTGGTGCCTGCTTCGATATCTGG	66308
4353	IGHV3-53*01	IGHJ4*02	IGHA1	TGTGCGAGAGAGGGAAGAAGAGATGTGGACAATGGCAGGTATAACTATGATTACTGG	37798
4429	IGHV3-73*02	IGHJ4*02	IGHA1	TGTACTAGACATTTGTATGGTGGCCCCCCCAATGACTACTGG	43065
4763	IGHV3-74*01	IGHJ4*02	IGHA1	TGTGCAAGGGCGTCCGGAGATAAATATGACAATAGGAGGCCCTTCGACTACTGG	45252
4773	IGHV5-51*03	IGHJ4*02	IGHA1	TGTGCGAGACAACTTAATCGGTTTGGGAGTGGTTTTTATCCTCCCGGGGACTCGCCGTTTGACTACTGG	68535
4857	IGHV3-53*01	IGHJ5*02	IGHA1	TGTGCGAGAGGGCGATCGGGTGGCCCAAGGTTCGACCCCTGG	37931
4998	IGHV5-51*01	IGHJ4*02	IGHA1	TGTGCGAGACACGCGATGCCAGCTCGCTTCGAGGATCATTTTGACTCCTGG	67860
5118	IGHV3-23*01	IGHJ3*02	IGHA1	TGTGCGAAACAGGGTGATGGAAAACCTCATGAAAGCAGCTCTTATAAGGATGCTTTTGATATGTGG	24142
5172	IGHV3-74*01	IGHJ4*02	IGHA1	TGTGTAAGAGACTGTTGTGGGACGTTCGGTGACGACTGG	44453
5262	IGHV3-73*02	IGHJ5*02	IGHA1	TGTTCCTCTCGAGTGGGAACTACTGCTGCCTGG	43282
5273	IGHV3-48*01	IGHJ3*01	IGHA1	TGTGCGAGAGGCACGCCGCGGCTGACTAATGATGTGGGGGATGCATTTTATGTCTGG	33584
5286	IGHV3-73*02	IGHJ4*02	IGHM	TTTAAGACTTGGCTAGAACCTTTTGACTACTGG	42988
5412	IGHV3-7*01	IGHJ4*02	IGHA1	TGTGCGAGTGGCTTTCCCCCTACCAGTGGCTATTACGACTACTGG	40211
5420	IGHV3-9*01	IGHJ4*02	IGHA1	TGTGTAAAAAGTGTGGTCGGAGCAGATGCCACTTACTTTGACTACTGG	47209
660	IGHV3-21*01	IGHJ2*01	IGHA1	TGTGCGAGAGGGGAGACCCGCTTCGATCTCTGG	21390
708	IGHV3-11*01	IGHJ3*02	IGHA1	TGTGCGAAGGGGCCCCGGAGTAGCAGCTCCCCCAACTACAACGGTGCTTTTGATATCTGG	17406
839	IGHV4-39*01	IGHJ6*02	IGHA1	TGTGCTCGCTACTACTTCTTCGCTATCGACGTCTGG	59309
1051	IGHV1-18*04	IGHJ1*01	IGHA1	TGTGCGCGAGACGCCATCAGTATGATACTAGCGCTTAACCCCGCTGAATACTTCCAACACTGG	46
1501	IGHV1-8*01	IGHJ4*02	IGHA1	TGTTCGAGAGCGGGTCTCTGGGCTGCCTTGGGGGACTTCTGG	14378
1617	IGHV4-61*01	IGHJ6*02	IGHA1	TGTGCGACCTTGCGTTTGGAGCAGATATCTTTTAGCCATCACTATTACGGTTTGGACGTCTGG	65887
1694	IGHV4-59*01	IGHJ6*02	IGHA1	TGTGCGAGAGGCCCTATTACGGAGGTAACTGATTACGGTATGGACGTCTGG	64395
1709	IGHV4-61*03	IGHJ6*02	IGHA1	TGTGCGAGAGACTACAATAGCGGCGACTACGGTATGGACGTCTGG	65762
1845	IGHV4-59*01	IGHJ6*02	IGHA1	TGTGCGAGAGTGGGACAGTTTGGCTCGGGCGTCCGACATTACGGTATGGACGTCTGG	64504
1927	IGHV4-59*01	IGHJ3*02	IGHA1	TGTGCGAGGACTTGGGGATCTCAGGATGGTATAAATATCTGG	61971
2062	IGHV1-2*02	IGHJ4*02	IGHA1	TGTGCGAGAGGGGGACTCCTCTGGGCCGGAGAACTCTACTACTTTGACTACTGG	5751
2107	IGHV1-69*01	IGHJ6*02	IGHA1	TGTGCGAGCACGGAGGCTTTCGGGTTCTTCGCTATGGACGTCTGG	12910
2152	IGHV1-46*01	IGHJ4*02	IGHA1	TGTGCGAGAGATCTTACTAATAGTTGGAGTTCTCAATACTACCTTGACTCCTGG	9442
2562	IGHV1-46*01	IGHJ6*02	IGHA1	TGTGCGAGAGATAGGGGGCACATAGAATTAGTTATTACCGAACCGGGGATATTCGGTATGGACGTCTGG	10165
2710	IGHV3-11*01	IGHJ4*02	IGHA1	TGTGCGAGAGATGCCCTTGTGTTTACTTTTGACTATTGG	17609
2981	IGHV1-18*04	IGHJ3*02	IGHA1	TGTGCGAGGGCCTTTAGCGGGCTTAGTGTCGCGAAGAAGCTCGGGCAGCGACAAACGGGGTGCCGGGATGCTTTTGATATCTGG	375
3103	IGHV1-2*07	IGHJ4*02	IGHA1	TGTGCGAGCCCAGGTGGAGTTAATTTCGACGTTTGGACGGACTGG	4852
3107	IGHV1-2*07	IGHJ4*02	IGHA1	TGTGCGAGCCCAGGTGGAGTTAATTTCGACGTTTGGACGGACTGG	4852
3222	IGHV3-7*01	IGHJ6*02	IGHA1	TGTGCGAGACCAATGCGTCCGTATGGCAGCAGCTGGGCAACGGACGTCTGG	41788
3295	IGHV5-51*01	IGHJ4*02	IGHA1	TGTGCGAGACATGTCATTGGGGGTTTTGGAGCCGCAGTTGGCTGGTCTGAGTGG	68114
3364	IGHV3-21*07	IGHJ4*02	IGHA1	TGTGCGAGGCATCTTCAAGATTGTAGTGGAGGGAGTTGTTACTCTCGGATTGGTGACCACTGG	22677
3865	IGHV5-51*01	IGHJ4*02	IGHA1	TGTGCGAGACGGGCGCTATCAACCGGTGCTTGGGCCGACTCGCGCTTCGATTATTGG	68280
3895	IGHV3-74*01	IGHJ6*02	IGHG1	TGTGCAAGAGTTCACTATGATTCGGGGACGAACGTCTGG	45766
3949	IGHV3-72*01	IGHJ6*02	IGHA1	TGTGCTAGAGGGGGCGGACTGGGAAACTACCAGTACGCTATGGACGGCTGG	42777
4480	IGHV3-74*01	IGHJ4*02	IGHA1	TGTCTAGCATATGGCAGTGAGTGGAACTGG	43899
4488	IGHV3-74*01	IGHJ4*02	IGHA1	TGTGCAAGAGGGACTACGGTGACTAAAACCTTTGACTACTGG	44588
4722	IGHV3-74*01	IGHJ1*01	IGHA1	TGCACAAGAGTGGGGGATTTTGATGCAAGTGGTTATTACGGATTTTCCCAGTACTGG	43461
4741	IGHV3-7*01	IGHJ4*02	IGHA1	TGTGCGAGAGACAGTCTACGGAGGTTTGACTTCTGG	39412
4784	IGHV3-7*01	IGHJ4*02	IGHA1	TGTGCGAGAGGAGTGACTACCGGGATTGACTACTTTGACTCCTGG	40225
5049	IGHV3-21*08	IGHJ4*02	IGHA1	TGTGCGAGACTCCTGCGATTTTACTTTGACTACTGG	21710
5292	IGHV3-73*02	IGHJ4*02	IGHM	TGTAAGACTTGGCTAGAACCTTTTGACTACTGG	42988
5475	IGHV1-46*01	IGHJ4*02	IGHA1	TGTGCGAGAGGAGGGCGGCCAAGTGACGGTATCTACAGAGCGCCATGGGAGTTCTGG	9539
705	IGHV1-18*04	IGHJ1*01	IGHA1	TGTGCGCGAGATCTAGTGGGATCATTTTCCCGCAAAGGATTCCAGAGCTGG	23
986	IGHV4-39*01	IGHJ4*02	IGHA1	TGTGCGAGGCCCTCCCGTACAGGGAACTACTACTACTGG	54434
1095	IGHV1-46*01	IGHJ5*02	IGHA1	TGTGTCAGAGCCGAATTCTCCAACTGGTTCGACCCCTGG	9724
1214	IGHV4-39*01	IGHJ5*02	IGHG1	TGTGCGAGACGCCTAGCTCGTCAGGGCTGGTTCGACCCCTGG	58045
1491	IGHV1-8*01	IGHJ4*02	IGHA1	TGTTCGAGAGCGGGTCTCATGGCTGCCTTGGGGGACTTCTGG	14378
1509	IGHV1-8*01	IGHJ4*02	IGHA1	TGTTCGAGAGCGGGTCTCTGGGCTGCCTTGGGGGACTTCTGG	14378
1707	IGHV4-59*11	IGHJ5*02	IGHA1	TGTGCGGGCTATCTGGGGGAATTAAGACTGGGGTTCGACCCCTGG	63917
1917	IGHV4-61*01	IGHJ4*02	IGHM	TGTGCGACAGGTTCAGACGCCTACAAGGTGGGCTACTGG	64961
2069	IGHV1-69*01	IGHJ4*02	IGHA1	TGTGTGCGAGTCGGCCAGCCAGTGCTATTCGAGAAGGCCGGCTTTGACTATTGG	11836
2077	IGHV1-69*01	IGHJ4*02	IGHA1	TGTGCTGCTTCCTGGCGGCGTTACTCTAGTTCGGGAAGTTATTCCCCATACTTCTTTGACCACTGG	12305
2093	IGHV1-69*01	IGHJ4*02	IGHA1	TGTGCGAGAGACGTGCAGCAATTGGTTTATTCAGGCGTGGGCAACTGG	11411
2207	IGHV1-2*02	IGHJ4*02	IGHA1	TGTGCGAGAACAAGCTACGGTGACAAAGTGGGTGCTGATGACTGCTGG	4996
2393	IGHV1-46*01	IGHJ5*02	IGHA1	TGTGTCAGAGCCGAATTCTCCAACTGGTTCGACCCCTGG	9724
2400	IGHV1-46*01	IGHJ5*02	IGHA1	TGTGTCAGAGCCGAATTCTCCAACTGGTTCGACCCCTGG	9724
2560	IGHV1-46*01	IGHJ6*02	IGHA1	TGTGCGAGAGATAGGGGGCACATAGAATCAGTTATTACCGAACCGGGGATATTCGGTATGGACGTCTGG	10165
2610	IGHV1-2*06	IGHJ6*02	IGHA1	TGTGCGGGGGTCACCGCTCCCGATGTTGACGCTGACTACGGAATTTTCACCCCCGATTTGGACCTCTGG	7773
2695	IGHV3-33*01	IGHJ6*02	IGHA1	TGTGCGAGTAGTTCGAGAGGTAGTAGTATCAGCTGTTATTCGTGGTTGTGTCAATTGTACGGTATGGACGTCTGG	33162
2874	IGHV1-18*04	IGHJ3*01	IGHG1	TGTGCGAGAGATGGCTGGCATACGGTTGTTATTGCGGGGTTGAAAGCTTTTGATGTGTGG	287
2901	IGHV3-30*03	IGHJ3*01	IGHA1	TGTGCGACCCGGGAAATGTACTACTATGATGCCACTGGATTTCCGCGAGATGGCTTTGATGCCTGG	29283
2937	IGHV1-18*04	IGHJ4*02	IGHA1	TGTGCGAGAGTTGCCCATTGTCACGATAGTCGGGGCTATTTTAGGTTCTTTGAATATTGG	1812
3023	IGHV2-5*01	IGHJ4*02	IGHG1	TGTGCACACAGCGAGCGTCGATACACCTATGGTGCCTTTGACTACTGG	16058
3397	IGHV3-23*01	IGHJ4*02	IGHA1	TGTACGAAAGACAGTCCGGCCCCCTTTGACTTCTGG	24380
3642	IGHV3-49*05	IGHJ4*02	IGHA1	TGTTCTAGACTTAGAGTAGTGGTCCGGGTGCCCAAATCCAACTATAGCAGCAACTGGTACTTTGAGGACTGG	36286
3822	IGHV3-74*01	IGHJ3*02	IGHA1	TGTGCAAGTGGCAACCCGGCGGCCGGATATGCTTTTGATATCTGG	43638
3926	IGHV3-7*01	IGHJ4*02	IGHG1	TGTGCGAGAAGTCGGTGGTTGAGTGAGAGCTATCCCTCGGAACTTGACTTCTGG	40871
3990	IGHV3-49*03	IGHJ4*02	IGHA1	TGTACTAGAGGTCCCTCGATGTCGTTTGGTGGGCACTACTATCCGAACTACTTTGACTACTGG	36241
4060	IGHV3-48*02	IGHJ4*02	IGHA1	TGTGCGAGAGATCTGGGGGTGGCGGATGATGACGTTTGGGGGACTTATCGTTATACATCGTACTACTTTGACTACTGG	34999
4328	IGHV3-53*01	IGHJ4*02	IGHA1	TGTGCGAGAGAGGGAAGAAGAGATGTGGACAATGGCAGGTATAACTATGACTACTGG	37798
4424	IGHV3-73*02	IGHJ4*02	IGHA1	TGTACTAGACATTTGTATGGTGGCCCCCCCAATGACTACTGG	43065
4484	IGHV3-74*01	IGHJ4*02	IGHA1	TGTGCAAGGGTCACTATGGGGAAGGGGGCTGGATACTGG	44421
4727	IGHV3-21*04	IGHJ6*02	IGHA1	TGTGCGAGAGACACGTATTACTTCGATAGTAGTGGTGACTACTATCCTGGTTACTACGGTATGGACGTCTGG	23320
4766	IGHV3-74*01	IGHJ4*02	IGHA1	TGTGCAAGGGCGTCCGGAGATAAATATGACAATAGGAGGCCCTTCGACTACTGG	45252
4806	IGHV3-7*01	IGHJ6*02	IGHA1	TGTTCGAGGCGGTATTACTATGATAATGGTGGTGGTTGCGGTCTGGACGTCTGG	41842
4875	IGHV3-74*01	IGHJ4*02	IGHA1	TGTGTAAGAGGGTCTCATAACAGTTATTCTGACCACGTCCTCTTTGACTATTGG	45263
4887	IGHV3-7*01	IGHJ4*02	IGHA1	TGTGCGAGAGATATGGCTAGGTCACTTGACAACTGG	39434
5016	IGHV3-7*01	IGHJ1*01	IGHA1	TGTGCGAGAGTCGAATCCGGTTCTTTCCAGCACTGG	38411
5167	IGHV3-21*02	IGHJ4*02	IGHA1	TGTGTGAGAGAAGATAGTCACAACTCCAAACACTACTACTTTGACCTCTGG	22383
5251	IGHV3-49*03	IGHJ4*02	IGHA1	TGTAACAGAGCTGTTGTTACGAGATTTGGAGTGGTAATTCCCCCCGGGCTTAACTGG	36168
5347	IGHV3-9*01	IGHJ4*02	IGHA1	TGTGTAAAAGTTTCCCGCGGGGGTTATGTTGGCTCCTTTTATGACAGACGTGGTTTTTATTTTGACGGCTGG	48008
646	IGHV3-49*05	IGHJ5*02	IGHA1	TGTAGTAGGGCATCCCCTATACAACGTCCTGATTGGTTCGACCCCTGG	36327
713	IGHV3-7*01	IGHJ4*02	IGHA1	TGTGTGAGAGTGGGGAACAGTGGCTGGAAACTTGACTACTGG	40195
757	IGHV4-39*01	IGHJ4*02	IGHG1	TGTGCGACACGCCGAAAAACTGTGGCTGGCCTCTACTTTGACGTTTGG	55809
806	IGHV4-39*01	IGHJ4*02	IGHG1	TGTGCGAGACATGTTAGCAGCAGCTGGATTTACTTTGACTACTGG	55437
812	IGHV4-39*01	IGHJ4*02	IGHG1	TGTGCGAGACATGTTAGCAGCAGCTGGATTTACTTTGACTACTGG	55437
866	IGHV4-39*01	IGHJ5*02	IGHA1	TGTGCGAGACCGTTGAGGGGTTCGACTACGGGATTCGACCCCTGG	58132
1179	IGHV1-46*01	IGHJ5*02	IGHA1	TGTGCAAAAACGGCCGCGGAAAGTCCTTGTGGCGATGACTGCTTTTCACTTCAGTCCTGG	9862
1580	IGHV4-34*02	IGHJ2*01	IGHA1	TGTGCGAGGGACTCTTGCGTGGTGCGCGGTCCTGTTCTAATCACTGGTGGGGATCCACACTTCGATCAGTGG	50253
1732	IGHV4-4*07	IGHJ4*02	IGHA1	TGTGCGAGAGAAAATAGCAATTCGGCCCTTAGGTCGGGCAGCTTTGTCGAGGCGCTTGACTCCTGG	61032
1982	IGHV4-4*07	IGHJ3*02	IGHM	TGTGCGAGAAGTGCGAGTTACTATGGTGCTTTTGATATCTGG	60066
2183	IGHV1-8*01	IGHJ4*02	IGHG1	TGTGCGAGAGTCCCCCCCAATTATAGCCGTGGCTGGTACGCGGACTCCTGG	14565
2499	IGHV4-34*01	IGHJ6*02	IGHG1	TGTGCGAGAGGCCTTCGCAGTAACTACGTGCCGGGAGCCGTCTGG	52412
2742	IGHV6-1*01	IGHJ5*01	IGHA1	TGTGCAAGGGGACTTTGGTCAGAAGGTTTCGACTCCTGG	70615
2905	IGHV3-30*03	IGHJ3*01	IGHA1	TGTGCGACCCGGGAAATGTACTACTATGATGCCACTGGATTTCCGCGAGATGGCTTTGATGCCTGG	29283
3003	IGHV2-5*01	IGHJ6*02	IGHG1	TGCGCACACAGACGGGAGGCGTCTTACGACGTCTCAACTGGTTGGCGGCACTACGGACTGGACGTGTGG	16777
3048	IGHV2-5*01	IGHJ6*02	IGHM	TGTGTACACAAGGAAGGTATTTTTTTTGACTGGTTATCAACAAAGGGCTTCGACGTGTGG	16728
3111	IGHV1-18*04	IGHJ4*02	IGHA1	TGTGCGAGAGAATTGATTGGAAGCACAGGGGGGGACCACTGG	672
3126	IGHV4-4*07	IGHJ6*02	IGHA1	TGTGCGAGAGATTGGGGCCTCCACGGCATGGACGTCTGG	61414
3461	IGHV3-7*01	IGHJ5*02	IGHA1	TGCGCGAGAGATTTAGCTAAACAACGGGTGGCCAATGGGGAAGCCGACCACTGG	41546
3467	IGHV3-7*01	IGHJ5*02	IGHA1	TGCGCGAGAGATTTAGCTAAACAACGGGTGGCCAATGGGGAAGCCGACCACTGG	41546
3491	IGHV3-48*02	IGHJ4*02	IGHA1	TGCGCGAAAATTAGGGATGGCAGCTCGTCAATCGGGCACTACTGG	34186
3577	IGHV3-48*01	IGHJ4*02	IGHA1	TGTGCGAGACCCTCCTCGGAGCTACTCTTGTGGTACTCTGACTACTGG	34382
3887	IGHV5-51*03	IGHJ4*02	IGHA1	TGTGCGAGACTCGGGCCAAGTACGGTGGTGACTTCCGGGGACTACTGG	67692
4024	IGHV3-72*01	IGHJ6*02	IGHA1	TGTGCTAGAGGGGGCGGACTGGGAAACTACCAGTACGCTATGGACGGCTGG	42777
4254	IGHV3-21*01	IGHJ4*02	IGHA1	TGTGCGAGAGATGGCTTACATGGCAGTGGCCGCCATTTTGACTACTGG	22164
4280	IGHV3-48*01	IGHJ4*02	IGHG1	TGTGTCAGAGATGAATATTACTTTGATACTAGTGGTTCTTACCGAACTTTTGACTACTGG	34928
4334	IGHV3-53*01	IGHJ4*02	IGHA1	TGTGCGAGCCCCCATGGTAGTAGTGGTTATTACTATCTTGACTACTGG	37593
4437	IGHV3-73*02	IGHJ4*02	IGHA1	TGTACTAGACATTTGTATGGTGGCCCCCCCAATGACTACTGG	43065
4439	IGHV3-73*02	IGHJ4*02	IGHA1	TGTACTAGCCAAAGCCGTCAAGCAGTGGCTGTAGACTACTGG	43077
4496	IGHV3-74*01	IGHJ4*02	IGHA1	TGTGCAAGAGGGACTACGGTGACTAAAACCTTTGACTACTGG	44588
4915	IGHV3-21*07	IGHJ4*02	IGHA1	TGTGCGAGGCATCTTCAAGATTGTAGTGGAGGGAGTTGTTACTCTCGGATTGGTGACCACTGG	22677
5037	IGHV3-21*02	IGHJ5*02	IGHA1	TGTGCGAGCGAGTTTAGCAGTGGCTGGTTCACCCAGGGCTTGGCTCACCGCTGG	22846
5137	IGHV3-23*01	IGHJ4*02	IGHA1	TGTGCGAAGTCGAATATTGCACATCGCTTATCGCTCTTTTTTGACCAGTGG	26587
5164	IGHV3-21*02	IGHJ4*02	IGHA1	TGTGTGAAAGAGTCTTCGGGTGACTCCCTTGATTATTGG	21754
5422	IGHV3-9*02	IGHJ4*02	IGHA1	TGTGGATTAGATGGACTCCCTGGGGGCCTGGGCTACTGG	46688
621	IGHV3-21*02	IGHJ5*02	IGHA1	TGTGCGAGCGAGTTTAGCAGTGGCTGGTTCACCCAGGGCTTGGCTCACCGCTGG	22846
647	IGHV3-53*01	IGHJ4*02	IGHA1	TGTGCGAGAGAGGGAAGAAGAGATGTGGACAATGGCAGGTATAACTATGACTACTGG	37798
778	IGHV4-39*01	IGHJ4*02	IGHA1	TGTGCGAGACGGGGTGTTTATTGTCCTAATGGTGTTTGCGACAGGGGAAACTACTACTTTGACTACTGG	57769
809	IGHV4-39*01	IGHJ4*02	IGHG1	TGTGCGAGACATGTTAGCAGCAGCTGGATTTACTTTGACTACTGG	55437
815	IGHV4-39*01	IGHJ4*02	IGHG1	TGTGCGAGACATGTTAGCAGCAGCTGGATTTACTTTGACTACTGG	55437
820	IGHV4-39*01	IGHJ6*02	IGHA1	TGTGCGAGACATTTATACGGAAAGGGTATGAAAGTCTGG	59327
838	IGHV4-39*01	IGHJ6*02	IGHA1	TGTGCTCGCTACTACTTTTTCGCTATCGACGTCTGG	59309
844	IGHV4-39*01	IGHJ6*02	IGHA1	TGTGCTCGCTACTACTTCTTCGCTATCGACGTCTGG	59309
955	IGHV1-2*02	IGHJ4*02	IGHA1	TGTGCGAGAGATCCTGTTATTGTGGACTCCTACTTTGACTCCTGG	4697
1006	IGHV4-39*08	IGHJ6*02	IGHA1	TGCGCGAGATCTGCGCGGGTGATTACGAACAAAGTAGTGGTTACGTCGCACGGTTTGGACGTCTGG	59805
1571	IGHV4-34*02	IGHJ2*01	IGHA1	TGTGCGAGGGACTCTGGCGTGGTGCGCGGTCCTGTTCTAATCACTGGTGGGGATCCACACTTCGATCAGTGG	50253
1823	IGHV4-4*07	IGHJ3*02	IGHA1	TGTGCGAGAGATTTTTACGGTGGTACCTCTGATGCTTTTGATATCTGG	60113
2135	IGHV1-2*02	IGHJ6*02	IGHG1	TGTGCGAGAGATTACGAATGGTGGGTGGTTTTGCCCTACTACTTCTACGGTTTGGACGTCTGG	7591
2285	IGHV3-11*01	IGHJ4*02	IGHA1	TGTTCGAGAGATCCAAGGCGCCTGCCCTACTGG	17535
2525	IGHV4-34*02	IGHJ4*02	IGHA1	TGTGCGAGGGGATTTCGGTCCAATCTTCGCTTTGACTACTGG	50848
2575	IGHV1-2*02	IGHJ4*02	IGHM	TGTGCGAGAGGGCTCTCTAGTTATAGGGACTACCGGCCGGGCTACTGG	4970
2723	IGHV3-11*01	IGHJ4*02	IGHA1	TGTGCGAGAGATGCCCTTGTGTTTACTTTTGACTATTGG	17609
2757	IGHV4-39*08	IGHJ6*02	IGHA1	TGTGCTCGCTATTTCTACTTCGCTATCGACATCTGG	59309
2864	IGHV1-18*04	IGHJ1*01	IGHA1	TGTGCGCGAGATCTAGTGGGATCCTTTTCCCGCAAAGGACACCAGAACTGG	23
3022	IGHV2-5*01	IGHJ4*02	IGHG1	TGTGCACACAGCGAGCGTCGATACACCTATGGTGCCTTTGACTACTGG	16058
3157	IGHV4-4*12	IGHJ5*02	IGHA1	TGTGCGAAGTTTACGGATGGAGACTTAATTTTGGGCAGCTGGCTCTACACCTGG	61257
3363	IGHV3-74*01	IGHJ3*02	IGHA1	TGTGCAACCTTGGCGGATACCTCCCGCGGAGCTTTTGATATCTGG	43614
3477	IGHV5-51*03	IGHJ5*02	IGHA1	TGTGCGAGACATGAGAGGCTTGCAGCAGTTGGTGACCCCTGG	68637
3658	IGHV3-15*01	IGHJ4*02	IGHA1	TGTACGACTGACCGGAGTTATGGTTACTACTCTGCCCACTGG	19951
3993	IGHV3-49*03	IGHJ4*02	IGHA1	TGTACTAGAGGTCCCTCGATGTCGTTTGGTGGGCACTACTATCCGAACTACTTTGATTACTGG	36241
4069	IGHV3-48*02	IGHJ4*02	IGHA1	TGTGCGAGAGATCTGGGGGTGGCGGATGATGACGTTTGGGGGACTTATCGTTATACATCGTACTACTTTGACTACTGG	34999
4178	IGHV3-21*06	IGHJ4*02	IGHG1	TGTGTGAGAGACGGATACAGTTATGGTGACCAGTGG	21742
4391	IGHV3-74*01	IGHJ4*02	IGHA1	TGTGCAAGAGGGACTACGGTGACTAAAACCTTTGACTACTGG	44588
4740	IGHV3-7*01	IGHJ4*02	IGHA1	TGTGCGAGAGACAGTCTACGGAGGTTTGACTTCTGG	39412
5401	IGHV3-7*01	IGHJ4*02	IGHA1	TGTGCGAGTGGCTTTCCCCCTACCAGTGGCTATTACGACTACTGG	40211
5402	IGHV3-7*01	IGHJ4*02	IGHA1	TGTGCGAGTGGCTTTCCCCCTACCAGTGGCTATTACGACTACTGG	40211
5417	IGHV3-9*01	IGHJ4*02	IGHA1	TGTGTAAAAAGTGTGGTCGCAGCAGATGCCACTTACTTTGACTACTGG	47209
968	IGHV4-39*01	IGHJ4*02	IGHG1	TGTGCGAGACATGTTAGCAGCAGCTGGATTTACTTTGACTACTGG	55437
1260	IGHV1-69*01	IGHJ5*02	IGHA1	TGTGTATCTGTTGACTGTGGTGAAGACTGTTACTCGCCCCACTGGTTCGACCCCTGG	12675
1356	IGHV4-34*01	IGHJ5*02	IGHM	TGTGCGAGTGGCCAGGCACACGCGTGGGAGTTACAACAGTCCTGG	51974
1426	IGHV4-4*07	IGHJ4*02	IGHA1	TGCGCGAGAGGAAGTGACGGTGACTACTACTTTGACCACTGG	60447
1721	IGHV4-4*07	IGHJ5*02	IGHA1	TGTGCGAGAGGTCTCGGTGGTTATTACTACCAAGACACCTGG	61120
2035	IGHV1-46*01	IGHJ4*02	IGHA1	TGTGCGAGAGGAGGGCGGCCAAGTGACGGTATCTACAGAGCGCCATGGGAGTTCTGG	9539
2165	IGHV1-2*02	IGHJ4*02	IGHG1	TGTGCGAGAGATCTCTATCCAGTGTCTGGTACGATTTCGGGGGTGACTGCTGTCTACTGG	6057
2221	IGHV1-46*01	IGHJ4*02	IGHG1	TGTGCGCGAGATCTCTCTGACCTGGTTGGGCCTACTTTCAGAATTGCCCGTTTCTGCTTTGACCACTGG	9680
2527	IGHV4-39*02	IGHJ3*01	IGHA1	TGTGCGAACTCCGGTGACTACAGTCATAATGCTTTTGATCTCTGG	53509
2549	IGHV1-46*01	IGHJ6*02	IGHA1	TGTGCGAAAGATTGGGGGGCGATGGGAAGTTTTATTACCGAACCGGGAATATTCGGAATGGACGTCTGG	10165
2766	IGHV1-46*01	IGHJ4*02	IGHA1	TGTGCGACATTCGGAGATGGCTACAAACGAGTTGACTTCTGG	8899
2805	IGHV6-1*01	IGHJ4*01	IGHA1	TGTGCTAGAGGAGGGTGTGTATTGGGGAGTAACAGATGCGCTCCCTTTGACTCCTGG	70525
3074	IGHV4-61*08	IGHJ3*01	IGHA1	TGTGCGAGGGACGACCAGTGGGGAGATCCCTTTGATCTTTGG	64817
3331	IGHV3-53*01	IGHJ3*02	IGHA1	TGTGCGAGAGATCTGATCTCGCGTTATACACACATGTGGGCTTTTGATATCTGG	36751
3394	IGHV3-23*01	IGHJ4*02	IGHA1	TGTACGAAAGATAGTCCGGCCCCCTTTGACTTCTGG	24380
3430	IGHV3-7*01	IGHJ4*02	IGHM	TGTGCGGGCATGCATAGCAGCTATTGGTACGTGGAGGGGACTGACTATTGG	40845
3572	IGHV3-48*01	IGHJ4*02	IGHA1	TGTGCGAGACCCTCCTCGGAGCTACTCTTGTGGTACTCTGACTACTGG	34382
3593	IGHV3-23*01	IGHJ4*02	IGHA1	TGTGCGAAAGATCTGGGGGCTAACGGAGTGGGAGCTACTTTGGACTACTGG	26380
3617	IGHV3-7*01	IGHJ4*02	IGHG1	TGTGCGCAGGACACCTATCTTCAAGATGACCACTGG	39536
3724	IGHV3-23*01	IGHJ4*02	IGHA1	TGTGCGAAAGGGCGACTTCCCGGAGAGTCCTACTTTGACGACTGG	25264
3758	IGHV3-23*01	IGHJ6*02	IGHA1	TGTGTGAAGGATGGGCCCTGGTACGGCCATTTCCACTACTACTATGCTATGGACGTCTGG	28767
3862	IGHV5-51*01	IGHJ4*02	IGHG3	TGTGCGAGAGGCCCCCGTTTAGGGACTCCCACAAATAAAAGGATCACGAGGTTTGACTACTGG	68461
3884	IGHV5-51*01	IGHJ4*02	IGHG1	TGTGCGAGAGGGACCCAGGGCAGTGGCTGGTACATCCCATTTTATGACTACTGG	68162
3911	IGHV5-51*01	IGHJ5*01	IGHA1	TGTGTGAGAAGTGCGACGGGTAACTGGTATCAAAAGTTCGACTCCTGG	68744
4115	IGHV3-48*01	IGHJ4*02	IGHA1	TGTGCGAGGACAAAATATTACTATGACAGTAATGACTCCTGG	34149
4171	IGHV3-7*01	IGHJ4*02	IGHA1	TGTGCGAGAGGTAGTGGGAACTATTACAGGCTCTGG	39492
4220	IGHV3-21*01	IGHJ6*02	IGHA1	TGTGCGAGAGGGGAGTACCGTATGGACGTCTGG	22913
4231	IGHV3-21*01	IGHJ2*01	IGHA1	TGTGCGAGAGGGGAGACCCGCTTCGATCTCTGG	21390
4407	IGHV3-73*02	IGHJ4*02	IGHA1	TGTACTAGCCAAAGCCGTCAAGCAGTGGCTGTAGACTACTGG	43077
4450	IGHV3-74*01	IGHJ2*01	IGHA1	TGTGCGAGGGTATCGCCCAACTGGTACAACGATCTCTGG	43473
4486	IGHV3-74*01	IGHJ4*02	IGHA1	TGTGCAAGAGGGACTACGGTGACTAAAACCTTTGACTACTGG	44588
4511	IGHV3-74*01	IGHJ4*02	IGHA1	TGTGCAAGAGGGACTACGGTGACTAAAACCTTTGACTACTGG	44588
4641	IGHV3-74*01	IGHJ4*02	IGHA1	TGTGCAAGAGATGTCGGTGGGAGGTCCGGCTACTGG	44097
4717	IGHV3-7*01	IGHJ6*02	IGHG1	TGTGCGAGAGATTTGTGGCCCATGGACGTCTGG	41667
4829	IGHV3-21*01	IGHJ4*01	IGHA1	TGTGCGAGATGTGGGCACCGGTGGTACCATGACTACTGG	21815
5130	IGHV3-23*01	IGHJ4*02	IGHA1	TGTGCGAAGTCGAATATTGCACATCGCTTATCGCTCTGTTTTGACCAGTGG	26587
5271	IGHV3-48*01	IGHJ3*01	IGHA1	TGTGCGAGAGGCACGCCGCGGCTGACTAATGATGTGGGGGATGCATTTTATGTCTGG	33584
5302	IGHV3-9*01	IGHJ4*02	IGHA1	TGTGCTAAGGATCTTACTTATCTCAGCAGCTTGGTCTGTGACTTCTGG	47202
5359	IGHV3-9*01	IGHJ4*02	IGHM	TGTGCAAAAGCGTATTGTAGTAGTAGTATTGCCTGCTCCCCTGCGACTACTGGG	47594
5432	IGHV3-9*01	IGHJ6*02	IGHA1	TGTGTAAAAGACGGGGAACGGATGACGGCCTTTGGACTGGTCATCTGCCCCAATTCACACCACGGAATGGACGTCTGG	48867
5490	IGHV3-7*01	IGHJ4*02	IGHA1	TGTGCGAGAGGTAGTGGGAGCTATTACAGGCACTGG	39493
626	IGHV3-7*01	IGHJ4*02	IGHG1	TGTACGAGAGATGGACTTTGG	38922
774	IGHV1-46*02	IGHJ6*02	IGHA1	TGTGCGAAAGATTGGGGGGCGATAGGATCGGTTATTACCGAACCGGGGATATTCGGTATGGACGTCTGG	10165
794	IGHV4-39*01	IGHJ5*02	IGHA1	TGTGCGAGACGCTTGGGCTCGTGGGACATCAACTGGTTCGACCCCTGG	58295
949	IGHV1-2*02	IGHJ4*02	IGHA1	TGTGCGAGAGATCCTGTTATTGTGGACTCCTACTTTGACTCCTGG	4697
987	IGHV4-39*01	IGHJ4*02	IGHA1	TGTGCGAGGCCCTCCCGTACAGGGAACTACTACTACTGG	54434
1046	IGHV1-18*04	IGHJ4*02	IGHA1	TGTGCGAGAGATCTGGAAAACTGGCTGGTCTTTGGGTTCTGG	699
1124	IGHV1-18*04	IGHJ5*02	IGHG1	TGTGCGAGAGATTGGTATTGTCCTCCCGGTGATCCTGCTTGTTACAACTGTTTCGACCCCTGG	2357
1314	IGHV1-2*02	IGHJ4*02	IGHA1	TGTGCGAGAGAGGGGGGCTACAATTCTGGGGAGGCAATTGACTACTGG	5051
1319	IGHV1-69*06	IGHJ4*02	IGHA1	TGCGCGACAAACCATAAATATAGCAGCCCTTGGGGGCCCTTTGACTTCTGG	11555
1397	IGHV3-11*01	IGHJ3*02	IGHA1	TGTGCGAAGGGGCCCCGGAGTAGCAGCTCCCCCAACTACAACGGTGCTTTTGATATCTGG	17406
1620	IGHV4-61*01	IGHJ6*02	IGHA1	TGTGCGACCTTGCGTTTGGAGCAGATATCTTTTAGCCATCACTATTACGGTTTGGACGTCTGG	65887
1679	IGHV4-61*01	IGHJ4*02	IGHM	TGTGCGACAGGTTCAGACGCTTACAAGGTGGGCTACTGG	64961
2347	IGHV3-33*06	IGHJ4*02	IGHA1	TGTGCGAAATCAAGTCGCGATTTTTGGAGTGGTCCCCGGGACCACTACTTTGACTCGTGG	32648
2384	IGHV3-30*03	IGHJ4*02	IGHA1	TGCGCGAGAGATCACAAGACCATCTATGATGGTAGCGGTTATTTCTTTGACTACTGG	30538
2537	IGHV1-46*01	IGHJ6*02	IGHA1	TGTGCGAGAGCTCACGGGTATGGGTACTACGGTCTGGACGTCTGG	9977
2544	IGHV1-46*01	IGHJ6*02	IGHA1	TGTGCGAAAGATTGGGGGGCGATGGGAAGTGTTATTACCGAACCGGGAATATTCGGAATGGACGTCTGG	10165
2705	IGHV1-69*01	IGHJ4*02	IGHG1	TGTGCGAGAGATCGCTACTATGGTTCGGGGAGTCCCTTTGACTTCTGG	11426
2824	IGHV4-28*07	IGHJ3*02	IGHA1	TGTGCGAGAAGTCCGGATAGATATGGCAAACCAGAGGCTTTTGATATCTGG	48907
3173	IGHV1-58*01	IGHJ5*02	IGHA1	TGTGCGGTCATGTATTCTCGTGATTCGGGGACTTATTATTCACTCCGACGCTCGGGCTGGTTCGACCCCTGG	10391
3177	IGHV3-33*05	IGHJ4*02	IGHA1	TGTGCGAGAAGTTATGACAGTAGTGGCTACAGAGGCCAGTTTGACCACTGG	32420
3194	IGHV1-18*04	IGHJ4*02	IGHA1	TGTGCGAGAGATACATCCTATAACAATGGCTGGGGACTTGACTACTGG	1023
3232	IGHV2-5*01	IGHJ4*02	IGHA1	TGTGCGCACACGCGTTATCGTGATAGTAGTGCTGTCCCCCCCCCTGACTATTGG	16202
3239	IGHV3-7*01	IGHJ5*02	IGHA1	TGCGCGAGAGATTTAGCTAAACAACGGGTGGCCAATGGGGAAGCCGACCACTGG	41546
3917	IGHV1-8*01	IGHJ1*01	IGHA1	TGTGCGAGACAGAATAACTACGGGGAATTCCAGCACTGG	14002
3933	IGHV3-7*01	IGHJ4*02	IGHG1	TGTGCGAGAAGTCGGTGGTTGAGTGAGAGCTATCCCTCGGAACTTGACTTCTGG	40871
3988	IGHV3-72*01	IGHJ6*02	IGHA1	TGTGCTAGAGGGGGCGGACTGGGAAACTACCAGTACGCTATGGACGGCTGG	42777
4005	IGHV3-7*01	IGHJ4*02	IGHG1	TGTACGAGAGATGGACTTTGG	38922
4279	IGHV3-48*01	IGHJ4*02	IGHG3	TGTGTCAGAGATGAATATTACTTTGATACTAGTGTTTCTTACCGAACTTTTGACTACTGG	34928
4448	IGHV3-73*02	IGHJ3*02	IGHM	TGTACTCGAGACGACTACGGTGACTACGGTGCCGATGCTTTTGATATGTGG	42930
4753	IGHV3-74*01	IGHJ4*02	IGHA1	TGTGCAAGGGCGTCCGGAGATAAATATGACAATAGGAGGCCCTTCGACTACTGG	45252
4862	IGHV3-53*01	IGHJ5*02	IGHA1	TGTGCGAGAGGGCTATCGGGTGGCCCAAGGTTCGACCCCTGG	37931
4901	IGHV3-15*01	IGHJ5*02	IGHA1	TGTACCACAGATCCCAGGAGGGGGTTCCGTGACTGGTCCGACCCCTTG	20928
5023	IGHV3-7*01	IGHJ1*01	IGHA1	TGTGCGAGAGTCGAATCCGGTTCTTTCCAGCACTGG	38411
5070	IGHV3-74*01	IGHJ4*02	IGHG1	TGTACAAGAGACTATCATATATTATCAGCTGGTCTACAATATTGG	44716
5100	IGHV3-7*01	IGHJ4*02	IGHA1	TGTCTGTACTGGAACGACTTCGCACCACCACACTACTTCGACTATTGG	40488
5222	IGHV3-21*07	IGHJ4*02	IGHA1	TGTGCGCGAGGAATTTCGAAGTCCGGAGCAATCTGG	21740
5232	IGHV3-7*01	IGHJ6*02	IGHA1	TGTGCGAGACCAATGCGTCCGTATGGCAGCAGCTGGGCAACGGACGTCTGG	41788
5244	IGHV3-7*01	IGHJ4*02	IGHA1	TGTGCGAGAGAGAGGGGTGGTGTCCTTGACTACTGG	39421
526	IGHV4-39*01	IGHJ5*02	IGHG1	TGTGCGACATCGGAACGCTTTTTGGGGGACTTACCCCAAATCAACTGGTTCGACCCCTGG	58862
678	IGHV4-61*08	IGHJ5*02	IGHG1	TGTGCGAGAGGTCGTGGTTATCTCGTAAACACCTGGTTCGACCCTTGG	65620
738	IGHV4-39*01	IGHJ4*02	IGHA1	TGTGCGACTTCAACGTGGGTACAACAATGGAAATCAGCCCCTCACAGGTTTGACGTCTGG	57244
870	IGHV4-39*01	IGHJ5*02	IGHA1	TGTGCGATACCGTTGAGGGGTTCGACTACGGGATTCGACCCCTGG	58132
969	IGHV4-39*01	IGHJ4*02	IGHA1	TGTGCGAGGCCCTCCCGTACAGGGAACTACTACTACTGG	54434
1172	IGHV1-46*01	IGHJ4*02	IGHA1	TGTGCAAAAACGGCCGCGGAAAGTCCTTGTGGCGATGACTGCTTTTCGCTTCACTCCTGG	9561
1174	IGHV1-46*01	IGHJ5*02	IGHA1	TGTGCAAAAACGGCCGCGGAAAGTCCTTGTGGCGATGACTGCTTTTCACTTCAGTCCTGG	9862
1216	IGHV4-39*01	IGHJ5*02	IGHG3	TGTGCGAGACGCCTAGCTCGTCAGGGCTGGTTCGACCCCTGG	58045
1447	IGHV1-2*07	IGHJ4*02	IGHG1	TGTGCGAGAGGGAACTATTACTTTGATAATACTGGTTTACATCCCCTCTTTGACTACTGG	6078
1481	IGHV1-8*01	IGHJ4*02	IGHA1	TGTTCGAGAGCGGGTCTCATGGCTGCCTTGGGGGACTTCTGG	14378
2009	IGHV4-34*02	IGHJ6*02	IGHA1	TGTGCGAGAGGCCTGCGGTCTTTGACATGGTCCGGGGAGCGGGCCTTCTACTTCTATTACGCGATGGACGTCTGG	52938
2168	IGHV1-2*02	IGHJ4*02	IGHA1	TGTGCGAGAACACTGACAATCCGTGACAGTACTGGGCAGGTGGACTACTGG	5279
2365	IGHV3-30*03	IGHJ4*02	IGHA1	TGTGCGACCTCCTTGGGCAGTGGCTGGGCAAGGTTTGACTACTGG	29687
2398	IGHV1-46*01	IGHJ5*02	IGHA1	TGTGTCAGAGCCGAATTCTCCAACTGGTTCGACCCCTGG	9724
2468	IGHV4-34*01	IGHJ4*02	IGHA1	TGTGCGAGAGGATCTGCGCGCAGCATCGACACTTATCCTTTTGACTACTGG	51234
2598	IGHV4-59*11	IGHJ4*02	IGHA1	TGTGCGAGATATCCCGACCGCGCCGGTGGGACCTTTGATTACTGG	62944
2624	IGHV1-46*01	IGHJ4*02	IGHA1	TGTGCGAGGCCTCACTGTGATCGTGACTGCTTTGGCCCACGTTTTGACCACTGG	9407
2657	IGHV1-2*02	IGHJ5*02	IGHA1	TGTGCCAACAACCGCAATCCTGGCAGTGATTACTTCCTGTCGTCCTGG	6529
2728	IGHV3-11*01	IGHJ1*01	IGHA1	TGTGCACGTCATAAGGATTTTGTGCACCTTGATCACTGG	17225
2770	IGHV1-69*01	IGHJ2*01	IGHA1	TGTGCTATAGCAGAGATGGTATATGCAAGTTCGTCAAGCAGGTGGTACTTCGATGTCTGG	10549
2903	IGHV3-30*03	IGHJ3*01	IGHA1	TGTGCGACCCGGGAAATGTACTACTATGATGCCACTGGATTTCCGCGAGATGGCTTTGATGCCTGG	29283
3135	IGHV1-69*01	IGHJ4*02	IGHA1	TGTGCGGCAAGCGGTCCCAGAGAAGGCTACAATTACATTGGGGGCTTCTGG	11735
3137	IGHV3-30*18	IGHJ4*02	IGHA1	TGTGCGAAAACCCCGGATAAATGTGGTCCTTCTTGCTATTTAATTGACTACTGG	30229
3156	IGHV4-4*12	IGHJ5*02	IGHA1	TGTGCGAAGTTTACGGATGGAGACTTAATTTTGGGCAGCTGGCTCGACCCCTGG	61257
3432	IGHV3-7*01	IGHJ4*02	IGHM	TGTGCGGGCATGCATAGCAGCTATTGGTACGTGGAGGGGACTGACTATTGG	40845
3547	IGHV3-72*01	IGHJ4*02	IGHG1	TGTGTTAAAGATTCCGGACGTGGGGCCTACTTTGACTACTGG	42404
3772	IGHV3-23*01	IGHJ4*02	IGHG1	TGTGCGAAAGATTGTAGTGGTGGTATCTGCTGGCTCTTTGACTACTGG	25805
3781	IGHV3-23*01	IGHJ4*02	IGHA1	TGTGTGAAGACCGTGAGGTGGGAACTACCCCCATATTACTTTGACTACTGG	26690
3903	IGHV3-74*01	IGHJ6*02	IGHG1	TGTGCAAGAGTTCACTATGATTCGGGGACGAACGTCTGG	45766
3904	IGHV5-51*03	IGHJ4*02	IGHA1	TGTGCGAGACATTTCGGGTACAGCTTTGGCTACGGTCTTTGGGGCCCAAATTATGACTTCTGG	68442
3921	IGHV3-73*02	IGHJ4*02	IGHA1	TGTACTAGACATTTGTATGGTGGCCCCCCCAATGACTACTGG	43065
4027	IGHV3-72*01	IGHJ6*02	IGHA1	TGTGCTAGAGGGGGCGGACTGGGAAACTACCAGTACGCTATGGACGGCTGG	42777
4207	IGHV3-21*01	IGHJ4*02	IGHA1	TGTGCGAGAGACAGGGGTCTTGTAGTGGTGGCAACCGGACAATTTGACTACTGG	22416
4456	IGHV3-74*01	IGHJ2*01	IGHA1	TGTGCGAGGGTATCGCCCAACTGGTACAACGATCTCTGG	43473
4489	IGHV3-74*01	IGHJ4*02	IGHA1	TGTGCAAGAGGGACTACGGTGACTAAAACCTTTGACTACTGG	44588
4816	IGHV3-21*01	IGHJ4*02	IGHA1	TGTGCGAGATGTGGGCACCGGTGGTACCATGACTACTGG	21815
4902	IGHV3-15*01	IGHJ5*02	IGHA1	TGTACCACAGATCCCAGGAGGGGGTTCCGTGACTGGTCCGACCCCTTG	20928
4910	IGHV3-21*07	IGHJ4*02	IGHA1	TGTGCGAGGCATCTTCAAGATTGTAGTGGAGGGAGTTGTTACTCTCGGATTGGTGACCACTGG	22677
4916	IGHV3-74*01	IGHJ4*02	IGHG1	TGTGTAAGAGATCTGACAGGGGCAAATGACTACTGG	44250
5307	IGHV3-23*01	IGHJ3*01	IGHA1	TGTGCGAAAGATCTTCCGGGGCGAAGTAGGGTTGATGCTTTTGATGTCTGG	23891
5321	IGHV3-9*01	IGHJ6*02	IGHA1	TGTGCAAAAGATCGTAACTCCTACTTCTACTACGGTGTGGACCTCTGG	48289
786	IGHV4-39*01	IGHJ4*02	IGHA1	TGTGCGAGACGGGGTGTTTATTGTCCTAATGGTGTTTGCGACAGGGGAAACTACTTTGACTACTGG	57663
848	IGHV4-39*01	IGHJ6*02	IGHA1	TGTGCTCGCTACTACTTCTTCGCTATCGACGTCTGG	59309
907	IGHV4-39*01	IGHJ4*02	IGHA1	TGTGGGAGGTTTAGTGGGAGCTACCGAGCGTTTGACTGGTGG	55169
1171	IGHV1-46*01	IGHJ4*02	IGHA1	TGTGCAAAAACGGCCGCGGAAAGTCCTTGTGGCGATGACTGCTTTTCGCTTCACTCCTGG	9561
1181	IGHV1-46*01	IGHJ5*02	IGHA1	TGTGCAAAAACGGCCGCGGAAAGTCCTTGTGGCGATGACTGCTTTTCACTTCAGTCCTGG	9862
1249	IGHV4-30-4*09	IGHJ4*02	IGHA1	TGTGCGTGGCTCCAGCCGATGACGACAAGTGGGGTGCACTTTGACTACTGG	49510
1339	IGHV3-30*03	IGHJ4*02	IGHA1	TGTGCGAGAGGGGCACAGGCAGTGGCTGGAGATCTCCGACACTACTCTGATAGTACTCCTTATTCCGGCCTCCTTGACTACTGG	30816
1691	IGHV4-4*07	IGHJ6*02	IGHG1	TGTGCGAGAGATTGGGCGCCTACGGACCCGCGTCGCGGTATGGACGTCTGG	61491
1832	IGHV4-59*01	IGHJ4*02	IGHG1	TGTGCGAGAGCTAGTGGGACCTTCCGGTCTTTCTACTTTGACTACTGG	63103
2022	IGHV4-4*07	IGHJ5*02	IGHG3	TGTGCGAGAGAAAGTCATTACGATTTTTGGAGTGGTTGGATGAATTGGTTCGACCCCTGG	61313
2047	IGHV1-8*01	IGHJ4*02	IGHG1	TGTGCGAGAGTCCCCCCCAATTATAGCCGTGGCTGGTACGCGGACTCCTGG	14565
2105	IGHV1-69*01	IGHJ4*02	IGHG1	TGTGCGAGCCCCCACCCGCCTGGGGACCACCACTTTGACCACTGG	11316
2181	IGHV1-8*01	IGHJ4*02	IGHG1	TGTGCGAGAGTCCCCCCCAATTATAGCCGTGGCTGGTACGCGGACTCCTGG	14565
2186	IGHV1-8*01	IGHJ4*02	IGHG1	TGTGCGAGAGTCCCCCCCAATTATAGCCGTGGCTGGTACGCGGACTCCTGG	14565
2239	IGHV1-2*02	IGHJ4*02	IGHA1	TGTGCGAGAGGGAATTACGATATTTTGACCCTTGACTACTGG	4438
2250	IGHV1-69*01	IGHJ6*02	IGHA1	TGTGCGAGAGATATCGCAGACGCTAAAGGGCGAGACTTTTCCTTTGGTTATTCCGGTATGGACGTCTGG	13614
2420	IGHV4-34*01	IGHJ6*02	IGHA1	TGTGCTAGAGGCCTTCGGTCTGTGGAGTGGACCGGGGACGGGGCTTTTGCTTTCTATTACGGAATGGACGTCTGG	52971
2434	IGHV4-34*01	IGHJ6*02	IGHA1	TGTGCTAGAGGCCTTCGGTCTGTGGAGTGGACCGGGGACGGGGCTTTTGCTTTCTATTACGGAATGGACGTCTGG	52971
2440	IGHV4-34*01	IGHJ6*02	IGHA1	TGTGCGAGAGGAGATACAGTGATGCCGTTCCACCCCAAATTCTACTACGGTATAGACGTCTGG	52682
2446	IGHV4-34*01	IGHJ6*02	IGHG1	TGTGCGAGAGGCCTTCGCAGTAACTACGTGCCGGGAGCCGTCTGG	52412
2481	IGHV4-34*01	IGHJ6*02	IGHA1	TGTGCGAGAGGAGATACAGTGATGCCGTTCCACCCCAAATTCTACTACGGTATAGACGTCTGG	52682
2698	IGHV1-69*01	IGHJ4*02	IGHG1	TGTGCGAGAGATCGCTACTATGGTTCGGGGAGTCCCTTTGACTTCTGG	11426
3251	IGHV3-23*01	IGHJ4*02	IGHA1	TGCGCGAAATCTTACCGAGCAGAGGCTGGTACGGTTAAGAGGGCGGTCGACCATAAAAGAATTGACTCCTGG	27846
3389	IGHV3-15*05	IGHJ4*02	IGHA1	TGTGTAGGGAACAACGCT	19335
3459	IGHV3-7*01	IGHJ5*02	IGHA1	TGCGCGAGAGATTTAGCTAAACAACGGGTGGCCAATGGGGAAGCCGACCACTGG	41546
3505	IGHV3-23*01	IGHJ5*02	IGHG1	TGTGCGCAGGAGGATCTCTATCATGGTAGTGGTTACTCGTGGTTCGACCCCTGG	28212
3512	IGHV3-23*01	IGHJ3*01	IGHA1	TGTGCGAGAGACGCGTATAACACCTTAAGTCGTCAGAATGATGGTTTTGATCTTTGG	24029
3518	IGHV3-74*01	IGHJ4*02	IGHA1	TGTATAAAAGTCCCAGAGTACTGG	43823
3532	IGHV3-74*01	IGHJ4*02	IGHA1	TGTATAAAAGTCCCAGAGTACTGG	43823
3828	IGHV3-23*01	IGHJ3*01	IGHG1	TGTGCGAGAGATGGCTGGGTGGCAGTGGCTGGTACGAATGATGGATTTGATTTCTGG	24075
3936	IGHV3-7*01	IGHJ4*02	IGHG1	TGTTCGAGAAGTCGGTGGTTGAGTGAGAGCTATCCCTCGGAACTTGACTTCTGG	40871
4098	IGHV3-48*02	IGHJ4*02	IGHA1	TGTGCGAGAGAGTTTTGTGCTGGTTCCAGCTGCTACCGTGGGGTTTGTGACAACTGG	34816
4148	IGHV3-15*01	IGHJ5*02	IGHA1	TGCACCACCTCCTTAGCGTTTGACAGTAGTGGTCATTACCATGGCCACTGGTTCGGCCCCTGG	20974
4226	IGHV3-21*01	IGHJ4*02	IGHA1	TGTGCGAGAGGGGGTGTTACTACTAGGTGCTATGACTACTGG	21916
4257	IGHV3-21*01	IGHJ4*02	IGHA1	TGTGCGAGAGATGGCTTACATGGCAGTGGCCGCCATTTTGACTACTGG	22164
4329	IGHV3-53*01	IGHJ4*02	IGHA1	TGTGCGAGCCCCCATGGTAGTATTGGTTATTACTATCTTGACTACTGG	37593
4421	IGHV3-73*02	IGHJ4*02	IGHA1	TGTACTAGACATTTGTATGGTGGCCCCCCCAATGACTACTGG	43065
4591	IGHV3-74*01	IGHJ4*02	IGHA1	TGTACAAGAGGCTATGATAACGCTTGGGGGAGTTATCCCTTTGACTACTGG	45103
4774	IGHV5-51*03	IGHJ4*02	IGHA1	TGTGCGAGACAACTTAATCGGTTTGGAAGTGGTTTTTATCCTCCCGGGGACTCGCCGTTTGACTACTGG	68535
5233	IGHV3-7*01	IGHJ6*02	IGHA1	TGTGCGAGACCAATGCGTCCGTATGGCAGCAGCTGGGCAACGGACGTCTGG	41788
5285	IGHV3-73*02	IGHJ4*02	IGHM	TGTAAGACTTGGCTAGAACCTTTTGACTACTGG	42988
5373	IGHV3-9*01	IGHJ6*02	IGHA1	TGTGCAAAAGACACGGGCGGTCCAAGGTGGCACGATGTCGTAGTAGTTCCAGCTGCTGTATTCGGCCTTTACGGTATGGACGTCTGG	48890
5436	IGHV3-74*01	IGHJ3*02	IGHA1	TGTGCAAGTGGCAACCCGGCGGCCGGATATGCTTTTGATATCTGG	43638
471	IGHV1-2*02	IGHJ4*02	IGHA1	TGTGCGCGGGAAGAACGGACCTGGTCCTACTTTGACTACTGG	4542
680	IGHV4-4*07	IGHJ4*02	IGHA1	TGTGCGAGAGATGCCTATGGCGGCGCCTTTGACTACTGG	60310
768	IGHV1-8*01	IGHJ5*02	IGHG1	TGTGCGAGAGGCGGGGGATACTATGATAGTGGTGGTTATCATATCTCCGGATTCGACCCCTGG	14967
805	IGHV4-39*01	IGHJ4*02	IGHG1	TGTGCGAGACATGTTAGCAGCAGCTGGATTTACTTTGACTACTGG	55437
835	IGHV4-39*01	IGHJ6*02	IGHA1	TGTGCTCGCTACTACTTCTTCGCTATCGACGTCTGG	59309
1086	IGHV1-18*04	IGHJ4*02	IGHA1	TGTGCGAGAGCGGGGCAGTGGCTGATCCACGGG	446
1175	IGHV1-46*01	IGHJ5*02	IGHA1	TGTGCAAAAACGGCCGCGGAAAGTCCTTGTGGCGATGACTGCTTTTCACTTCAGTCCTGG	9862
1467	IGHV1-46*01	IGHJ6*02	IGHA1	TGTGCGAGAGCGGTAGTCTCTGGAACTGGCGACTACTACGGTCTGGACGTCTGG	10053
1554	IGHV3-11*01	IGHJ4*02	IGHA1	TGTGCCGTTTATTGTGGTGCGCGTCATTGTGCTGGTGCTGATGCGGACGGCAGCTGG	18152
1951	IGHV4-4*07	IGHJ6*02	IGHA1	TGCGCGAGAGGGGGGAGTGTTGAAGGTACTGGGGAATACTACGGTTTGGACGTCTGG	61558
1958	IGHV4-30-4*09	IGHJ4*02	IGHA1	TGTGCGAGATACGGTGATTACCCTCTATGGGGATTTGACTCCTGG	49355
2182	IGHV1-8*01	IGHJ4*02	IGHG1	TGTGCGAGAGTCCCCCCCAATTATAGCCGTGGCTGGTACGCGGACTCCTGG	14565
2298	IGHV3-11*01	IGHJ5*02	IGHA1	TGTGCGAGACGGGGGGATGGTTCGGGACCGACGTTCGACCCCTGG	18326
2455	IGHV4-34*01	IGHJ6*02	IGHG1	TGTGCGAGAGGCCTTCGCAGTAACTACGTGCCGGGAGCCGTCTGG	52412
2569	IGHV1-2*02	IGHJ2*01	IGHA1	TGTGCGAGGGCCGTTGGGTATGGTGGCAACTGGTACTTCGATCTCTGG	3213
2582	IGHV1-2*02	IGHJ4*02	IGHM	TGTGCGAGAGGGCTCTCTAGTTATAGGGACTACCTGCCGGGCTACTGG	4970
2724	IGHV3-11*01	IGHJ4*02	IGHA1	TGTGCGAGAGATGGCCCTGTGTTTGGTTTTGACTATTGG	17609
2790	IGHV6-1*01	IGHJ5*02	IGHA1	TGTGCCAGAGATCGGGCTCTTACTCCCGGAATGGCAATTGCTACAGACAACTGGTTCGACCCCTGG	70741
2966	IGHV1-69*01	IGHJ4*02	IGHA1	TGCGCGAGGACCAAGGAGGGCGATTGTAGTGGCGGTACCTGCTACTCTCTCTTTTGTGCCTCGTGG	12297
3210	IGHV4-34*01	IGHJ6*02	IGHG3	TGTGCGAGACACCAAGCGAATAAAAGACGTATACCAGTGTCTGGTATGAAGTCCTACTACTACTACGGTATGGACGTCTGG	53002
3492	IGHV3-48*02	IGHJ4*02	IGHA1	TGCGCGAAAATTAGGGATGGCAGCTCGTCAATCGGGCACTACTGG	34186
3770	IGHV3-23*01	IGHJ4*02	IGHA1	TGTGTGAAGACCGTGAGGTGGGAACTACCCCCATATTACTTTGACTACTGG	26690
3997	IGHV3-7*01	IGHJ4*02	IGHG1	TGTGCGAGCGTCAAAGGTCGTACTAACTGGGGCGACTACTGG	40141
4112	IGHV3-48*01	IGHJ4*02	IGHA1	TGTGCGAGGACAAAATATTACTATGACAGTAATGACTCCTTG	34149
4128	IGHV3-13*01	IGHJ3*02	IGHG1	TGTGCAAGAAGAAATTGGAACCAAGGGGGTGGTTTTGATATCTGG	18813
4173	IGHV3-7*01	IGHJ4*02	IGHA1	TGTGCGAGAGGTGGTGGGAACTATTACAGGCTCTGG	39492
4597	IGHV3-74*03	IGHJ4*02	IGHG1	TGTGTAATTGCCTTTAGTGGCAGCAGTAACTACTGG	44263
4668	IGHV3-74*01	IGHJ4*02	IGHA1	TGTGTAAGAGATTTCGTGGGACCGAGGGACTACTGG	44090
4843	IGHV3-7*01	IGHJ4*02	IGHA1	TGTGCGAGAGATATGGCTAGGTCACTTGACAACTGG	39434
4983	IGHV3-23*01	IGHJ4*02	IGHA1	TGTGCGAAAGATATGGGGCCGGGGCCATTTTGTGGTGTTGACTGCCATATCTTTGACCAATGG	27607
5210	IGHV3-74*01	IGHJ6*02	IGHA1	TGTGCAAGAGGCTACCCCGCTAATATGGACGTCTGG	45743
5237	IGHV5-51*03	IGHJ5*02	IGHA1	TGTGCGAGACTTCAACCGGAACATTGGTTATTAGGAGACAACTGGTTCGACCCCTGG	68882
5311	IGHV3-9*01	IGHJ3*01	IGHG1	TGTGCAAAAGATGTCTTAGTGGCAGCTACTCGGCCCGGCGCTTTGGATCTCTGG	46453
5482	IGHV4-30-4*09	IGHJ4*02	IGHA1	TGTGCGAGAGAAAGGGGGTCCACGGCGCCTCCTCGCGGGGTATTTGACGACTGG	49517
664	IGHV3-74*01	IGHJ4*02	IGHG1	TGTGCAAGAGATCTCATTGTGGATAACTACGTTAGTGGTGGAGACGACTTTGACTACTGG	45331
813	IGHV4-39*01	IGHJ4*02	IGHG1	TGTGCGAGACATGTTAGCAGCAGCTGGATTTACTTTGACTACTGG	55437
842	IGHV4-39*01	IGHJ6*02	IGHA1	TGTGCTCGCTACTACTTCTTCGCTATCGACGTCTGG	59309
954	IGHV1-2*02	IGHJ4*02	IGHA1	TGTGCGAGAGATCCTGTTATTGTGGACTCCTACTTTGACTCCTGG	4697
1001	IGHV4-39*08	IGHJ6*02	IGHA1	TGCGCGAGATCTGCGCGGGTGATTACGAACAAAGTAGTGGTTACGTCGCACGGTTTGGACGTCTGG	59805
1021	IGHV4-39*01	IGHJ5*02	IGHG1	TGCGCCACATCGGAACGCTTTTTGGGGGACTTACCCCAAATCAACTGGTTCGACCCCTGG	58862
1068	IGHV1-18*04	IGHJ4*02	IGHG1	TGTGTGAGAGATATGACTTCTAGAGGAGAAGTCTACAAACCTGACTACTGG	1423
1120	IGHV1-18*04	IGHJ5*02	IGHG1	TGTGCGAGAGATTGGTATTGTCCTCCCGGTGATCCTGCTTGTTACAACTGTTTCGACCCCTGG	2357
1508	IGHV1-8*01	IGHJ5*02	IGHA1	TGTTCGAGAGCGGGTCTCTGGGCTGCCTTGGGGGACCTCTGG	14811
1634	IGHV4-39*02	IGHJ3*01	IGHA1	TGTGCGAACTCCGGTGACTACAGTCATAATGCTTTTGATCTCTGG	53509
1817	IGHV4-4*07	IGHJ3*02	IGHA1	TGTGCGAGAGATTTTTACGGTGGTACCTCTGATGCTTTTGATATCTGG	60113
2137	IGHV1-2*02	IGHJ6*02	IGHG1	TGTGCGAGAGATTACGAACGGTGTGTGGTTTTGCCCTACTACTTCTACGGTTTGGACGTCTGG	7591
2139	IGHV1-2*02	IGHJ6*02	IGHG1	TGTGCGAGAGATTACGAACGGTGGGTGGTTTTGCCCTACTACTTCTACGGTTTGGACGTCTGG	7591
2167	IGHV1-2*02	IGHJ4*02	IGHG1	TGTGCGAGAGATCTCTATCCAGTGTCTGGTACGATTTCGGGGGTGACTGCTGTCTACTGG	6057
2174	IGHV1-8*01	IGHJ4*02	IGHA1	TGTCTTAAGCGTCATTATGATATGTCGCGTGCTTATTCCTCCTTTGACTTCTGG	14586
2266	IGHV1-8*01	IGHJ1*01	IGHA1	TGTGCGAGACAGAATAAATACGGGGAATTCCAGCACTGG	14002
2508	IGHV4-34*02	IGHJ6*02	IGHA1	TGTGCGAGAGGTTTCGTGGGACTTACTCGTAGGTACTCCCACATTGTGGACGTCTGG	52577
2660	IGHV3-53*02	IGHJ4*02	IGHA1	TGTGCGGGAGATACAGCTTGGGGGAGAGTCTTCCACTGG	37159
2875	IGHV6-1*01	IGHJ4*02	IGHG1	TGTGCAAGAAGCCTCCATTACTATGACAGTAGTGGTTATTACTACTTTGACTACTGG	70508
2947	IGHV1-18*04	IGHJ6*02	IGHA1	TGTGCGAGAGATGTTTCAGCAGCAGCAGCTGGTGGTGAAGTCTACTACGGTATGGACGTCTGG	2835
2962	IGHV1-69*01	IGHJ4*02	IGHA1	TGCGCGAGGACCAAGGAGGGCGATTGTAGTGGCGGTACCTGCTACTCTCTCTTTTGTGACTCGTGG	12297
3187	IGHV4-34*02	IGHJ2*01	IGHA1	TGTGCGAGACGTCCGCGATACTTCGATCTCTGG	50157
3272	IGHV3-30*03	IGHJ3*01	IGHA1	TGTGCGACCCGGGAAATGTACTACTATGATGCCACTGGATTTCCGCGAGATGGCTTTGATGCCTGG	29283
3303	IGHV3-74*01	IGHJ6*02	IGHA1	TGTGTAAGGGGTACCGTTGGCTGGAGTGGTGTGGACGTCTGG	45805
3433	IGHV3-7*01	IGHJ4*02	IGHM	TGTGCGGGCATGCATAGCAGCTATTGGTACGTGGAGGGGACTGACTATTGG	40845
3558	IGHV3-53*02	IGHJ3*02	IGHA1	TGTGCGGCAGTGGGAACTACTAGAGATAGGGATGCTTTTGATATTTGG	36704
3675	IGHV3-21*01	IGHJ4*02	IGHA1	TGTGCGAGAGAACGAGCGGGTTACTACCTTGACTGTTGG	21767
3897	IGHV3-74*01	IGHJ6*02	IGHG1	TGTGCAAGAGTTCACTATGATTCGGGGACGAACGTCTGG	45766
3948	IGHV3-21*01	IGHJ5*01	IGHG1	TGTGCGAGAGCGGGTTGTAGTGGTGCCGGCTGCTTTCTAAGGCAAAATTGGTTCGACTCCTGG	22884
4358	IGHV3-53*01	IGHJ4*02	IGHA1	TGTGCGAGAGAGGGAAGAAGAGATGTGGACAATGGCAGGTATAACTATGACTACTGG	37798
4629	IGHV3-74*01	IGHJ4*02	IGHG1	TGTGCAAGAGATCTCATTGTGGATAACTACGTTAGTGGTGGAGACGACTTTGACTACTGG	45331
4710	IGHV3-74*03	IGHJ5*02	IGHG1	TGCACAAGAGATCTCCCTTACTCCGATCGTCGCAGTTCGATGGGTAGAAACTACTTCGACCCCTGG	45688
4756	IGHV3-74*01	IGHJ4*02	IGHA1	TGTGCAAGGGCGTCCGGAGATAAATATGACAATAGGAGGCCCTTCGACTACTGG	45252
4815	IGHV3-21*01	IGHJ4*02	IGHA1	TGTGCGAGATGTGGGCACCGGTGGTACCATGACTACTGG	21815
4889	IGHV3-7*01	IGHJ4*02	IGHA1	TGTGCGTCAAACTCGGACTACCGTTTTGAGTACTGG	39552
5263	IGHV3-73*02	IGHJ5*02	IGHA1	TGTTCCTCTCGAGTGGGAACTACTGCTGCCTGG	43282
5334	IGHV3-21*02	IGHJ6*02	IGHG1	TGCGCGCGACAGGGCTACATTAAGATAGGCGCGGGCCTGGACGACTCTTCCTTCTTCTACTCCGGTTTGGACGCCTGG	23393
577	IGHV1-18*04	IGHJ4*02	IGHA1	TGTGCGAGAGATACATCCTATAACAATGGCTGGGGACTTGACTACTGG	1023
677	IGHV4-61*08	IGHJ5*02	IGHG1	TGTGCGAGAGGTCGTGGTTATCTCGTAAACACCTGGTTCGACCCCTGG	65620
759	IGHV4-39*01	IGHJ4*02	IGHG1	TGTGCGACACGCCGAAAAACTGTGGCTGGCCTCTACTTTGACGTTTGG	55809
918	IGHV4-39*01	IGHJ4*02	IGHA1	TGTGCGAGGCTATGGAGTGGGAGCCGCCCCCCCGACTATTGG	54820
1083	IGHV1-18*04	IGHJ4*02	IGHA1	TGTGCGAGAGCGGGGCAGTGGCTGATCCACTGG	446
1132	IGHV1-18*04	IGHJ5*02	IGHG1	TGTGCGAGAGATTGGTATTGTCCTCCCGGTGATCCTGCTTGTTACAACTGTTTCGACCCCTGG	2357
1170	IGHV4-39*01	IGHJ5*02	IGHG1	TGTGCGAGACGCCTAGCTCGTCAGGGCTGGTTCGACCCCTGG	58045
1217	IGHV4-39*01	IGHJ5*02	IGHG1	TGTGCGAGACGCCTAGCTCGTCAGGGCTGGTTCGACCCCTGG	58045
1243	IGHV4-4*07	IGHJ5*02	IGHA1	TGTGCGAGAGACGTGGATCAGTATGTTTCGGGAATTTATCATGACAATTGGTTCGACCCCTGG	61346
1387	IGHV4-34*02	IGHJ5*02	IGHA1	TGTGCCTCCCGGGGAGTACCTGGGGCTCTCAGATCGTGGTTCGACCCCTGG	52011
1443	IGHV1-2*02	IGHJ4*02	IGHG1	TGTGCGAGAGGGAACTATTACTTTGATAATACTGGTTTACATCCCCTCTTTGACTACTGG	6078
1517	IGHV1-8*01	IGHJ5*02	IGHA1	TGTTTGAGAGCGGGTCTCTGGGCTGCCTTGGGGGACCTCTGG	14811
1557	IGHV3-53*01	IGHJ5*02	IGHG1	TGTGCGAGAGATCCTCCGGGTATAGCATTAGGTGGCACGGGTGCCTGG	37962
1833	IGHV4-59*01	IGHJ4*02	IGHG1	TGTGCGAGAGCTAGTGGGACCTTCCGGTCTTTCTACTTTGACTACTGG	63103
2101	IGHV1-69*01	IGHJ6*02	IGHG1	TGTGCGAGAGGTATCCAGGGACAATGGTCCGGGGAGTTGTTGCGCCAGTTTCGTTACGGTATGGACGTCTGG	13757
2390	IGHV3-30*18	IGHJ4*02	IGHA1	TGTGCGAAAGAACAGGACTACGGTGACTTCTCTGACTACCGG	29442
2429	IGHV4-34*01	IGHJ6*02	IGHA1	TGTGCTAGAGGCCTTCGGTCTGTGGAGTGGACCGGGGACGGGGCTTTTGCTTTCTATTACGGAATGGACGTCTGG	52971
2566	IGHV1-46*01	IGHJ6*02	IGHA1	TGTGCGAGAGATAGGGGGCACATAGAATCAGTTATTACCGAACCGGGGATATTCGGTATGGACGTCTGG	10165
2817	IGHV4-28*07	IGHJ3*02	IGHA1	TGTGCGAGAAGTCCGGATAGATATGGCAAACCAGAGGCTTTTGATATCTGG	48907
2961	IGHV1-69*01	IGHJ4*02	IGHA1	TGCGCGAGGACCAAGGAGGGCGATTGTAGTGGCGGTACCTGCTACTCTCTCTTTTGTGACTCGTGG	12297
3059	IGHV4-61*05	IGHJ3*01	IGHA1	TGCACGAGAGTCGGGCCCGGGCTGGGCGCTTGTGACTTGTGG	64811
3314	IGHV3-48*01	IGHJ4*02	IGHA1	TGTGCGAGAGCGCGAGGGAGTAGCAGTTGGTACGCCCTTGACTACTGG	34459
3502	IGHV3-21*01	IGHJ6*02	IGHG1	TGTGCGAGAGAAGAGATACCTGAATGGGAAAAATATGTCCAGTACCACTACGGTATGGACGTCTGG	23215
3548	IGHV3-72*01	IGHJ4*02	IGHG1	TGTGTTAAAGATTCCGGACGTGGGGCCTACTTTGACTACTGG	42404
3601	IGHV3-23*01	IGHJ4*02	IGHA1	TGTGCGAGGCTGACTATACCAGTGGCTGGGATAACTCCATACTTTGACTACTGG	27023
3616	IGHV3-7*01	IGHJ4*02	IGHG1	TGTGCGCAGGACACCTATCGTCAAGATGACCACTGG	39536
3688	IGHV3-21*01	IGHJ4*02	IGHA1	TGTGCGAGAGAACGAGCGGGTTACTACCTTGACTGTTGG	21767
3786	IGHV3-23*01	IGHJ6*02	IGHA1	TGTGTGAAGGATGGGCCCTGGTACGGCCATTTCCACTACTACTATGCTATGGACGTCTGG	28767
3813	IGHV3-23*01	IGHJ6*02	IGHA1	TGTGCGAAGACCCTTCCGGCTCTAAATACACGACAAAACTACTATCATGGCATGGACGTCTGG	28808
3932	IGHV3-7*01	IGHJ4*02	IGHG1	TGTGCGAGAAGTCGGTGGTTGAGTGAGAGCTATCCCTCGGAACTTGACTTCTGG	40871
3960	IGHV3-48*01	IGHJ4*02	IGHG1	TGTGCGAGAAGGTTTGACTACTGG	33651
4172	IGHV3-7*01	IGHJ4*02	IGHA1	TGTGTGAGAGGTAGTGGGAACTATTACAGGCTCTGG	39492
4266	IGHV3-21*01	IGHJ5*01	IGHG1	TGTGCGAGAGCGGGTTGTAGTGGTGCCGGCTGCTTTCTAAGGCAAAATTGGTTCGACTGCTGG	22884
4271	IGHV3-21*01	IGHJ4*02	IGHM	TGTGCGAGGAAAAATTGTGGTGGTGACTGCTTATATCCGAACCCCCATGACTACTGG	22579
4531	IGHV3-74*01	IGHJ3*02	IGHA1	TGTGCAACCTTGGCGGATACCTCCCGCGGAGCTTTTGATATCTGG	43614
4612	IGHV3-74*01	IGHJ6*02	IGHA1	TGTGTAAGGGGTACCGTTGGCTGGAGTGGTGTGGACGTCTGG	45805
4624	IGHV3-74*01	IGHJ4*02	IGHG1	TGTGCAAGAGATCTCATTGTGTATAACTACGTTAGTGGTGGAGACGACTTTGACTACTGG	45331
4703	IGHV3-74*03	IGHJ5*02	IGHG1	TGCACAAGAGATCTCCCTTACTCCGATCGTCGCAGTTCGATGGGCAGAAACTACTTCGACCCCTGG	45688
4830	IGHV3-7*01	IGHJ1*01	IGHA1	TGTGCGAGAGTCGAATCCGGTTCTTTCCAGCACTGG	38411
4894	IGHV3-7*01	IGHJ4*02	IGHA1	TGTGTGAGAGGGGGGGAATCGAGGTTATTAACAACTCTCTGG	40194
5298	IGHV3-23*01	IGHJ4*02	IGHG1	TGTGCGAAAGATTTCAAACCCAGTGACGGGAAGTTCGAACTTGACTACTGG	26428
5336	IGHV3-23*01	IGHJ4*02	IGHA1	TGTGCGAAAGTCTCTGAATACTGGGAGGCTGATTCTGATGGTATTGGTTACCCCTATTACTTTGACTCCTGG	27856
776	IGHV1-46*01	IGHJ6*02	IGHA1	TGTGCGAGAGTGCGGGGGGTTTCGGTCCTCGGAGCCCTTATTCACAGTATGGACGTCTGG	10098
785	IGHV4-39*01	IGHJ4*02	IGHA1	TGTGCGAGACGGGGTGTTTATTGTCCTAATGGTGTTTGCGACAGGGGAAACTCCTACTTTGACTACTGG	57769
860	IGHV4-39*08	IGHJ6*02	IGHG1	TGTGCGAGACGCCTCGATTTTTGGAGTGGTTATTATGAGGGGAGGGGGGAAAACTACGGTATGGACGTCTGG	59880
1029	IGHV4-39*01	IGHJ2*01	IGHA1	TGTGTGAGACACGATTTGGCGGTAGGACTTTCGCACTGGTACTTCGATCTCTGG	53309
1057	IGHV1-18*04	IGHJ1*01	IGHA1	TGTGCGCGAGACGCCATCAGTATGATACTAGCGCTTAACCCCGCTGAATACTTCCAACACTGG	46
1066	IGHV1-18*04	IGHJ4*02	IGHG1	TGTGTGAGAGATATGACTTCTAGAGGAGAAGGCTACAAACCTGACTACTGG	1423
1123	IGHV1-18*04	IGHJ5*02	IGHG1	TGTGCGAGAGATTGGTATTGTCCTCCCGGTGATCCTGCTTGTTACAACTGTTTCGACCCCTGG	2357
1197	IGHV4-59*02	IGHJ6*02	IGHA1	TGTGCGAGAGGGGGGGTCTTCCAGTACGTCTGG	64237
1455	IGHV1-2*02	IGHJ4*02	IGHG1	TGTGCGAGAGGGAACTATTACTTTGATAATACTGGTTTACATCCCCTCTTTGACTACTGG	6078
1584	IGHV4-31*13	IGHJ5*02	IGHA1	TGTGCCAGAGCACTGGGATATAGAAACGGGGGATTCGACACCTGG	50073
1594	IGHV4-4*07	IGHJ6*02	IGHA1	TGTGCGAAAGAGAGGGGGGAGTGGGACGGTATGGACTTCAGG	61419
1696	IGHV4-59*01	IGHJ5*02	IGHG1	TGTGTGAGGGGCCCGTATTGTAGTAGTAGGAAATGTCGCGAACCTAACTGGTTCGACCCCTGG	64190
1718	IGHV4-4*07	IGHJ5*02	IGHA1	TGTGCGAGAGGTCTCGGTGGTTATTACTACCAAGACACCTGG	61120
2216	IGHV1-46*01	IGHJ4*02	IGHG1	TGTGCGCGAGATCTCTCTGACCTGGTTGGGCCTACTGTCAGAATTGCCCGTTTCTGCTTTGACCACTGG	9680
2389	IGHV3-30*18	IGHJ4*02	IGHA1	TGTGCGAAAGAACAGGACTACGGTGACTTCTCTGACTACCGG	29442
2405	IGHV4-61*01	IGHJ4*02	IGHA1	TGTTCGAGAGGATGGGATAGTGGGAGCTTCGAACTGGACTCCTGG	65158
2975	IGHV3-30*18	IGHJ4*02	IGHG1	TGTGTGAAACATGGCAGCCGGGGTCCAAACGACTTAGAGTACTGG	29711
3288	IGHV3-15*01	IGHJ4*02	IGHA1	TGTGCCACAGTGGGGTGGCATATGAATTATTATGAGAGTAGTGGTTACGCTGACCACTGG	20721
3500	IGHV3-48*02	IGHJ4*02	IGHA1	TGCGCGAAAATTAGGGATGGCAGCTCGTCAATCGGGCACTACTGG	34186
3611	IGHV3-49*04	IGHJ3*01	IGHA1	TGTACTAGAGATGGCTGGGATGGCTACAACCCCGACGGGGCTTTTGATCTCTGG	35698
3708	IGHV3-53*01	IGHJ5*02	IGHG1	TGTGCGAGAGATCCTCCGGGTATAGCATTAGGTGGCACGGGGGCCTGG	37962
3879	IGHV5-51*03	IGHJ4*02	IGHG3	TGTGCGAGACAGCTTAATCGATTTGGAAGTGGTTTTTATCCTCCCGGGGACTCGCCGTTTGACTACTGG	68535
4126	IGHV3-13*01	IGHJ3*02	IGHG1	TGTGCAAGAAGAAATTGGAACCAAGGGGGTGGTTTTGATATCTGG	18813
4204	IGHV3-21*01	IGHJ4*02	IGHG1	TGTGCGAGAGTGGGGGCGGGCTACTCTGGTTCGGGGAATTATTATCTTGACTACTGG	22576
4599	IGHV3-74*01	IGHJ3*02	IGHA1	TGTGCAAGTGGCAACCCGGCGGCCGGATATGCTTTTGATATCTGG	43638
4695	IGHV3-74*03	IGHJ5*02	IGHG1	TGCACAAGAGATCTCCCTTACTCCGATCGTCGCAGTTCGATGGGTAGAAACTACTTCGACCCCTGG	45688
653	IGHV4-61*01	IGHJ4*02	IGHA1	TGTGCGAGAGTAACGCTTTTTGGAGTGATTATCAACTGG	64992
762	IGHV4-61*03	IGHJ6*02	IGHG1	TGTGCGAGGGGGTCGGACGATTCCGATTTTTGGGGCCACTACACTCTGGACGTCTGG	65850
772	IGHV1-2*02	IGHJ5*02	IGHG1	TGTGCAAAGTCGACCCGCTCACATCGTTTACCAGTGGCTGGAGTCTGGTTCGGCCCCTGG	6876
808	IGHV4-39*01	IGHJ4*02	IGHG1	TGTGCGAGACATGTTAGCAGCAGCTGGATTTACTTTGACTACTGG	55437
816	IGHV4-39*01	IGHJ6*02	IGHA1	TGTGCGAGACATTTATACGGAAAGGGTATGAAAGTCTGG	59327
828	IGHV4-39*01	IGHJ6*02	IGHA1	TGTGCGAGACATTTATACGGAAAGGGTATGAAAGTCTGG	59327
1067	IGHV1-18*04	IGHJ4*02	IGHG1	TGTGTGAGAGATATGACTTCTAGAGGAGAAGGCTACAAACCTGACTACTGG	1423
1074	IGHV1-18*04	IGHJ6*02	IGHG1	TGTGCGAGACCGCATCCTTCAATTACTGTGGTTCGGGGAGTTACCCGGCAATACTACTATTATGGTATGGACGTCTGG	3047
1076	IGHV1-18*04	IGHJ6*02	IGHG1	TGTGCGAGACCGCATCCTTCAATTACTGTGGTTCGGGGAGTTACCCGGCAATACTACTATTATGGTATGGACGTCTGG	3047
1125	IGHV1-18*01	IGHJ5*02	IGHG1	TGTGCGAGAGATTGGTATTGTCCTCCCGGTGATCCTGCTTGTTACAACTGTTTCGACCCCTGG	2357
1227	IGHV1-2*02	IGHJ4*02	IGHA1	TGTGCGAGGGAATCCTGGCACTACGACTTCTGG	3847
1233	IGHV1-8*01	IGHJ4*02	IGHA1	TGTTCGAGAGCGGGTCTCATGGCTGCCTTGGGGGACTTCTGG	14378
1438	IGHV1-2*02	IGHJ4*02	IGHG1	TGTGCGAGAGGGAACTATTACTTTGATAATACTGGTTTACATCCCCTCTTTGACTACTGG	6078
1581	IGHV4-34*02	IGHJ2*01	IGHA1	TGTGCGAGGGACTCTGGCGTGGTGCGCGGTCCTGTTCTAATCACTGGTGGGGATCCACACTTCGATCAGTGG	50253
1684	IGHV4-61*01	IGHJ6*02	IGHA1	TGTGCGAGAGTACAAGGGCAGTCATACTTCTACTACTACGGTATGGACGTCTGG	65809
1804	IGHV4-4*07	IGHJ4*02	IGHM	TGTGCGAGAGATCAGACTGGTTATGGGGAATACTACTTTGACTACTGG	60657
2004	IGHV4-34*02	IGHJ6*02	IGHA1	TGTGCGAGAGGCCTGCGGTCTTTGACATGGTCCGGGGAGCGGGCCTTCTACTTCTATTACGCGATGGACGTCTGG	52938
2099	IGHV1-69*01	IGHJ4*02	IGHG1	TGTGCGAGCCCCCACCCGCCTGGGGACCACCACTTTGACCACTGG	11316
2185	IGHV1-8*01	IGHJ5*02	IGHG1	TGTGCGAGAGTCCCCCCCAATTATAGCCGTGGCTGGTACGCGGATTCCTGG	14888
2622	IGHV1-46*04	IGHJ4*02	IGHA1	TGTGCGAGAAATCTGGTGGGACCTACGGGGCTTGGTTACTGG	8880
3189	IGHV4-34*02	IGHJ2*01	IGHA1	TGTGCGAGACGTCCGCGATACTTCGATCTCTGG	50157
3269	IGHV3-23*01	IGHJ4*02	IGHA1	TGTGCGAAAGATCGAAAGGCTGGTGGTCAGTCACGTGGGGACTTTGACTTCTGG	26820
3311	IGHV3-48*01	IGHJ4*02	IGHA1	TGTGCGAGAGCGCGAGGGAGTAGCAGTTGGTACGCCCTTGACTACTGG	34459
3741	IGHV5-51*03	IGHJ4*02	IGHA1	TGTGCGAGACAACTTAATCGGTTTGGAAGTGGTTTTTATCCTCCCGGGGACTCGCCGTTTGACTACTGG	68535
3852	IGHV5-51*03	IGHJ6*02	IGHA1	TGTGCGATATATGGTACACCTGACATGACGGACTATGGTTTGGAAGTCTTG	69191
3868	IGHV5-51*01	IGHJ4*02	IGHG1	TGTGGCAGACATACTTACTATGATAATAGTGGCCTTTATTACTTTGACTATTGG	68200
3881	IGHV5-51*03	IGHJ4*02	IGHG1	TGTGCGAGAGGGACCCAGGGCAGTGGCTGGTACATCCCATTTTATGACTACTGG	68162
3946	IGHV3-7*01	IGHJ4*02	IGHA1	TGTGCGAGAGGTAGTGGGAGCTATTACAGGCACTGG	39493
3963	IGHV3-15*01	IGHJ4*02	IGHA1	TGTTCCACTTTTTGGGATGGCTATAATGTGATTGACTACTGG	20015
4054	IGHV3-7*01	IGHJ4*02	IGHA1	TGTGTGAGAGTGGGGAACAGTGGCTGGAAACTTGACTACTGG	40195
4127	IGHV3-13*01	IGHJ3*02	IGHG1	TGTGCAAGAAGAAATTGGAACCAAGGGGGTGGTTTTGATATCTGG	18813
4263	IGHV3-21*01	IGHJ5*01	IGHG1	TGTGCGAGAGCGGGTTGTAGTGGTGCCGGCTGCTTTCTAAGGCAAAATTGGTTCGACTCCTGG	22884
4914	IGHV3-21*07	IGHJ4*02	IGHA1	TGTGCGAGGCATCTTCAAGATTGTAGTGGAGGGAGTTGTTACTCTCGGATTGGTGACCACTGG	22677
5003	IGHV5-51*01	IGHJ4*02	IGHA1	TGTGCGAGACACGCGATGCCAGCTCGCTTCGAGGATCATTTTGACTCCTGG	67860
5021	IGHV3-7*01	IGHJ1*01	IGHA1	TGTGCGAGAGTCGAATCCGGTTCTTTCCAGCACTGG	38411
5090	IGHV3-74*01	IGHJ4*02	IGHG1	TGTACAAGAGACTATCATATATTATCAGCTGGTCTACAATATTGG	44716
5097	IGHV3-74*01	IGHJ4*02	IGHG1	TGTACAAGAGACTATCATATATTATCAGCTGGTCTACAATATTGG	44716
5259	IGHV3-73*02	IGHJ5*02	IGHA1	TGTTCCTCTCGAGTGGGAACTACTGCTGCCTGG	43282
5385	IGHV3-9*01	IGHJ4*02	IGHA1	TGTATAAAAGAAAAACTGCCCGGTGGCCTTGACTACTGG	46681
662	IGHV3-53*01	IGHJ4*02	IGHA1	TGTGCGAGAGAGGGAAGAAGAGATGTGGACAATGGCAGGTATAACTATGACTACTGG	37798
1116	IGHV1-18*04	IGHJ4*02	IGHA1	TGTGCGAGAGAGGGCGATTTCTGGAGTGGTTATTCCTTTGACTACTGG	1098
1168	IGHV4-4*07	IGHJ4*02	IGHG1	TGTGCGAGATCTGATAGTGGGAGCTTCCAGTTCCACTTTGACAACTGG	60707
1176	IGHV1-46*01	IGHJ5*02	IGHA1	TGTGCAAAAACGGCCGCGGAAAGTCCTTGTGGCGATGACTGCTTTTCACTTCAGTCCTGG	9862
1177	IGHV1-46*01	IGHJ5*02	IGHA1	TGTGCAAAAACGGCCGCGGAAAGTCCTTGTGGCGATGACTGCTTTTCACTTCAGTCCTGG	9862
1421	IGHV4-4*07	IGHJ4*02	IGHA1	TGCGCGAGAGGAAGTGACGGTGACTACTACTTTGACCACTGG	60447
1603	IGHV4-61*01	IGHJ6*02	IGHA1	TGTGCGACCTTGCGTTTGGAGCAGATATCTTTTAGCCATCACTATTACGGTTTGGACGTCTGG	65887
1733	IGHV4-59*01	IGHJ6*02	IGHA1	TGTGCGCGAGCCCTCCAGTACTACTACGGAATGGACGTCTGG	64302
1874	IGHV4-4*07	IGHJ4*02	IGHM	TGTGCGAGATATCAGACTGGTTATGGGGAATACTACTTTGACTACTGG	60657
2140	IGHV1-8*01	IGHJ5*02	IGHG1	TGTGCGAGAGGCGGGGGATACTATGATAGTGGTGGTTATCATATCTCCGGATTCGACCCCTGG	14967
2161	IGHV1-8*01	IGHJ5*02	IGHG1	TGTGCGAGAGGCGGGGGATACTATGATAGTGGTTGTTATCATATCTCCGGATTCGACCCCTGG	14967
2277	IGHV3-11*01	IGHJ4*02	IGHG1	TGTGCGAGCGCATGGACGTATTACTTTGATCATAGTGGTCGTTACTACCCCCCAAATGACTACTGG	18263
2317	IGHV3-30*18	IGHJ4*02	IGHA1	TGTGCGAAACGAAGAAGGGGGGGTGACGCCACACTAGATTGGTTCTTGGACTACTGG	30428
2370	IGHV3-30*03	IGHJ6*02	IGHG3	TGTGCGAGGAACACGTGGCTAAAGTTATGGCACGCTCGTCACTACTACTACGCTATGGACGTCTGG	31513
2612	IGHV3-11*01	IGHJ3*01	IGHG1	TGTGCGAGAGACCTCTCGGATGGTCTCGGTGACTCCGTCCTAGGGGCTTTTGACCTGTGG	17409
2613	IGHV3-11*01	IGHJ3*01	IGHG1	TGTGCGAGAGACCTCTCGGATGGTCTCGGTGACTCCGTCCTAGGGGCTTTTGACCTGTGG	17409
2721	IGHV3-11*01	IGHJ4*02	IGHA1	TGTGCGAGAGATGCCCTTGTGTTTACTTTTGACTATTGG	17609
3115	IGHV3-11*01	IGHJ3*01	IGHG1	TGTGCGAGAGACCTCTCGGATGGTCTCGGTGACTCCGTCCTAGGGGCTTTTGACCTGTGG	17409
3264	IGHV3-74*01	IGHJ3*02	IGHA1	TGTGCAACCTTGGCGGATACCTCCCGCGGAGCTTTTGATATCTGG	43614
3387	IGHV3-15*05	IGHJ4*02	IGHA1	TGTGTAGGGAACAACGCT	19335
3457	IGHV3-7*01	IGHJ5*02	IGHA1	TGCGCGAGAGATTTAGCTAAACAACGGGTGGCCAATGGGGAAGCCGACCACTGG	41546
3565	IGHV3-53*02	IGHJ3*02	IGHA1	TGTGCGGCAGTGGGAACTACTAGAGATAGGGATGCTTTTGATATTTGG	36704
3586	IGHV3-48*01	IGHJ4*02	IGHA1	TGTGCGAGACCCTCCTCGGAGCTACTCTTGTGGTACTCTGACTACTGG	34382
4177	IGHV3-21*06	IGHJ4*02	IGHG1	TGTGTGAGAGACGGATACAGTTATGGTGACCAGTGG	21742
4277	IGHV3-48*01	IGHJ4*02	IGHG3	TGTGTCAGAGATGAATATTACTTTGATACTAGTGGTTCTTACCGAACTTTTGACTACTGG	34928
4344	IGHV3-53*01	IGHJ4*02	IGHA1	TGTGCGAGCCCCCATGGTAGTAGTGGTTATTACTATCTTGACTACTGG	37593
4417	IGHV3-73*02	IGHJ4*02	IGHA1	TGTACTAGACATTTGTATGGTGGCCCCCCCAATGACTACTGG	43065
4430	IGHV3-73*02	IGHJ4*02	IGHA1	TGTACTAGACATTTGTATGGTGGCCCCCCCAATGACTACTGG	43065
4623	IGHV3-74*01	IGHJ4*02	IGHG1	TGTGCAAGAGATCTCATTGTGGATAACTACGTTAGTGGTGGAGACGACTTTGACTACTGG	45331
4918	IGHV3-74*01	IGHJ4*02	IGHG1	TGTGTAAGAGATCTGACAGGGGCAAATGACTACTGG	44250
5007	IGHV3-48*03	IGHJ4*02	IGHA1	TGTTCGAAAATTAAAGATGGGAGCTCGTCAATCGGGGACTCCTGG	34185
5031	IGHV3-7*01	IGHJ1*01	IGHA1	TGTGCGAGAGTCGAATCCGGTTCTTTCCAGCACTGG	38411
5096	IGHV3-74*01	IGHJ4*02	IGHG1	TGTACAAGAGACTATCATATATTATCAGCTGGTCTACAATATTGG	44716
5121	IGHV3-21*08	IGHJ6*02	IGHG3	TGTGCGAGAGAGAGGGGTCCTGATTGGAGTTATGGTTTGGACGTCTGG	22965
5176	IGHV3-49*03	IGHJ5*02	IGHG1	TGTACTAAAGCCATAATAAATCGGAACGGCTGGTTCGACCCCTGG	36307
5312	IGHV3-9*01	IGHJ3*01	IGHG1	TGTGCAAAAGATGTCTTAGTGGCAGCTACTCGGCCCGGCGCTTTGGATCTCTGG	46453
5376	IGHV3-9*01	IGHJ6*02	IGHA1	TGTGCAAAAGACACGGGCGGTCCAAGGTGGCACGATGTCGTAGTAGTTCCAGCTGCTGTATTCGGCCTTTACGGTATGGACGTCTGG	48890
497	IGHV4-30-4*09	IGHJ6*02	IGHA1	TGTGCGAGAACCAGGAAATATTGTGCTGATGGAACCTGCGCCTTTTACTACGACGGTATGGAAGCCTGG	49974
652	IGHV3-15*05	IGHJ4*02	IGHA1	TGTTCCACTCTCGGAAGCACTAGCAGCTGCCCAAACGAAGACGGACGCTGCCCTGAAGACCACTGG	20795
692	IGHV3-74*01	IGHJ5*02	IGHA1	TGTACAACCTTCGCTTCTACAGTGCCCACCTGG	45407
737	IGHV1-8*01	IGHJ4*02	IGHA1	TGTTCGAGAGCGGGTCTCATGGCTGCCTTGGGGGACTTCTGG	14378
998	IGHV4-39*08	IGHJ6*02	IGHA1	TGCGCGAGATCTGCGCGGGTGATTACGAACAAAGTAGTGGTTACGTCGCACGGTTTGGACGTCTGG	59805
1022	IGHV3-30*18	IGHJ4*02	IGHA1	TGTGCGAAGGATTGGCAACCTTATAACTGGAACTACCATGGAGTCTTTGACTCCTGG	30491
1063	IGHV1-69*01	IGHJ6*02	IGHG1	TGTGCGAGAGGTATCCAGGGACAATGGTCCGGGGAGTTGTTGCGCCAGTTTCGTTACGGTATGGACGTCTGG	13757
1128	IGHV1-18*04	IGHJ5*02	IGHG1	TGTGCGAGAGATTGGTATTGTCCTCCCGGTGATCCTGCTTGTTACAACTGTTTCGACCCCTGG	2357
1287	IGHV1-69*01	IGHJ4*02	IGHG1	TGTGCGAGTGGAAGTGGCTGGTACTCGGGGCCTTGCGACTTCTGG	11341
1454	IGHV1-2*02	IGHJ4*02	IGHG1	TGTGCGAGAGGGAACTATTACTTTGATAATACTGGTTTACATCCCCTCTTTGACTACTGG	6078
1458	IGHV1-8*02	IGHJ4*02	IGHA1	TGTGCGCGAGACAGAAAGGGCCTTGCATTCTGG	14216
1519	IGHV1-8*01	IGHJ5*02	IGHA1	TGTTCGAGAGCGGGTCTCTGGGCTGCCTTGGGGGACCTCTGG	14811
1579	IGHV4-34*02	IGHJ2*01	IGHA1	TGTGCGAGGGACTCTGGCGTGGTGCGCGGTCCTGTTCTAATCACTGGTGGGGATCCACACTTCGATCAGTGG	50253
1625	IGHV4-39*02	IGHJ3*01	IGHA1	TGTGCGAACTCCGGTGACTACAGTCATAATGCTTTTGATCTCTGG	53509
1690	IGHV4-59*11	IGHJ5*02	IGHA1	TGTGCGGGCTATCTGGGGGAATTAAGACTGGGGTTCGACCCCTGG	63917
1846	IGHV4-59*01	IGHJ6*02	IGHA1	TGTGCGAGAGTGGGACAGTTTGGCTCGGGCGTCCGACATTACGGTATGGACGTCTGG	64504
1905	IGHV4-61*01	IGHJ4*02	IGHA1	TGTGCGAGAGTAACGCTTTTTGGAGTGATTATCAACTGG	64992
1939	IGHV4-30-4*09	IGHJ4*02	IGHG1	TGTGCGAGAGCCTATCATTACTCTGATACTAATGGTTACCTCGAGTGG	49402
1971	IGHV4-61*01	IGHJ2*01	IGHA1	TGCGCGAGAAGTCTCCGGTATTGTGGTGGTGGTACCTGCTACTCCTGGTACTTCGATCTGTGG	64784
2014	IGHV4-4*07	IGHJ5*02	IGHG3	TGTGCGAGAGAAAGTCATTACGATTTTTGGAGTGGTTGGATGAATTGGTTCGACCCCTGG	61313
2162	IGHV1-8*01	IGHJ5*02	IGHG1	TGTGCGAGAGGCGGGGGATACTATGATAGTGGTGGTTATCATATCTCCGGATTCTACCCCTGG	14967
2210	IGHV1-2*02	IGHJ4*02	IGHA1	TGTGCGAGAACAAGCTACGGTGACAAAGTGGGTGCTGATGACTGCTGG	4996
2289	IGHV3-11*01	IGHJ4*02	IGHA1	TGTTCGAGAGATCCAAGGCCCCTGCCCTACTGG	17535
2362	IGHV3-33*06	IGHJ4*02	IGHA1	TGTGCGAAATCAAGTCGCGATTTTTGGAGTGGTCCCCGGGACCACTACTTTGACTCGTGG	32648
2373	IGHV3-11*01	IGHJ4*02	IGHA1	TGTGCGAGAGATAAGGACTATGACAACGGTGATACAGTCTTTGACTTCTGG	18015
2747	IGHV6-1*01	IGHJ5*01	IGHA1	TGTGCAAGGGGACTTTGGTCAGAAGGTTTCGACTCCTGG	70615
2825	IGHV4-28*07	IGHJ3*02	IGHA1	TGTGCGATAAGTCCGGATAGATATGGCAAACCAGAGGCTTTTGATATCTGG	48907
3159	IGHV1-2*02	IGHJ5*01	IGHA1	TGTGCGACAGATAGGGGAGTGGAGCGACTCCCGTTTGAGTCCTGG	6473
3418	IGHV3-74*01	IGHJ5*02	IGHA1	TGTACAACCTTCGCTTCTATAGTGCCCACCTGG	45407
3497	IGHV3-48*02	IGHJ4*02	IGHA1	TGCGCGAAAATTAGGGATGGCAGCTCGTCAATCGGGCACTACTGG	34186
3618	IGHV3-7*01	IGHJ4*02	IGHG1	TGTGCGCAGGACACCTATCGTCAAGATGACCACTGG	39536
3707	IGHV3-53*01	IGHJ5*02	IGHG1	TGTGCGAGAGATCCTCCTGGTATAGCATTAGGTGGCACGGGGGCCTGG	37962
3731	IGHV3-23*01	IGHJ4*02	IGHA1	TGTGCGAAAGGGCGACTTCCCGGAGAGTCCTACTTTGACGACTGG	25264
3779	IGHV3-23*01	IGHJ4*02	IGHA1	TATGTGAAGACCGTGAGGTGGGAACTACCCCCATATTACTTTGACTACTGG	26690
3882	IGHV5-51*03	IGHJ4*02	IGHG1	AGCGTGGTGACCGTGCCCTCCAGCAGCTTGGGCACCCAGACCTACATCCCATTTTATGACTACTGG	68532
3935	IGHV3-7*01	IGHJ4*02	IGHG1	TGTGCGAGAAGTCGGTGGTTGAGTGAGAGCTATCCCTCGGAACTTGACTTCTGG	40871
3957	IGHV3-72*01	IGHJ4*02	IGHG1	TGTGGCAGATGGAAGAGTGGGAGCCCCGACTACTGG	42280
3974	IGHV3-20*01	IGHJ6*02	IGHA1	TGTGCGAGACCCTTTGTTACTCATCACTATTTCTACGGTATGGACGTCTGG	21347
4237	IGHV3-21*01	IGHJ2*01	IGHA1	TGTGCGAGAGGGGAGACCCGCTTCGATCTCTGG	21390
4310	IGHV3-15*01	IGHJ3*01	IGHA1	TGTGCCACTGGATACTGTAGCGGTGGTAGGTGCCACTACGATGATGCTTTTCATCTCTGG	19281
4634	IGHV3-74*01	IGHJ4*02	IGHG1	TGTGCAAGAGATCTCATTGTGGATAACTACGTTAGTGGTGGAGACGACTTTGACTACTGG	45331
4687	IGHV3-74*03	IGHJ4*02	IGHG1	TGCACAAGAGATCTCCCTTACTCCGATTGTCGCAGTTCGATGGGTAGAAACTACTTTGACCCCTGG	45377
4691	IGHV3-74*03	IGHJ5*02	IGHG1	TGCACAAGAGATCTCCCTTACTCCGATCGTCGCAGTTCGATGGGTAGAAACTACTTCGACCCCTGG	45688
5005	IGHV3-48*03	IGHJ4*02	IGHA1	TGTTCGAAAATTAAAGATGGGAGCTCGTCAATCGGGGACTCCTGG	34185
5038	IGHV3-21*02	IGHJ5*02	IGHA1	TGTGCGAGCGAGTTTAGCAGTGGCTGGTTCACCCAGGGCTTGGCTCACCGCTGG	22846
5194	IGHV3-23*01	IGHJ3*01	IGHA1	TGTGCGAAAGATCTTCCGGGGCGAAGTAGGGTTGATGCTTTTGATGTCTGG	23891
5299	IGHV3-23*01	IGHJ4*02	IGHG1	TGTGCGAAAGATTTCAAACCCAGTGACGGGAAGTTCGAACTTGACTACTGG	26428
5481	IGHV3-74*01	IGHJ4*02	IGHG1	TGTGTAAGAGATCTGACAGGGGCAAATGACTACTGG	44250
744	IGHV4-39*01	IGHJ4*02	IGHA1	TGTGCGACTTCAACGTGGGTACAACAATGGAAATCAGCCCCTCACAGGTTTGACGTCTGG	57244
854	IGHV4-39*01	IGHJ6*02	IGHA1	TGTGCTCGCTACTACTTCTTCGCTATCGACGTCTGG	59309
1017	IGHV4-39*01	IGHJ5*02	IGHG1	TGTGCGATATCGGAACGCTTTTTGGGGGACTTACCCCAAATCAACTGGTTCGACCCCTGG	58862
1018	IGHV4-39*01	IGHJ5*02	IGHG1	TGTGCGACATCGGAACGCTTTTTGGGGTACTTACCCCAAATCAACTGGTTCGACCCCTGG	58862
1069	IGHV1-18*04	IGHJ4*02	IGHG1	TGTGTGAGAGATATGACTTCTAGAGGAGAAGGCTACAAACCTGACTACTGG	1423
1162	IGHV4-4*07	IGHJ4*02	IGHG1	TGTGCGAGATCTGATAGTGGGAGCTTCCAGTTCCACTTTGACAACTGG	60707
1288	IGHV1-69*01	IGHJ4*02	IGHG1	TGTGCGAGTGGAAGTGGCTGGTACTCGGGGCCTTGCGACTTCTGG	11341
1388	IGHV4-34*02	IGHJ5*02	IGHA1	TGTGCCTCCCGGGGAGCACCTGGGGCTCTCAGATCGTGGTTCGACCCCTGG	52011
1468	IGHV1-8*01	IGHJ4*02	IGHA1	TGTTCGAGAGCGGGTCTCATGGCTGCCTTGGGGGACTTCTGG	14378
1534	IGHV1-8*01	IGHJ5*02	IGHA1	TGTTCGAGAGCGGGTCTCTGGGCTGCCTTGGGGGACCTCTGG	14811
1606	IGHV4-39*02	IGHJ3*01	IGHA1	TGTGCGAACTCCGGTGACTACAGTCATAATGCTTTTGATCTCTGG	53509
1624	IGHV4-39*02	IGHJ3*01	IGHA1	TGTGCGAACTCCGGTGACTACAGTCATAATGCTTTTGATCTCTGG	53509
1650	IGHV6-1*01	IGHJ4*02	IGHM	TGTGCAAGAGTGGAGGGTATAACTGGAACTCGGAGTTTTGACTACTGG	70401
1702	IGHV4-31*01	IGHJ6*02	IGHA1	TGTGCGAGAACCAGGAAATATTGTGCTTCTGCCACCTGTTCGCACTACTACGACGGGATGGACGTCTGG	50093
1955	IGHV4-30-4*09	IGHJ4*02	IGHA1	TGTGCGAGATACGGTGATTACCCTCTATGGGGATTTGACTCCTGG	49355
2195	IGHV1-2*02	IGHJ5*02	IGHA1	TGTGCGAGAGTTGAACTGCATAGCAGCCATTTATTCCGGTTCGACCCCTGG	6676
2343	IGHV3-33*06	IGHJ4*02	IGHA1	TGTGCGAAATCAAGTCGCGATTTTTGGAGTGGTCCCCGGGACCACTACTTTGACTCGTGG	32648
2395	IGHV1-46*01	IGHJ5*02	IGHA1	TTTGTCAGAGCCGAATTCTCCAACTGGTTCGACCCCTGG	9724
2454	IGHV4-34*01	IGHJ6*02	IGHG1	TGTGCGAGAGGCCTTCGCAGTAACTACGTGCCGGGAGCCGTCTGG	52412
2457	IGHV4-34*01	IGHJ6*02	IGHG1	TGTGCGAGAGGCCTTCGCAGTAACTACGTGCCGGGAGCCGTCTGG	52412
2548	IGHV1-46*01	IGHJ6*02	IGHA1	TGTGCGAAAGATTGGGGGGCTATGGGAAGTGTTATTACCGAACCGGGAATATTCGGAATGGACGTCTGG	10165
2611	IGHV3-11*01	IGHJ3*01	IGHG1	TGTGCGAGAGACCTCTCGGATGGTCTCGGTGACTCCGTCCTAGGGGCTTTTGACCTGTGG	17409
2676	IGHV3-53*02	IGHJ4*02	IGHA1	TGTGCGGGAGATACAGCTTGGGGGAGAGTCTTCCACTGG	37159
2764	IGHV1-46*01	IGHJ4*02	IGHA1	TGTGCGACATTCGGAGATGGCTACAAACGAGTTGACTTCTGG	8899
2888	IGHV3-30*18	IGHJ4*02	IGHA1	TGTGCGAAAGATTGGCAGCCTTATAACTGGAACTACCATGGGGTCTTTGACTCTTGG	30491
3083	IGHV4-39*01	IGHJ2*01	IGHA1	TGTGCGAGAGTGCGGCGAACTTACTGGCACTTCGATCTCTGG	53205
3216	IGHV4-4*07	IGHJ6*02	IGHA1	TGTGCGAAAGAGAGGGGGGAGTGGGACGGTATGGACTTCAGG	61419
3236	IGHV3-20*01	IGHJ6*02	IGHA1	TGTGCGAGACCCTTTGTTACTCATCACTATTTCTACGGTATGGACGTCTGG	21347
3237	IGHV6-1*01	IGHJ5*02	IGHA1	TGTGCCAGAGATCGGGCTCTTACTCCCGGAATGGCAATTGCTACAGACAACTGGTTCGACCCCTGG	70741
3350	IGHV3-23*01	IGHJ3*01	IGHG1	TGTGCGAGAGATGGCTGGGTGGCAGTGGCTGGTACGAATGATGGATTTGATTTCTGG	24075
3355	IGHV3-7*01	IGHJ6*02	IGHA1	TGTTCGAAATTGGGCAGGGGTAGTGGCCGTATGGACGTCTGG	41729
3626	IGHV3-7*01	IGHJ4*02	IGHG1	TGTGCGCAGGACACCTATCGTCAAGATGACCACTGG	39536
3710	IGHV3-53*01	IGHJ5*02	IGHG1	TGTGCGAGAGATCCTCCGGGTATAGCATTAGGTGGCACGGGGGCCTGG	37962
3711	IGHV3-53*01	IGHJ5*02	IGHG1	TGTGCGAGAGATCCTCCGGGCATAGCATTAGGTGGCACGGGGGCCTGG	37962
3737	IGHV3-23*01	IGHJ4*02	IGHG1	TGTGCGAAAGATCGTGGCGATTTTTGGAAAAGCAAAGACTACTGG	25182
3832	IGHV3-23*01	IGHJ3*01	IGHG1	TGTGCGAGAGATGGCTGGGTGGCAGTGGCTGGTACGAATGATGGATTTGATTTCTGG	24075
3930	IGHV3-7*01	IGHJ4*02	IGHG1	TGTGCGAGAAGTCGGTGGTTGAGTGAGAGCTATCCCTCGGAACTTGACTTCTGG	40871
3961	IGHV3-48*01	IGHJ4*02	IGHG1	TGTGCGAGAAGGTTTGACTACTGG	33651
4129	IGHV3-13*01	IGHJ3*02	IGHG1	TGTGCAAGAAGAAATTGGAACCAAGGGGGTGGTTTTGATATCTGG	18813
4205	IGHV3-21*01	IGHJ4*02	IGHG1	TGTGCGAGAGTGGGGGCGGGCTACTCTTGTTCGGGGAATTATTATCTTGACTACTGG	22576
4292	IGHV3-72*01	IGHJ3*02	IGHA1	TGTGTTAAAGATGACCCGAACCTTCCTGGGACCTTTGATATCTGG	42168
4389	IGHV3-15*01	IGHJ4*02	IGHM	TGTACCACCTTCTGTGATGGCCGGGGCGACTACTGG	19616
4598	IGHV3-74*03	IGHJ4*02	IGHG1	TGTGTAAGTGCCTTTAGTGGCAGCAGTAACTTCTGG	44263
4635	IGHV3-74*01	IGHJ4*02	IGHG1	TGTGCAAGAGATCTCATTGTGGATAACTACGTTAGTGGTGGAGACGACTTTGACTACTGG	45331
4699	IGHV3-74*03	IGHJ5*02	IGHG1	TGCACAAGAGATCTCCCTTACTCCGATCGTCGCAGTTCGATGGGTAGAAACTACTTCGACCCCTGG	45688
4767	IGHV3-74*01	IGHJ4*02	IGHA1	TGTGCAAGGGCGTCCGGAGATAAATATGACAATAGGAGGCCCTTCGACTACTGG	45252
4824	IGHV3-21*01	IGHJ4*02	IGHA1	TGTGTGAGATGTGGGCACCGGTGGTACCATGACTACTGG	21815
4847	IGHV3-49*03	IGHJ4*02	IGHA1	TGTGCAAGGGGTCGACCAGGTCGTACAGGATACTACTTTGACTATTGG	36031
5258	IGHV3-73*02	IGHJ5*02	IGHA1	TGTTCCTCTCGAGTGGGAACTACTGCTGCCTGG	43282
5310	IGHV3-9*01	IGHJ3*01	IGHG1	TGTGCAAAAGATGTCTTAGTGGCAGCTACTCGGCCCGGCGCTTTGGATCTCTGG	46453
631	IGHV3-30*18	IGHJ4*02	IGHA1	TGTGCGAAAGAGACTCAGAAGTATGCGAGTGGCTGGTTCTTTGAGTCCTGG	30014
670	IGHV3-9*01	IGHJ4*02	IGHA1	TGTATAAAAGAAAAACTGCCCGGTGGCCTTGACTACTGG	46681
766	IGHV4-61*03	IGHJ6*02	IGHG1	TGTGCGAGGGGGTCGGACGATTCCGATTTTTGGGGCCACTACACTCTGGACGTCTGG	65850
926	IGHV4-39*01	IGHJ4*02	IGHA1	TGTGCGAGGTTTAGTGGGAGCTACCGAGCGTTTGACTGGTGG	55169
935	IGHV4-39*01	IGHJ5*02	IGHA1	TGTGCGAGACGCTTGGGCTCGTGGGACATCAACTGGTTCGACCCCTGG	58295
1003	IGHV4-39*08	IGHJ6*02	IGHA1	TGCGCGAGATCTGCGCGGGTGATTACGAACAAAGTAGTGGTTACGTCGCACGGTTTGGACGTCTGG	59805
1077	IGHV1-18*04	IGHJ6*02	IGHG1	TGTGCGAGACCGCATCCTTCAATTACTGTGGTTCGGGGAGTTACCCGGCAATACTACTATTATGGTATGGACGTCTGG	3047
1119	IGHV1-18*04	IGHJ5*02	IGHG1	TGTGCGAGAGATTGGTATTGTCCTCCCGGTGATCCTGCTTGTTACAACTGTTTCGACCCCTGG	2357
1262	IGHV1-69*01	IGHJ5*02	IGHA1	TGTGTATCTGTTGACTGTGGTGAAGACTGTTACTCGCCCCACTGGTTCGACCCCTGG	12675
1457	IGHV1-8*02	IGHJ4*02	IGHA1	TGTGCGCGAGACAGAAAGGGCCTTGCATTCTGG	14216
1513	IGHV1-8*01	IGHJ5*02	IGHA1	TGTTCGAGAGCGGGTCTCTGGGCTGCCTTGGGGGACCTCTGG	14811
1521	IGHV1-8*01	IGHJ4*02	IGHA1	TGTTCGAGAGCGGGTCTTTGGGCTGCCTTGGGGGACTTCTGG	14378
1574	IGHV4-34*02	IGHJ2*01	IGHA1	TGTGCGAGGGACTCTGGCGTGGTGCGCGGTCCTGTTCTAATCACTGGTGGGGATCCACACTTCGATCAGTGG	50253
1613	IGHV4-61*01	IGHJ6*02	IGHA1	TGTGCGACCTTGCGTTTGGAGCAGATATCTTTTAGCCATCACTATTACGGTTTGGACGTCTGG	65887
1714	IGHV4-61*03	IGHJ6*02	IGHA1	TGTGCGAGAGACTACAATAGCGGCGACTACGGTATGGACGTCTGG	65762
1724	IGHV4-4*07	IGHJ5*02	IGHA1	TGTGCGAGAGGTCTCGGTGGTTATTACTACCAAGACACCTGG	61120
1839	IGHV4-4*07	IGHJ6*02	IGHA1	TGTGCGAGAGATGGAAGTCTGGATTTTTGGAGTGGTGATTATAACGATGACTACTATTACGGTATGGACGTCTGG	61698
2171	IGHV1-2*06	IGHJ4*02	IGHA1	TGTGCGAGAACACTGACAATCCGTGACAGTACTGGGCAGGTGGACTACTGG	5279
2300	IGHV3-11*01	IGHJ4*02	IGHG1	TGTGCGAGCGCATGGACGTATTACTTTGATCATAGTGGTCGTTACTACCCCCCAAATGACTACTGG	18263
2314	IGHV3-30*18	IGHJ6*02	IGHA1	TGTGTGAAAGATCGGGGGTGGGCTACAGTAACTTCGCGGGGTATGGACGTCTGG	31198
2380	IGHV3-30*18	IGHJ4*02	IGHA1	TGTGCGAAAGAACAGGACTACGGTGACTTCTCTGACTACCGG	29442
2491	IGHV4-34*01	IGHJ6*02	IGHA1	TGTGCGAGAGGAGATACAGTGATGCCGTTCCACCCCAAATTCTACGGTATAGACGTCTGG	52627
2725	IGHV3-33*01	IGHJ6*02	IGHG1	TGTGCGAGAGATCGCGGGCACGACTTGTATAGTGGTTATATATATGGTTTGGACGTCTGG	33036
2829	IGHV4-28*07	IGHJ3*02	IGHA1	TGTGCGAGAAGTCCGGATAGACATGGCAAACCAGAGGCTTTTGATATCTGG	48907
3069	IGHV1-45*02	IGHJ4*02	IGHA1	TGTGCAAGTTCGAACAACAGTCCGCACTATTCTTTTGACTATTGG	8454
3166	IGHV3-30*18	IGHJ4*02	IGHA1	TGTGCGAAAACCCCGGATAAATGTGGTCCTTCTTGCTATTTAATTGACTACTGG	30229
3170	IGHV1-58*01	IGHJ5*02	IGHA1	TGTGCGGTCATGTATTCTCGTGATTCGGGGACTTATTATTCACTCCTACGCTCGGGCTGGTTCGACCCCTGG	10391
3265	IGHV3-7*01	IGHJ5*02	IGHG1	TGTGCGAGACATAACAATTGGCCGGGTATAGCAGCAGCTTTCAATTGGCTCGGCCCCTGG	41579
3275	IGHV1-18*04	IGHJ4*02	IGHA1	TGTGCGAGAGATACGTCCTATAGCAGTGGCTGGGTGTTTGACTTTTGG	1023
3456	IGHV3-49*05	IGHJ5*02	IGHA1	TGTAGTAGGGCATCCCCTATACAACGCCCTGATTGGTTCGACCCCTGG	36327
3486	IGHV3-48*02	IGHJ4*02	IGHA1	TGCGCGAAAATTAGGGATGGCAGCTCGTCAATCGGGCACTACTGG	34186
3506	IGHV3-23*01	IGHJ5*02	IGHG1	TGTGCGCAGGAGGATCTCTATCATGGTAGTGGTTACTCGTGGTTCGACCCCTGG	28212
3514	IGHV3-23*01	IGHJ3*01	IGHA1	TGTGCGAGAGACGCGTATAACACCTTAAGTCGTCAGAATGATGGGTTTGATCTTTGG	24029
3625	IGHV3-7*01	IGHJ4*02	IGHG1	TGTGCGCAGGACACCTATCGTCAAGATGACCACTGG	39536
3706	IGHV3-53*01	IGHJ5*02	IGHG1	TGTGCGAGAGATCCTCCGGGTATAGCATTAGGTGGCACGGGGGCCTGG	37962
3712	IGHV3-53*01	IGHJ5*02	IGHG1	TGTGCGAGAGACCCTCCGGGTATAGCATTAGGTGGCACGGGGGCCTGG	37962
3773	IGHV3-23*01	IGHJ4*02	IGHA1	TGTGTGAAGACCGTGAGGTGGGAACTACCCCCATATTACTTTGACTACTGG	26690
3824	IGHV3-23*01	IGHJ3*01	IGHG1	TGTGCGAGAGATGGCTGGGTGGCAGTGGCTGGTACGAATGATGGATTTGATTTCTGG	24075
3934	IGHV3-7*01	IGHJ4*02	IGHG1	TGTGCGAAAAGTCGGTGGTTGAGTGAGAGCTATCCCTCGGAACTTGACTTCTGG	40871
4023	IGHV3-72*01	IGHJ6*02	IGHA1	TGTGCTAGAGGGGGCGGACTGGGAAACTACCAGTACGCTATGGACGGCTGG	42777
4109	IGHV3-48*01	IGHJ4*02	IGHA1	TGTGCGAGGACAAAATATTACTATGACAGTAATGACTCCTGG	34149
4165	IGHV3-7*01	IGHJ4*02	IGHM	TGTGTGAGAGATCACGACACTAATGGCTGGTATATTGATGACTGG	40468
4258	IGHV3-21*01	IGHJ4*02	IGHA1	TGTGCGAGAGATGGCTTACATGGCAGTGGCCATTTTGACTACTGG	22007
4267	IGHV3-21*01	IGHJ5*01	IGHG1	TGTGCGAGAGCGGGTTGTAGTGGTGCCGGCTGCTTTCTAAGGAAAAATTGGTTCGACTCCTGG	22884
4455	IGHV3-74*01	IGHJ2*01	IGHA1	TGTGCGAGGGTATCGCCCAACTGGTACAACGATCTCTGG	43473
4483	IGHV3-74*01	IGHJ4*02	IGHA1	TGTGCAAGGGTCACTATGGGGAAGGGGGCTGGATACTGG	44421
4620	IGHV3-74*01	IGHJ4*02	IGHG1	TGTGCAAGAGATCTCATTGTGGATAACTACGTTAGTGGTGGAGACGACTTTGACTACTGG	45331
4627	IGHV3-74*01	IGHJ4*02	IGHG1	TGTGCAAGAGATCTCATTGTGGATAACTACGTTAGTGGTGGAGACGACTTTGACTACTGG	45331
4669	IGHV3-74*01	IGHJ4*02	IGHA1	TGTGTAAGAGATTTCGTGGGACCGAGGGACTACTGG	44090
4749	IGHV3-7*01	IGHJ4*02	IGHA1	TGTGCGAGAGACAGTCTACGGAGGTTTGACTTCTGG	39412
4917	IGHV3-74*01	IGHJ4*02	IGHG1	TGTGTAAGAGATCTGACAGGGGCAAATGACTACTGG	44250
4943	IGHV3-74*01	IGHJ4*02	IGHA1	TGTGTAAGAGACTGTTGTGGGACGTTCGGTGACGACTGG	44453
5181	IGHV3-49*03	IGHJ5*02	IGHG1	TGTACTAAAGCCATAATAAATCGGAACGGCTGGTTCGACCCCTGG	36307
5283	IGHV3-73*02	IGHJ4*02	IGHM	TGTAAGACTTGGCTAGAACCTTTTGACTACTGG	42988
5313	IGHV3-9*01	IGHJ3*01	IGHG1	TGTGCAAAAGATGTCTTAGTGGCAGCTACTCGGCCCGGCGCTTTGGATCTCTGG	46453
5325	IGHV3-9*01	IGHJ6*02	IGHA1	TGTTCAAAAGATCGTAACTCCTACTTCTACTACGGTGTGGACCTCTGG	48289
544	IGHV4-61*03	IGHJ5*01	IGHG3	TGCGCGAGAAGTCGGGGTGACTACGGTGACTACGGTTTCGACTTCTGG	65599
644	IGHV3-48*01	IGHJ4*02	IGHA1	TGTGCGAGGACTTTTTGTAATGATACCAACTGCTTCTACTTTGACGACTGG	34648
710	IGHV3-7*01	IGHJ4*02	IGHA1	TGTGCGTCAAACTCGGACTACCGTTTTGAGTACTGG	39552
787	IGHV4-39*01	IGHJ4*02	IGHA1	TGTGCGAGACGGGGTGTTTATTGTCCTAATGGTGTTTGCGACAGGGGAAACTACTACTTTTACTACTGG	57769
911	IGHV4-39*08	IGHJ6*02	IGHG1	TGTGCGAGACGCCTCGATTTTTGGAGTGGTTATTATGAGGGGAGGGGGGAAAACTACGGTATGGACGTCTGG	59880
1036	IGHV4-39*01	IGHJ6*02	IGHA1	TGTGCGAGGGAGGGGCCCTACTACTACGGTATGGACGTCTGG	59346
1165	IGHV4-4*07	IGHJ4*02	IGHG1	TGTGCGAGATCTGATAGTGGGAGCTTCCAGTTCCACTTTGACAACTGG	60707
1449	IGHV1-2*02	IGHJ4*02	IGHG1	TGTGCGAGAGGGAACTATTACTTTGATAATACTGGTTTACATCCCCTCTTTGACTACTGG	6078
1453	IGHV1-2*02	IGHJ4*02	IGHG1	TGTGCGAGAGGGAACTATTACTTTGATAATACTGGTTTACATCCCCTCTTTGACTACTGG	6078
2060	IGHV1-2*02	IGHJ6*02	IGHG1	TGTGCGAGAGATTACGAACGGTGGGTGGTTTTGCCCTACTACTTCTACGGTTTGGACGTCTGG	7591
2127	IGHV1-69*01	IGHJ6*02	IGHM	TGTGCGAGAGACCCTATAGCAGCTCAGGACTACTACTACGGTATGGACGTCTGG	13043
2160	IGHV1-8*01	IGHJ5*02	IGHG1	TGTGCGAGAGGCGGGGGATACTATGATAGTGGTGGTTATCATATCTCCGGATTCGACCCCTGG	14967
2213	IGHV1-2*02	IGHJ4*02	IGHG1	TGTGCGAGAGATCTCTATCCAGTGTCTGGTACGATTTCGGGGGTGACTGCTGTCTACTGG	6057
2215	IGHV1-69*01	IGHJ2*01	IGHG1	TGTGCGAGTTATCACAACTGGAACGACGAATGGTACTTCGATCTCTGG	10508
2219	IGHV1-46*01	IGHJ4*02	IGHG1	TGTGCGCGAGATCTCTCTGACCTGGTTGGGCCTACTGTCAGAATTGCCCGTTTCTGCTTTGACCACTGG	9680
2220	IGHV1-46*01	IGHJ4*02	IGHG1	TGTGCGCGAGATCTCTCTGACCTGGTTGGGCCTACTGTCAGAATTGCCCGTTTCTGCTTTGACCACTGG	9680
2295	IGHV3-11*01	IGHJ6*02	IGHG1	TGTGCGAGAGGGGCGATGTTTGGACTGGGACTTCAATACTACTGTATGGACGTCTGG	18594
2312	IGHV3-30*18	IGHJ4*02	IGHA1	TGTGCGAAAGCCCTAGTGGGATTACTAGGGGGATATTTTGAGAATTGG	29838
2391	IGHV1-69*01	IGHJ6*02	IGHA1	TGTGCGAGGATGGCATATTGTGGTGGTGACTGCTCCACTCCCCGGGACTTCTATTACTATGGTATGGATGTCTGG	13860
2647	IGHV1-2*02	IGHJ5*02	IGHA1	TGTGCCAACAACCGCAATCCTGGCAGTGATTACTTACTGTCGTCCTGG	6529
2729	IGHV4-4*07	IGHJ5*02	IGHG3	TGTGCGAGAGAAAGTCATTACGATTTTTGGAGTGGTTGGATGAATTGGTTCGACCCCTGG	61313
2869	IGHV1-8*01	IGHJ5*02	IGHG1	TGTGCGAGAGGCGGGGGATACTATGATAGTGGTGGTTATCATATCTCCGGATTCGACCCCTGG	14967
2873	IGHV1-18*04	IGHJ3*01	IGHG1	TGTGCGAGAGATGGCTGGCATACGGTTGTTATTGCGGGGTTGAAAGCTTTTGATGTGTGG	287
2940	IGHV3-33*01	IGHJ4*02	IGHA1	TGTGCGAGAATGGGGAGCCATTACTCTGATGGCAGTGGTTACGGCTACGGGGCATTTGACCTCTGG	32711
3005	IGHV1-18*04	IGHJ4*02	IGHA1	TGTGTGAGAGATACGTCCTTTAGCAGTGGCTGGGGATTTGACTACTGG	1023
3042	IGHV2-5*01	IGHJ4*02	IGHA1	TGTGCACACAGACCAGCGTATAGCAGGGGCCAACGAATATTTGACTGCTGG	16125
3260	IGHV5-51*01	IGHJ3*02	IGHG1	TGTGCGAGACAGGGCCCCATGTCTGGAGATGCTTTTGATATCTGG	66270
3261	IGHV5-51*01	IGHJ3*02	IGHG1	TGTGCGAGACAGGGCCCCATGTCTGGAGATGCTTTTGATATGTGG	66270
3372	IGHV3-7*01	IGHJ6*02	IGHG1	TGTGCGAGAGATTTGTGGCCCATGGACGTCTGG	41667
3439	IGHV3-7*01	IGHJ4*02	IGHM	TGTGCGGGCATGCATAGCAGCTATTGGTACGTGGAGGGGACTGACTATTGG	40845
3623	IGHV3-7*01	IGHJ4*02	IGHG1	TGTGCGCAGGACACCTATCGTCAAGATGACCACTGG	39536
3732	IGHV3-23*01	IGHJ4*02	IGHA1	TGTGCGAAAGGGCGACTTCCCGGAGAGTCCTACTTTGACGACTGG	25264
3739	IGHV3-23*01	IGHJ4*02	IGHG1	TGTGCGAAAGATCGTGGCGATTTTTGGAAAAGCAAAGACTACTGG	25182
3753	IGHV3-7*01	IGHJ4*02	IGHA1	TGTGCGAAGTACAGTGGGGCCTACTCCTTTGAGTCCTGG	39646
3778	IGHV3-23*01	IGHJ4*02	IGHA1	TGTGTGAAGACCGTGAGGTGGGAACTACCCCCATATTACTTTGACTACTGG	26690
3898	IGHV3-74*01	IGHJ6*02	IGHG1	TGTGCAAGAGTTCACTATGATTCGGGGACGAACGTCTGG	45766
3970	IGHV3-7*01	IGHJ4*02	IGHG1	TGTACGAGAGATGGACTTTGG	38922
3996	IGHV3-7*01	IGHJ4*02	IGHG1	TGTGCGAGCGTCAAAGGTCGGACTAACTGGGGCGACTACTGG	40141
4374	IGHV3-74*03	IGHJ5*02	IGHG1	TGCACAAGAGATCTCCCTTACTCCGATCGTCGCAGTTCGATGGGTAGAAACTACTTCGACCCCTGG	45688
4396	IGHV3-73*02	IGHJ4*02	IGHA1	TGTACTAGCCAAAGCCGTCAAGCAGTGGCTGTAGACTACTGG	43077
4618	IGHV3-74*01	IGHJ6*02	IGHA1	TGTGTAAGGGGTACCGTTGGCTGGAGTGGTGTGGACGTCTGG	45805
4622	IGHV3-74*01	IGHJ4*02	IGHG1	TGTGCAAGAGATCTCATTGTGGATAACTACGTTAGTGGTGGAGACGACTTTGACTACTGG	45331
4870	IGHV3-53*01	IGHJ6*02	IGHG1	TGTGCGAGTAGGTGGTTGTGGAACTACTACTCTATGGACGTCTGG	38068
5125	IGHV3-9*01	IGHJ4*02	IGHA1	TGTGTAAAAGATATTTCCAGTGGTAACTGGATCTTTGACTCCTGG	46924
5161	IGHV3-21*02	IGHJ4*02	IGHA1	TGTGTGAAAGAGTCTTCGGGTGACTCCCTTGATTATTGG	21754
5437	IGHV3-48*02	IGHJ4*02	IGHA1	TGCGCGAAAATTAGGGATGGCAGCTCGTCAATCGGGCACTACTGG	34186
667	IGHV1-8*02	IGHJ4*02	IGHA1	TGTGCGCGAGACAGAAGGGGCCTTGCATTCTGG	14216
915	IGHV4-39*08	IGHJ6*02	IGHG1	TGTGCGAGACGCCTCGATTTTTGGAGTGGTTATTATGAGGGGAGGGGGGAAAACTACGGTATGGACGTCTGG	59880
1071	IGHV1-18*04	IGHJ6*02	IGHG1	TGTGCGAGACCGCATCCTTCAATTACTGTGGTTCGGGGAGTTACCCGGCAATACTACTATTATGGTATGGACGTCTGG	3047
1075	IGHV1-18*04	IGHJ6*02	IGHG1	TGTGCGAGACCGCATCCTTCAATTACTGTGGTTCGGGGAGTTACCCGGCAATACTACTATTATGGTATGGACGTCTGG	3047
1148	IGHV2-70*17	IGHJ3*01	IGHA1	TGTGCACGGTTTATTGCAGCCCGCCCAGGCGCTTTCGATTTCTGG	16817
1166	IGHV4-4*07	IGHJ4*02	IGHG1	TGTGCGAGATCTGATAGTGGGAGCTTCCAGTTCCACTTTGACAACTGG	60707
1284	IGHV1-69*06	IGHJ4*02	IGHA1	TGCGCGACAAACCATAAATATAGCAGCCCTTGGGGGCCCTTTGACTTCTGG	11555
1459	IGHV1-2*02	IGHJ4*02	IGHG1	TGTGCGAGAGGGAACTATTACTTTGATAATACTGGTTTACATCCCCTCTTTGACTACTGG	6078
1814	IGHV4-4*07	IGHJ3*02	IGHA1	TGTGCGAGAGATTTTTACGGTGGTACCTCTGATGCTTTTGATATCTGG	60113
1944	IGHV4-30-4*09	IGHJ4*02	IGHG1	TGTGCGAGAGCCTATCATTACTCTGATACTAATGGTTACCTCGAGTGG	49402
2049	IGHV1-69*01	IGHJ4*02	IGHG1	TGTGCGAAAGGTCGGAGCGACAGTTGGGGCCGCCTGAATGACTGG	11225
2052	IGHV1-2*02	IGHJ4*02	IGHA1	TGTGCGAGAGGAAATGGTCTTTCGATTTTTGCAGTGGTTGAGACGTGG	5120
2119	IGHV1-69*01	IGHJ6*02	IGHM	TGTGCGAGAGACCCTATAGCAGCTCGTCAGGACTACTACTACGGTATGGACGTCTGG	13141
2157	IGHV1-8*01	IGHJ5*02	IGHG1	TGTGCGAGAGGCGGGGGATACTATGATAGTGGTGGTTATCATATCTCCGGATTCGACCCCTGG	14967
2249	IGHV1-69*01	IGHJ6*02	IGHA1	TGTGCGAGAGATATCGCAGACGCTAAAGGGCGAGACTTTTCCTTTGGTTATTCCGGTATGGACGTCTGG	13614
2368	IGHV3-30*03	IGHJ4*02	IGHA1	TGTGCGACCTCCTTGGGCAGTGGCTGGGCAAGGTTTGACTACTGG	29687
2471	IGHV4-34*01	IGHJ4*02	IGHA1	TGTGCGAGAGGATCTAGGCGCAGCATCGACACTTATCCTTTTGACTACTGG	51234
2792	IGHV6-1*01	IGHJ5*02	IGHA1	TGTGCTAGAGATCGGGCTCTTACTCCCGGAATGGCAATTGCTACAGACAACTGGTTCGACCCCTGG	70741
2899	IGHV3-11*01	IGHJ3*02	IGHA1	TGCGCGAGACAGAACTACGGCTTTGACCTAAATAATGCTTTTGACATTTGG	17369
3043	IGHV2-5*01	IGHJ4*02	IGHA1	TGTGCACACAGACCAGCGTATAGCAGGGGCCAACGAATATTTGACTGCTGG	16125
3082	IGHV4-39*01	IGHJ2*01	IGHA1	TGTGCCAGAGTGCGGCGAACTTACTGGCACTTCGATCTCTGG	53205
3099	IGHV3-11*01	IGHJ3*02	IGHG1	TGTGCGAGACTAAATAGGATTGATATCTGG	17295
3112	IGHV1-18*04	IGHJ4*02	IGHA1	TGTGCGAGAGAATTGATTGGAAGCACAGGGGGGGACCACTGG	672
3161	IGHV4-61*08	IGHJ5*02	IGHG1	TGTGCGAGAGGTCGTGGTTTTCTCGTAAACACCTGGTTCGACCCCTGG	65620
3203	IGHV1-18*04	IGHJ4*02	IGHA1	TGTGCGAGAGATACATCCTATAACAACGGCTGGGGACTTGACTACTGG	1023
3217	IGHV3-7*01	IGHJ6*02	IGHA1	TGTGCGAGGCGGTATTACTATGATAATGGTGGTGGTTGCGGTCTGGACGTCTGG	41842
3308	IGHV3-48*01	IGHJ4*02	IGHA1	TGTGCGAGAGCGCGAGGGAGTAGCAGTTGGTACGCCCTTGACTACTGG	34459
3561	IGHV3-53*02	IGHJ3*02	IGHA1	TGTGCGGCAGTGGGAACTACTAGAGATAGGGATGCTTTTGATATTTGG	36704
3714	IGHV3-74*01	IGHJ4*02	IGHG1	TGTGCAAGGGATCTCATTGTGGATAACTACGTTAGTGGTGGAGACGACTTTGACTACTGG	45331
3878	IGHV5-51*03	IGHJ4*02	IGHG3	TGTGCGAGACAGCTTAATCGATTTGGAAGTGGTTTTTATCCTCCCGGGGACTCGCCGTTTGACTACTGG	68535
3883	IGHV5-51*03	IGHJ4*02	IGHG1	TGTGCGAGAGGGACCCAGGGCAGTGGCTGGTACATCCCATTTTATGACTACTGG	68162
3971	IGHV3-72*01	IGHJ6*02	IGHA1	TGTGCTAGAAGTCCCGCTATGGACGTCTGG	42737
4014	IGHV3-7*01	IGHJ4*02	IGHA1	TGTGCGAGACTCCTGGATCGACGTGGATACAACTTTGGTTACGACTACTGG	40718
4580	IGHV3-74*01	IGHJ4*02	IGHA1	TGTGCAAGTAGTAGAGGCGTG	43813
4625	IGHV3-74*01	IGHJ4*02	IGHG1	TGTGCAAGAGATCTCATTGTGGATAACTACGTTAGTGGTGGAGACGACTTTGACTACTGG	45331
4632	IGHV3-74*01	IGHJ4*02	IGHG1	TGTGCAAGAGATCTCATTGTGGATAACTACGTTAGTGGTGGACACGACTTTGACTACTGG	45331
4655	IGHV3-74*01	IGHJ4*02	IGHA1	TGTGCAAGAGATGTCGGTGGGAGGTCCGGCTACTGG	44097
4692	IGHV3-74*03	IGHJ5*02	IGHG1	TGCACAAGAGATCTCCCTTACTCCGATCGTCGCAGTTCGATGGGTAGAAACTACTTCGACCCCTGG	45688
4705	IGHV3-74*03	IGHJ5*02	IGHG1	TGCACAAGAGATCTCCCTTACCCCGATCGTCGCAGTTCGATGGGTAGAAACTACTTCGACCCCTGG	45688
4860	IGHV3-53*01	IGHJ5*02	IGHA1	TGTGCGAGAGGGCGATCGGGTGGCCCAAGGTTCGACCCCTGG	37931
4873	IGHV3-74*01	IGHJ4*02	IGHA1	TGTGTAAGAGGGTCTCATAACAGTTATTCTGACCACGTCCTCTTTGACTATTGG	45263
5017	IGHV3-7*01	IGHJ1*01	IGHA1	TGTGCGAGAGTCGAATCCGGTTCTTTCCAGCACTGG	38411
5153	IGHV3-48*01	IGHJ4*02	IGHA1	TGTGCGACTGGCAGCGGGGCGCTAGTAGTGTTCACCACTTTTGACCGCTGG	34558
5226	IGHV3-21*07	IGHJ4*02	IGHA1	TGTGCGCGAATTTCGAAGTCCGGAGCAATCTGG	21700
641	IGHV4-4*07	IGHJ1*01	IGHA1	TGTGCGAGGGATAAAAGTAGCTGGCAAGAATACCTCCAACACTGG	59966
650	IGHV3-74*01	IGHJ4*02	IGHG1	TGTGCAAGAGATCTCATTGTGGATAACTACGTTAGTGGTGGAGACGACTTTGACTACTGG	45331
656	IGHV3-74*01	IGHJ4*02	IGHA1	TGTGCAAGTAGTAGAGGCGTG	43813
665	IGHV3-74*01	IGHJ4*02	IGHG1	TGTGCAAGAGATCTCATTGTGGATAACTACGTTAGTGGTGGAGACGACTTTGACTACTGG	45331
803	IGHV4-39*01	IGHJ4*02	IGHG1	TGTGCGAGACATGTTAGCAGCAGCTGGATTTACTTTGACTACTGG	55437
807	IGHV4-39*01	IGHJ4*02	IGHG1	TGTGCGAGACATGTTAGCAGCAGCTGGATTTACTTTGACTACTGG	55437
1121	IGHV1-18*04	IGHJ5*02	IGHG1	TGTGCGAGAGATTGGTATTGTCCTCCCGGTGATCCTGCTTGTTACAACTGTTTCGACCCCTGG	2357
1222	IGHV1-2*02	IGHJ4*02	IGHA1	TGTGCGAGGGAATCCTGGCACTACGACTTCTGG	3847
1451	IGHV1-2*02	IGHJ4*02	IGHG1	TGTGCGAGAGGGAACTATTACTTTGATAATACTGGTTTACATCCCCTCTTTGACTACTGG	6078
2016	IGHV4-4*07	IGHJ5*02	IGHG3	TGTGCGAGAGAAAGTCATTACGATTTTTGGAGTGGTTGGATGAATTGGTTCGACCCCTGG	61313
2217	IGHV1-46*01	IGHJ4*02	IGHG1	TGTGCGCGAGATCTCTCTGACCTGGTTGGGCCTACTGTCAGAATTGCCCGTTTCTGCTTTGACCACTGG	9680
2302	IGHV3-11*01	IGHJ6*02	IGHG1	TGTGCGAGAGGGGCGATGTTTGGACTGGGACTTCAATACTACGGTATGGACGTCTGG	18594
2307	IGHV3-11*01	IGHJ5*02	IGHA1	TGTGCGAGACGGGGGGATGGGTCGGGACCGACGTTCGACCCCTGG	18326
2692	IGHV3-33*01	IGHJ6*02	IGHA1	TGTGCGAGTAGTTCGAGAGGTAGTAGTATCAGCTGTTATTCGTGGTTGTGTCAATTGTACGGTATGGACGTCTGG	33162
2952	IGHV1-8*01	IGHJ6*02	IGHA1	TGTGCGAGAATTGGACTAGAGTGTAGTACCACCAGCTGTTATACTGCCGTTTACGACTACTACGGTATGGACGTCTGG	15252
2964	IGHV1-69*01	IGHJ4*02	IGHA1	TGCGCGAGTACCAAGGAGGGCGATTGTAGTGGCGGTACCTGCTACTCTCTCTTTTGTGACTCGTGG	12297
3504	IGHV3-23*01	IGHJ5*02	IGHG1	TGTGCGCAGGAGGATCTCTATCATGGTAGTGGTTACTCGTGGTTCGACCCCTGG	28212
3541	IGHV3-72*01	IGHJ4*02	IGHG1	TGTGTTAAAGATTCCGGACGTGGGGCCTTCTTTGACTACTGG	42403
3624	IGHV3-7*01	IGHJ4*02	IGHG1	TGTGCGCAGGACACCTATCGTCAAGATGACCACTGG	39536
3643	IGHV3-15*01	IGHJ4*02	IGHG1	TGTATCCGTGAAGACTACACGCGCCAATTCTGG	19539
3653	IGHV3-15*01	IGHJ4*02	IGHA1	TGTACGACTGACCGGAGTTATGGTTACTACTCTGCCCACTGG	19951
3704	IGHV3-53*01	IGHJ5*02	IGHG1	TGTGCGAGAGATCCTCCGGGTATAGCATTAGGTGGCACGGGGGCCTGG	37962
3709	IGHV3-53*01	IGHJ5*01	IGHG1	TGTGCGAGAGATCCTCCGGGTATAGCATTAGGTGGCACGGGGGCCTGG	37962
3717	IGHV3-30*18	IGHJ4*02	IGHA1	TGTGTGAAGGACAGCGGCACTGGCTGGTACTTCCCAGGTCCCTATTGG	29950
3738	IGHV3-23*01	IGHJ4*02	IGHG1	TGTGCGAAAGATCGTGGCGATTTTTGGAAAAGCAAAGACTACTGG	25182
3861	IGHV5-51*03	IGHJ5*02	IGHG3	TGTGCGAGACTGGACCGCAAAGCGACACGCGATCGGGGCAACTGTTTCGACACCTGG	68880
3869	IGHV5-51*03	IGHJ4*02	IGHG3	TGTGCGAGACAGCTTAATCGATTTGGAAGTGGTTTTTATCCTCCCGGGGACTCGCCGTTTGACTACTGG	68535
3892	IGHV5-51*03	IGHJ6*02	IGHA1	TGCGCGAGAGAGAAGATATTTTGTACTAGTAGCAATTGCTATGGCAACTACTATGGTATGGACGTCTGG	69546
3899	IGHV3-74*01	IGHJ6*02	IGHG1	TGTGCAAGAGTTCACTATGATTCGGGGACGAACGTCTGG	45766
3964	IGHV3-15*01	IGHJ4*02	IGHA1	TGTTCCACTTTTTGGGATGGCTATAATGTGATTGACTACTGG	20015
4010	IGHV3-7*01	IGHJ4*02	IGHA1	TGTGCGGCCTTGGATACAGCTCCGGGTCGTGTTGGCGGCTACTGG	40215
4039	IGHV3-72*01	IGHJ6*02	IGHA1	TGTGCTAGAAGTCCCGCTATGGACGTCTGG	42737
4100	IGHV3-13*01	IGHJ3*02	IGHG1	TGTGCAAGAAGAAATTGGAACCAAGGGGGTGGTTTTGATATCTGG	18813
4660	IGHV3-74*01	IGHJ4*02	IGHA1	TGTGTAAGAGATTTCGTGGGACCGAGGGACTACTGG	44090
4975	IGHV3-23*01	IGHJ3*01	IGHA1	TGTGCGAAGGGCCTCCTCGGCGACTACGTCACTTCGGGGTCTTTTGATGTTTGG	23963
5006	IGHV3-48*03	IGHJ4*02	IGHA1	TGTTCGAAAATTAAAGATGGGAGCTCGTCAATCGGGGACTCCTGG	34185
5092	IGHV3-74*01	IGHJ1*01	IGHG1	TGTACAAGAGACTATCATATATTATCAGCTGGTCTACAATATTGG	43444
5177	IGHV3-49*03	IGHJ5*02	IGHG1	TGTACTAAAGCCATAATAAATCGGAACGGCTGGTTCGACCCCTGG	36307
5229	IGHV3-7*01	IGHJ6*02	IGHA1	TGTGCGCGAGGTGTCCCCCCTGCGGACGTCTGG	41669
5308	IGHV3-9*01	IGHJ3*01	IGHG1	TGTGCAAAAGATGTCTTAGTGGCAGCTACTCGGCCCGGCGCTTTGGATCTCTGG	46453
5444	IGHV3-9*01	IGHJ6*02	IGHG1	TGCGCAAAAGTACTCGAAGTCGGCCCTGACTTCTTCTACAACGGTTTGGACGTCTGG	48538
5453	IGHV3-7*01	IGHJ5*02	IGHA1	TGTGCGAGAGAACCCACGCCCCTCACATCTTATTCTGCAGGAGGCGCTTATTATTCTTTCGACCTCTGG	41616
793	IGHV4-39*01	IGHJ6*02	IGHA1	TGTGCTCGCTACTACTTCTTCGCTATCGACGTCTGG	59309
804	IGHV4-39*01	IGHJ4*02	IGHG1	TGTGCGAGACATGTTAGCAGCAGCTGGATTTACTTTGACTACTGG	55437
916	IGHV4-39*08	IGHJ6*02	IGHG1	TGTGCGAGACGCCTCGATTTTTGGAGTGGTTATTATGAGGGGAGGGGGGAAAACTACGGTATGGACGTCTGG	59880
1079	IGHV1-18*04	IGHJ6*02	IGHG1	TGTGCGAGACCGCATCCTTCAATTACTGTGGTTCGGGGAGTTACCCGGCAATACTACTATTATGGTATGGACGTCTGG	3047
1126	IGHV1-18*04	IGHJ5*02	IGHG1	TGTGCGAGAGATTGGTATTGTCCTCCCGGTGATCCTGCTTGTTACAACTGTTTCGACCCCTGG	2357
1276	IGHV4-59*01	IGHJ6*02	IGHA1	TGTGCGAGGGATCTATGGTTCGGGGAGTCATTATCCGGTTTGGACGTCTGG	64409
1395	IGHV1-69*01	IGHJ3*01	IGHG1	TGTGCGAGAGAAATCACATTGGGGGGTGCCTATGATTTTTGG	10613
2460	IGHV4-34*01	IGHJ4*02	IGHA1	TGTGCGAGAGGATCTAGGCGCAGCATCGACACTTATCCTTTTGACTACTGG	51234
2699	IGHV1-69*01	IGHJ4*02	IGHG1	TGTGCGAGAGATCGCTACTATGGTTCGGGGAGTCCCTTTGACTTCTGG	11426
2760	IGHV1-69*01	IGHJ4*02	IGHA1	TGTGCGAGAGTCGGCCAGCCACTACTATTCGAGAAGGGCGGCTTTGACTATTGG	11836
2973	IGHV3-30*18	IGHJ4*02	IGHG1	TGTGTGAAACATGGTAGCCGGGGTCCAAACGACTTAGAGTACTGG	29711
2987	IGHV1-18*04	IGHJ4*02	IGHA1	TGTGCGAGAGACACCACCTATAGTGGCTGGGGATTTGACCACTGG	840
3287	IGHV3-15*01	IGHJ4*02	IGHA1	TGTGCCACAGTGGGGTGGCATATGAATTATTATGAGAGTAGTGTTTACGCTGACCACTGG	20721
3521	IGHV3-74*01	IGHJ4*02	IGHA1	TGTATAAAAGTCCCAGAGTACTGG	43823
3550	IGHV3-72*01	IGHJ4*02	IGHG1	TGTGTTAAAGATTCCGGACGTGGGGCCTACTTTGACTACTGG	42404
3721	IGHV3-30*18	IGHJ4*02	IGHA1	TGTGTGAAGGACAGCGGCACTGGCTGGTACTTCCCAGGTCCCTATTGG	29950
3814	IGHV3-23*01	IGHJ6*02	IGHA1	TGTGCGAAGACCCTTCCGGCTCTAAATACACGACAAAACTACTATCATGGCATGGACGTCTGG	28808
3920	IGHV3-21*01	IGHJ5*01	IGHG1	TGTGCGAGAGCGGGTTGTAGTGGTGCCGGCTGCTTTCTAAGGCAAAATTGGTTCGACTCCTGG	22884
3931	IGHV3-7*01	IGHJ4*02	IGHG1	TGTGCGAGAAGTCGGTGGTTGAGTGAGAGCTATCCCTCGGAACTTGACTTCTGG	40871
3956	IGHV3-30*18	IGHJ4*02	IGHA1	TGTGCGAAGGATTTAAGAGATGGCTACAATTATATTGAAGACTGG	29681
4042	IGHV3-7*01	IGHJ4*02	IGHA1	TGTGCGAGAGGTAGTGGGAGCTATTACAGGCACTGG	39493
4059	IGHV3-15*01	IGHJ4*02	IGHA1	TGTACTACAGGGTCACTATGGGGGGTGACTACGCATGCTGAAGACCACTGG	20482
4079	IGHV3-48*01	IGHJ4*02	IGHM	TGTGCGACTCACCGTATAGCAGCAGCCGAAAGCTACTGG	33888
4102	IGHV3-13*01	IGHJ3*02	IGHG1	TGTGCAAGAAGAAATTGGAACCAAGGGGGTGGTTTTGATATCTGG	18813
4195	IGHV3-21*01	IGHJ5*02	IGHA1	TGTGCGAGAGAGGATTGTGATATTACCAGCTGCTCGAAAAAGAACTGGTTCGACACCTGG	22867
4264	IGHV3-21*01	IGHJ5*01	IGHG1	TGTGCGAGAGCGGGTTGTAGTGGTGCCGGCTGCTTTCTAAGGCAAAATTGGTTCGACTCCTGG	22884
4689	IGHV3-74*03	IGHJ5*02	IGHG1	TGCACAAGAGATCTCCCTTACTCCGATCGTCGCAGTTCGATGGGTAGAAACTACTTCGACCCCTGG	45688
4712	IGHV3-74*03	IGHJ5*02	IGHG1	TGCACAAGAGATCTCCCTTACTCCGATCGTCGCAGTTCGATGGGTAGAAACTACTTCGACCCCTGG	45688
4731	IGHV3-74*01	IGHJ3*02	IGHA1	TGTGCAACCTTGGCGGATACCTCCCGCGGAGCTTTTGATATCTGG	43614
4752	IGHV3-74*01	IGHJ4*02	IGHA1	TGTGCAAGGGCGTCCGGAGATAAATATGACAATAGGAGGCCCTTCGACTACTGG	45252
5063	IGHV3-53*01	IGHJ3*02	IGHA1	TGTACGAGAGATGACGGGAGATCCTTGATTCATATCTGG	36606
5084	IGHV3-74*01	IGHJ4*02	IGHA1	TGTGCAAGAGGCTGGTTAGTGGGAGCTGACTCCTTTGGCTGG	44587
5160	IGHV3-21*02	IGHJ4*02	IGHA1	TGTGTGAAAGAGTCTTCGGGTGACTCCCTTGATTATTGG	21754
5483	IGHV4-61*08	IGHJ3*01	IGHA1	TGTGCGAGGGACGACCAGTGGGGAGATCCCTTTGATCTTTGG	64817
700	IGHV4-39*01	IGHJ4*02	IGHA1	TGTGCGAGGCCCTCCCGTACAGGGAACTACTACTACTGG	54434
701	IGHV1-46*01	IGHJ3*02	IGHA1	TGTGCGAGATCTTCAGGGGGTCCTTTTGATATGTGG	8513
754	IGHV4-39*01	IGHJ4*02	IGHA1	TGTGCGACTTCAACGTGGGTACAACAATGGAAATCAGCCCCTCACAGGTTTGACGTCTGG	57244
1163	IGHV4-4*07	IGHJ4*02	IGHG1	TGTGCGAGATCTGATAGTGGGAGCTTCCAGTTCCACTTTGACAACTGG	60707
1310	IGHV1-2*02	IGHJ4*02	IGHA1	TGTGCGAGAGAGGGGGGCTACAATTCTGGGGAGGCAATTGACTACTGG	5051
1329	IGHV3-30*18	IGHJ6*03	IGHA1	TGTGCGAAGACCCGGGACGATTTTTGGAGTGGTTACGACTTCGACATGGACGTCTGG	31270
1378	IGHV4-34*01	IGHJ5*02	IGHM	TGTGCGAGTGGCCAGGCACACGCGTGGGAGTTACAACAGTCCTGG	51974
1436	IGHV1-46*01	IGHJ6*02	IGHA1	TGTGCGAGAGCGGTAGTCTCTGGAACTGGCGACTACTACGGTCTGGACGTCTGG	10053
1464	IGHV1-46*01	IGHJ6*02	IGHG3	TGTGCGAGAGAATTTGTGGCAGCATCTGATAGGAGGGACGTCGACTTAGACTTCTTCGCTTTGGACGTCTGG	10194
1524	IGHV1-8*01	IGHJ4*02	IGHA1	TGTTCGAGAGCGGGTCTCTGGGCTGCCTTGGGGGACTTCTGG	14378
1912	IGHV4-61*01	IGHJ4*02	IGHA1	TGTGCGACAGGTTCAGACGCCTACAAGGTCGGCTACTGG	64961
1992	IGHV4-4*07	IGHJ5*02	IGHG1	TGTGCGAGAAACTTGGGTTCGGGGAGCCGGTTCGACCCCTGG	61103
2100	IGHV1-69*01	IGHJ6*02	IGHG1	TGTGCGAGAGGTATCCAGGGACAATGGTCCGGGGAGTTGTTGCGCCAGTTTCGTTACGGTATGGACGTCTGG	13757
2211	IGHV1-2*02	IGHJ4*02	IGHA1	TGTGCGAGAACAAGCTACGGTGACAAAGTGGGTGCTGATGACTGCTGG	4996
2288	IGHV3-11*01	IGHJ4*02	IGHA1	TGTTCGAGAGATCCAGGGCGCCTGCCCTACTGG	17535
2919	IGHV1-46*02	IGHJ6*02	IGHA1	TGTGCGAAAGATTGGGGGGCGATAGGATCGGTTATTACCGAACCGGGGATATTCGGTATGGACGTCTGG	10165
3319	IGHV3-15*01	IGHJ4*02	IGHA1	TGTACCACACTTGTAGTGGTTCCAGCTGCTCTAGCTTGGCAATTTGAGTCGAATGACTTCTGG	20734
3325	IGHV3-7*01	IGHJ4*02	IGHG1	TGTGCGCAGGACACCTATCGTCAAGATGACCACTGG	39536
3465	IGHV3-7*01	IGHJ5*02	IGHA1	TGCGCGAGAGATTTAGCTAAACAACGGGTGGCCAATGGGGAAGCCGACCACTGG	41546
3494	IGHV3-48*02	IGHJ4*01	IGHA1	TGCGCGAAAATTAGGGATGGCAGCTCGTCAATCGGGCACTACTGG	34186
3807	IGHV3-23*01	IGHJ6*02	IGHA1	TGTGCGAAGACCCTTCCGGCTCTAAATACACGACAAAACTACTATCATGGCATGGACGTCTGG	28808
3998	IGHV3-72*01	IGHJ4*02	IGHG1	TGTGGCAGATGGAAGAGTGGGAGCCCCGACTACTGG	42280
4384	IGHV3-74*01	IGHJ3*02	IGHA1	TGTGCAACCTTGGCGGATACCTCCCGCGGAGCTTTTGATATCTGG	43614
4390	IGHV3-15*01	IGHJ4*02	IGHM	TGTACCACCTTCTGTTATGGCCGGGGCGACTACTGG	19616
4642	IGHV3-74*01	IGHJ4*02	IGHA1	TGTGCAAGAGATGTCGGTGGGAGGTCCGGCTACTGG	44097
4711	IGHV3-74*03	IGHJ5*02	IGHG1	TGCACAAGAGATCTCCCTTACTCCGATCGTCGCAGTTCGATGGGTAGAAACTACTTCGACCCCTGG	45688
4777	IGHV3-7*01	IGHJ4*02	IGHG1	TGTGCGAGAGATGGGACGACAGTGGCCCCATATTCCTTTGACTACTGG	40568
4801	IGHV3-23*01	IGHJ6*02	IGHA1	TGTACGAAAGAGCATGGGCAGCAGCTGGACTACTACCCCCACTACGGTATGGACGTCTGG	28697
4929	IGHV3-53*01	IGHJ3*01	IGHG3	TGTGCGAGAGGCCCTGGGCACAATGTGTGGAGTGGTTACTATGCTTTTGATGTCTGG	36786
4945	IGHV3-74*01	IGHJ4*02	IGHA1	TGTGTAAGAGACTGTTGTGGGACGTTCGGTGACGACTGG	44453
5035	IGHV3-15*05	IGHJ4*02	IGHA1	TGTGTAGCGAACAACGCT	19335
5139	IGHV3-48*01	IGHJ3*02	IGHG1	TGTGCGAGAGATCACAACTGGGCTTTTGATATCTGG	33445
5168	IGHV3-21*02	IGHJ4*02	IGHA1	TGTGTGAGAGAAGATAGTCACAACTCCAAACACTACTACTTTGACCTCTGG	22383
5289	IGHV3-73*02	IGHJ4*02	IGHM	TGTAAGACTTGGCTAGAACCTTTTGACTACTGG	42988
5400	IGHV3-7*01	IGHJ4*02	IGHA1	TGTGTGAGTGGCTTTCCCCCTACCAGTGGCTATTACGACTACTGG	40211
5478	IGHV3-74*01	IGHJ3*02	IGHA1	TGTGCAACCTTGGCGGATACCTCCCGCGGAGCTTTTGATATTTGG	43614
643	IGHV5-51*01	IGHJ4*02	IGHA1	TGTGCGAGACATGTCATTGGGGGTTTTGGAGCCGCAGTTGGCTGGTCTGAGTGG	68114
797	IGHV4-39*01	IGHJ5*02	IGHA1	TGTGCGAGACGCTTGGGCTCGTGGGACATCAACTGGTTCGACCCCTGG	58295
1014	IGHV4-39*01	IGHJ5*02	IGHG1	TGTGCGACATCGGAACGCTTTTTGGGGGACTTACCCCAAATCAACTGGTTCGACCCCTGG	58862
1131	IGHV1-18*04	IGHJ5*02	IGHG1	TGTGCGAGAGATTGGTATTGTCCTCCCGGTGATCCTCCTTGTTACAACTGTTTCGACCCCTGG	2357
1296	IGHV1-69*06	IGHJ4*02	IGHA1	TGCGCGACAAACCATAAATATAGCAGCCCTTGGGGGCCCTTTGACTTCTGG	11555
1461	IGHV1-46*01	IGHJ6*02	IGHG3	TGTGCGAGAGAATTTGTGGCAGCATCTGATAGGAGGGACGTCGACTTAGACTTCTTCGCTTTGGACGTCTGG	10194
1505	IGHV1-8*01	IGHJ4*02	IGHA1	TGTTCGAGAGCGGGTCTCTGGGCTGCCTTGGGGGACTTCTGG	14378
1548	IGHV1-2*02	IGHJ3*02	IGHA1	TGTACGAGGAGGCGCCTTGATAGTAATGATGGTTTTGATATCTGG	3375
1763	IGHV4-61*01	IGHJ4*02	IGHA1	TGTGCGACTGGACCCAGTGGTTATAGAGTTTACTACTGG	64967
1921	IGHV4-59*01	IGHJ5*02	IGHG1	TGTGCGAGGCTCCCTGCCAGCGTTCCCAGCTTCTATGGATGTGACTGGTTCGACCCCTGG	64160
2012	IGHV4-4*07	IGHJ5*02	IGHG3	TGTGCGAGAGAAAGTCATTACGATTTTTGGAGTGGTTGGATGAATTGGTTCGACCCCTGG	61313
2019	IGHV4-4*07	IGHJ5*02	IGHG3	TGTGCGAGAGAAAGTCATTACGATTTTTGGAGTGGTTGTATGAATTGGTTCGACCCCTGG	61313
2034	IGHV1-46*01	IGHJ4*02	IGHA1	TGTGCGAGAGGAGGGCGGCCAAGTGACGGTATCTACAGAGCGCCATGGGAGTTCTGG	9539
2089	IGHV1-69*01	IGHJ4*02	IGHA1	TGTGCGAGAGACGTGCAGCAATTGGTTTATTCAGGCGTGGGCATCTGG	11411
2180	IGHV1-8*01	IGHJ4*02	IGHA1	TGTCTTAAGCGTCATTATGATATGTCGCGTGCTTATTCCTCCTTTGACTTCTGG	14586
2406	IGHV4-61*01	IGHJ4*02	IGHA1	TGTTCGAGAGGATGGGATAGTGGGAGCTTCGAACTGGACTCCTGG	65158
2421	IGHV4-34*01	IGHJ6*02	IGHA1	TGTGCTAGAGGCCTTCGGTCTGTGGAGTGGACCGGGGACGGGGCTTTTGCTTTCTATTACGGAATGGACGTCTGG	52971
2436	IGHV4-34*01	IGHJ6*02	IGHA1	TGTGCTAGAGGCCTTCGGTCTGTGGAGTGGACCGGGGACGGGGCTTTTGCTTTCTATTACGGAATGGACGTCTGG	52971
2774	IGHV6-1*01	IGHJ5*02	IGHA1	TGTGCCAGAGATCGGGCTCTTACTCCCGGAATGGCAATTGCTACAGACAACTGGTTCGACCCCTGG	70741
2884	IGHV3-30*18	IGHJ4*02	IGHA1	TGTGCGAAAGATTGGCAGCCTTATAACTGGAACTACCATGGGGTCTTTGACTCTTGG	30491
3127	IGHV4-4*07	IGHJ6*02	IGHA1	TGTGCGAGAGATTGGGGCCTCCACGGCATGGACGTCTGG	61414
3475	IGHV3-23*01	IGHJ5*02	IGHG1	TGTGCGCAGGAGGATCTCTATCATGGTAGTGGTTACTCGTGGTTCGACCCCTGG	28212
3544	IGHV3-7*01	IGHJ4*02	IGHA1	TGTGCGAGAGGGAGATATTTTGGGGACTACTGGTATTATTTTGACTACTGG	40780
3620	IGHV3-7*01	IGHJ4*02	IGHG1	TGTGCGCAGGACACCTATCGTCAAGATGACCACTGG	39536
3788	IGHV3-23*01	IGHJ6*02	IGHA1	TGTGTGAAGGATGGGCCCTGGTACGGCCATTTCCACTACTACTATGCTATGGACGTCTGG	28767
3799	IGHV3-23*01	IGHJ4*01	IGHA1	TGTGCGAAGAAGGGAGCCAGTACCTCCGAGTTCTACTTTGACTATTGG	25557
3834	IGHV3-23*01	IGHJ3*01	IGHG1	TGTGCGAGAGATGGCTGGGTGGCAGTGGCTGGTACGAATGATGGATTTGATTTCTGG	24075
3987	IGHV3-7*01	IGHJ4*02	IGHA1	TGTGCGGCCTTGGATACAGCTCCGGGTCGTGTTGGCGGCTACTGG	40215
4103	IGHV3-48*01	IGHJ4*02	IGHA1	TGTGCGAGGACAAAATATTACTATGACAGTAATGACTCCTGG	34149
4154	IGHV3-13*01	IGHJ3*02	IGHG1	TGTGCAAGAAGAAATTGGAACCAAGGGGGTGGTTTTGATATCTGG	18813
4228	IGHV3-21*01	IGHJ4*02	IGHA1	TGTGCGAGAGGGGGTGTTACTACTAGGTGCTATGACTACTGG	21916
4341	IGHV3-53*01	IGHJ4*02	IGHA1	TGTGCGAGCCCCCATGGTAGTAGTGGTTATTACTACCTTGACTACTGG	37593
4546	IGHV3-74*01	IGHJ3*02	IGHA1	TGTGCAACCTTGGCGGACACCTCCCGCGGAGCTTTTGATATCTGG	43614
4709	IGHV3-74*03	IGHJ5*02	IGHG1	TGCACAAGAGATCTCCCTTACTCCGATCGTCGCAGTTCGATGGGTAGAAACTACTTCGACCCCTGG	45688
4716	IGHV3-7*01	IGHJ6*02	IGHG1	TGTGCGAGAGATTTGTGGCCCATGGACGTCTGG	41667
4760	IGHV3-74*01	IGHJ4*02	IGHA1	TGTGCAAGGTCGTCCGGAGATAAATATGACAATAGGAGGCCCTTCGACTACTGG	45252
4937	IGHV3-74*01	IGHJ4*02	IGHA1	TGTGTAAGAGACTGTTGTGGGACGTTCGGTGAAGACTGG	44453
5055	IGHV3-48*02	IGHJ4*02	IGHG1	TGTGCGAGAGAAGACCGTTATTATGGTTCGGTTGCCCTTGACTACTGG	34389
5287	IGHV3-73*02	IGHJ4*02	IGHM	TGTAAGACTTTGCTAGAACCTTTTGACTACTGG	42988
5330	IGHV3-9*01	IGHJ4*02	IGHA1	TGTGTGAGAGCCAACGGGGGCGTCCCTCTCGACTGG	46672
5332	IGHV3-9*01	IGHJ4*02	IGHA1	TGTGTGAGAGCCAACGGGGGCGTCCCTCTCGACTGG	46672
5333	IGHV3-21*02	IGHJ6*02	IGHG1	TGCGCGCGACAGGGCTACATTAAGATAGGCGCGGGCCTGGACGACTCTTCCTTCTTCTACTCCGGTTTGGACGCCTGG	23393
711	IGHV3-7*01	IGHJ4*02	IGHA1	TGTGCGAGAGACAGTCTACGGAGGTTTGACTTCTGG	39412
715	IGHV3-7*01	IGHJ4*02	IGHM	TGTGTGAGAGATCACGACACTAATGGCTGGTATATTGATGACTGG	40468
734	IGHV4-34*01	IGHJ6*02	IGHA1	TGTGCGAGAAGCCCCCGACATTGTCTTGGTGGTTCCTGCTATTTCGATAGTTCCGACGTTTGG	52667
1015	IGHV4-39*01	IGHJ5*02	IGHG1	TGTGCGACATCGGAACGCTTTTTGGGGGACTTACCCCAAATCAACTGGTTCGACCCCTGG	58862
1230	IGHV1-2*02	IGHJ3*01	IGHG1	TGTGCGAGAGATCAGAGGGGAATTCTTATGGTTCGGGGACCTCTCTCCAATGCTTTTGATTTCTGG	3710
1327	IGHV3-30*18	IGHJ6*03	IGHA1	TGTGCGAAGACCCGGGACGATTTTTGGAGTGGTTACGACTTCGACATGGACGTCTGG	31270
1512	IGHV1-8*01	IGHJ5*02	IGHA1	TGTTCGAGAGCGGGTCTCTGGGCTGCCTTGGGGGACCTCTGG	14811
1685	IGHV4-61*01	IGHJ6*02	IGHA1	TGTGCGAGAGTACAAGGGCAGTCATACTTCTACTACTACGGTATGGACGTCTGG	65809
1698	IGHV4-59*01	IGHJ5*02	IGHG1	TGTGTGAGGGGCCCGTATTGTAGTAGTAGGAAATGTCGCGAACCTAACTGGTTCGACCCCTGG	64190
1706	IGHV4-30-4*09	IGHJ5*02	IGHG1	TGCACGAGAGAGGAGCGAGGATATTACCATGATAACAGTGGTTCTTGGGTCAACTGGTTCGACCCCTGG	49841
1792	IGHV4-61*03	IGHJ5*01	IGHG3	TGCGCGAGAAGGCGGGGTGACTACGGTGACTACGGTTTCGACTTCTGG	65599
2138	IGHV1-2*02	IGHJ6*02	IGHG1	TGTGCGAGAGATTACGAATGGTGGGTGGTTTTGCCCTACTACTTCTACGGTTTGGACGTCTGG	7591
2272	IGHV1-8*01	IGHJ1*01	IGHA1	TGTGCGAGACAGAATAACTACGGGGAATTCCAGCACTGG	14002
2414	IGHV1-69*01	IGHJ4*02	IGHG3	TGTGCGCGATCTCCTAACTACACCTGGTCCAATTTTGACTCCTGG	11346
2880	IGHV6-1*01	IGHJ4*02	IGHG1	TGTGCAAGAAGCTTCCATTACTATGACAGTAGTGGTTATTACTACTTTGACTACTGG	70508
3140	IGHV1-2*02	IGHJ5*02	IGHA1	TGTGCGAGAGGGGACTCGGTCGGGTGGAGGTGGTTGGTCTACCCCTGG	6562
3209	IGHV1-58*01	IGHJ5*02	IGHA1	TGTGCGGCAGATCGGCTGGGGTCCTATGTTGATGGTGTTTTTCACTACATAGGGAAACTCGACCCCTGG	10386
3266	IGHV3-21*01	IGHJ4*02	IGHA1	TGTGCGAGGAGGGGCCCTCTAGATGGCCCTGTTGACTACTGG	21935
3374	IGHV1-18*04	IGHJ4*02	IGHA1	TGTGCGAGAGCGGACTCTAGACCTTATCACTATGACACTCGTGGAAATCCCGTTGACCAGTGG	1871
3395	IGHV3-23*01	IGHJ4*02	IGHA1	TGTACGAAAGATAGTCCGGCCCCCTTTGATTTCTGG	24380
4153	IGHV3-48*01	IGHJ4*02	IGHG3	TGTGTCAGAGATGAATATTACTTTGATACTAGTGGTTCTTACCGAACTTTTGACTACTGG	34928
4386	IGHV3-74*01	IGHJ4*02	IGHA1	TGTGTAAGAGATTTCGTGGGACCGAGGGACTACTGG	44090
4478	IGHV3-74*01	IGHJ4*02	IGHA1	TGTGCAAGTAGTAGAGGCGTG	43813
4581	IGHV3-74*01	IGHJ4*02	IGHA1	TGTGCAAGTAGTAGAGGCGTG	43813
4628	IGHV3-74*01	IGHJ4*02	IGHG1	TGTGCAAGAGATCTCATTGTGGATAACTACGTTAGTGGTGGAGACGACTTTGACTACTGG	45331
4701	IGHV3-74*03	IGHJ5*02	IGHG1	TGCACAAGAGATCTCCCTTACTCCGATCGTCGCAGTTCGATGGGTAGAAACTACTTCGACCCCTGG	45688
4778	IGHV3-7*01	IGHJ4*02	IGHG1	TGTGCGAGAGATGGGACGACAGTGGCCCCATATTCCTTTGACTACTGG	40568
5043	IGHV3-21*02	IGHJ5*01	IGHA1	TGTGCGAGGCCACCTCCGAGACCTGGAACCGTAAACTGGGTCGACTCCTGG	22824
5156	IGHV3-21*02	IGHJ4*02	IGHA1	TGTGTGAAAGAGTCTTCGGGTGACTCCCTTGATTATTGG	21754
5449	IGHV3-7*01	IGHJ5*02	IGHA1	TGTGCGAGAGAACCCACGCCCCTCACATCTTATTCTGCAGGAGGCGCTTATTATTCTTTCGACCTCTGG	41616
636	IGHV4-59*02	IGHJ3*02	IGHA1	TGTGCAAAGTCGAAGGATCCGATCCTCGCAGCCTCTGCTTTTGATATCTGG	62059
845	IGHV4-39*01	IGHJ6*02	IGHA1	TGTGCTCGCTACTACTTCTTCGCTATCGACGTCTGG	59309
1013	IGHV4-39*01	IGHJ5*02	IGHG1	TGTGCGACATCGGAACGCTTTTTGGGGGACTTACCCCAAATCAACTGGTTCGACCCCTGG	58862
1446	IGHV1-2*02	IGHJ4*02	IGHG1	TGTGCGAGAGGGAACTATTACTTTGATAATACTGGTTTACATCCCCTCTTTGACTACTGG	6078
1510	IGHV1-8*01	IGHJ4*02	IGHA1	TGTTCGAGAGCGGGTCTCTGGGCTGCCTTGGGGGATCTCTGG	14378
1538	IGHV1-8*01	IGHJ5*02	IGHA1	TGTTCGAGAGCGGGTCTCTGGGCTGCCTTGGGGGACCTCTGG	14811
1573	IGHV4-34*02	IGHJ2*01	IGHA1	TGTGCGAGGGACTCTGGCGTGGTGCGCGGTCCTGTTCTAATCACTGGTGGGGATCCACACTTCGATCAGTGG	50253
1585	IGHV4-31*13	IGHJ5*02	IGHA1	TGTGCCAGAGCACTGGGATATAGAAACGGGGGATTCGACACCTGG	50073
1673	IGHV4-59*01	IGHJ4*02	IGHG1	TGTGCGAGAGCTAGTGGGACCTTCCGGTCTTTCTACTTTGACTACTGG	63103
1762	IGHV4-61*01	IGHJ4*02	IGHA1	TGTGCGACTGGACCCAGTGGTTATAGAGTTGACTACTGG	64967
1882	IGHV4-59*01	IGHJ6*02	IGHA1	TGTGCGAGAGGCCCTATTACGGAGGTAACTGATTACGGTATGGACGTCTGG	64395
1941	IGHV4-30-4*09	IGHJ4*02	IGHA1	TGTACGAGAGACTCCATTTTAGTGGGAGCTAGACCCGTTTGG	49223
2050	IGHV1-69*01	IGHJ4*02	IGHG1	TGTGCGAAAGGTCGGAGCGACAGTTGGGGCCGCCTGAATGACTGG	11225
2178	IGHV1-8*01	IGHJ4*02	IGHA1	TGTCTTAAGCGTCATTATGATATGTCGCGTGCTTATTCCTCATTTGACTTCTGG	14586
2580	IGHV1-2*02	IGHJ4*02	IGHM	TGTGCGAGAGGGCTCTCTAGTTATAGGGACTACCGGCCGGGCTACTGG	4970
2704	IGHV1-69*01	IGHJ4*02	IGHG1	TGTGCGAGAGATCGCTACTATGGTTCGGGGAGTCCCTTTGACTTCTGG	11426
3024	IGHV2-5*01	IGHJ4*02	IGHG1	TGTGCACACAGCGAGCGCCGATACACCTATGGTGCCTTTGACTACTGG	16058
3077	IGHV4-61*08	IGHJ3*01	IGHA1	TGTGCGAGGGACGACCAGTGGGGAGATCCCTTTGATCTTTGG	64817
3705	IGHV3-53*01	IGHJ5*02	IGHG1	TGTGCGAGAGATCCTCCGGGTATAGCATTAGGTGGCACGGGGGCCTGG	37962
3797	IGHV3-23*01	IGHJ4*02	IGHA1	TGTGCGAAGAAGGGAGCCAGTACCTCCGAGTTCTACTTTGACTATTGG	25557
4320	IGHV5-51*03	IGHJ3*02	IGHA1	TGTGTGAGAAACGGTTGTAGTGGTGGTGCCTGCTTCGATATCTGG	66308
4380	IGHV3-73*02	IGHJ4*02	IGHA1	TGTTCTCCCCTTGGAAGTTTTTTTGTTCGGGGCGTTTATTCTTGG	43146
4423	IGHV3-73*02	IGHJ4*02	IGHA1	TGTACTAGACATTTGTATGGTGGCCCCCCCAATGACTACTGG	43065
4626	IGHV3-74*01	IGHJ4*02	IGHG1	TGTGCAAGAGATCTCATTGTGGATAACTACGTTAGTGGTGGAGACGACTTTGACTACTGG	45331
4654	IGHV3-74*01	IGHJ4*02	IGHA1	TGTGCAAGAGATGTCGGTGGGAGGTCCGGCTACTGG	44097
4833	IGHV3-21*01	IGHJ5*02	IGHG1	TGTGCGAGATCGGGTATAGCAGCAGCTGGTGTTTTCTGGCTCGACCTCTGG	22821
5040	IGHV3-21*02	IGHJ5*02	IGHA1	TGTGCGAGCGAGTTTAGCAGTGGCTGGTTCACCCAGGGCTTGGCTCACCGCTGG	22846
5377	IGHV3-9*01	IGHJ6*02	IGHA1	TGTACAAAAGATATCCATCCGGGAGGTGTGGACGTCTGG	48216
5433	IGHV3-9*01	IGHJ6*02	IGHA1	TGTGTAAAAGACGGGGAACGGATGACGGCCTTTGGACTGGTCATCGGCCCCAATTCACACCACGGAATGGACGTCTGG	48867
5448	IGHV3-7*01	IGHJ5*02	IGHA1	TGTGCGAGAGAACCCACGCCCCTCACATCTTATTCTGCAGGAGGCGCTTATTATTCTTTCGACCTCTGG	41616
840	IGHV4-39*01	IGHJ6*02	IGHA1	TGTGCTCGCTACTACTTCTTCGCTATCGACGTCTGG	59309
1297	IGHV1-69*06	IGHJ4*02	IGHA1	TGCGCGACAAACCATAAATATAGCAGCCCTTGGGGGCCCTTTGACTTCTGG	11555
1705	IGHV4-59*01	IGHJ6*02	IGHA1	TGTGCGCGAGCCCTCCAGTACTACTACGGAATGGACGTCTGG	64302
2000	IGHV4-59*11	IGHJ5*02	IGHA1	TGTGCGGGCTATCTGGGGGAATTAAGACTGGGGTTCGACCCCTGG	63917
2237	IGHV1-2*02	IGHJ4*02	IGHA1	TGTGCGAGAGGGAATTACGATATTTTGACCCTTGACTACTGG	4438
2412	IGHV1-69*01	IGHJ4*02	IGHG3	TGTGCGCGATCTCCTAACTACACCTGGTCCAAGTTTGACTCCTGG	11346
2646	IGHV1-2*02	IGHJ5*02	IGHA1	TGTGCCAACAACCGCAATCCTGGCAGTGATTACTTCCTGTCGTCCTGG	6529
2810	IGHV6-1*01	IGHJ4*01	IGHA1	TGTGCTAGAGGAGGGTGTGTATTGGGGAGTAACAGATGCGCTCCCTTTGACTCCTGG	70525
2879	IGHV6-1*01	IGHJ4*02	IGHG1	TGTGCAAGAAGCCTCCATTACTATGACAGTAGTGGTTATTACTACTTTGACTACTGG	70508
3227	IGHV3-21*01	IGHJ4*02	IGHA1	TGTGCGAGAGATAGTCGGGGCTACAATCCATATGTTTACTTTGACTACTGG	22290
3356	IGHV3-7*01	IGHJ6*02	IGHA1	TGTTCGAAATTGGGCAGGGGTAGTGGCCGTATGGACGTCTGG	41729
3760	IGHV3-23*01	IGHJ4*02	IGHM	TGTGCGAAACAGGCGGTGTCGGATGGCAGTGGCTGGTACTGGGGCCACTGG	26244
4278	IGHV3-48*01	IGHJ4*02	IGHG3	TGTGTCAGAGATGAATATTACTTTGATACTAGTGGTTCTTACCGAACTTTTGACTACTGG	34928
4706	IGHV3-74*03	IGHJ5*02	IGHG1	TGCACAAGAGATCTCCCTTACTCCGATCGTCGCAGTTCGATGGGTAGAAACTACTTCGACCCCTGG	45688
4919	IGHV3-74*01	IGHJ4*02	IGHG1	TGTGTAAGAGATCTGACAGGGGCAAATGACTACTGG	44250
4923	IGHV3-53*01	IGHJ3*01	IGHG3	TGTGCGAGAGGCCCTGGGCACAATGTGTGGAGTGGTTACTATGCTTTTGATGTCTGG	36786
4925	IGHV3-53*01	IGHJ3*01	IGHG3	TGTGCGAGAGGCCCTGGGCACAATGTGTGGAGTGGTTACTATGCTTTTGATGTCTGG	36786
5174	IGHV3-49*03	IGHJ5*02	IGHG1	TGTACTAAAGCCATAATAAATCGGCACGGCTGGTTCGACCCCTGG	36307
5355	IGHV3-9*01	IGHJ3*02	IGHA1	TGTGTAAAACCTATGGAGAAGAATGATGTTTTGACGGAGGAGTTTTTTGATATCTGT	46528
628	IGHV1-69*01	IGHJ6*02	IGHM	TGTGCGAGAGACCCTATAGCAGCTCGTCAGGACTACTACTACGGTATGGACGTCTGG	13141
637	IGHV1-8*01	IGHJ4*02	IGHA1	TGTTCGAGAGCGGGTCTCTGGGCTGCCTTGGGGGACTTCTGG	14378
642	IGHV1-2*02	IGHJ4*02	IGHA1	TGTGCGAGAACACTGACAATCCGTGACAGTACTGGGCAGGTGGACTACTGG	5279
910	IGHV4-34*01	IGHJ4*02	IGHA1	TGTGCGAGGTTTAGTGGGAGCTACCGAGCGTTTGACTGGTGG	50860
921	IGHV4-39*01	IGHJ4*02	IGHA1	TGTGCGAGGCTATGGAGTGGGAGCCCCCCCCCCGACTATTGG	54820
1055	IGHV1-18*04	IGHJ1*01	IGHA1	TGTGCGCGAGACGCCATCAGTATGATACTAGCGCTTAACCCCGCTGAATACTTCCAACACTGG	46
1159	IGHV1-46*01	IGHJ3*02	IGHA1	TGTGCGTGCGGTGACTATGAAGCTCCCGATGTTTTTGCTATGTGG	8532
1201	IGHV4-59*02	IGHJ3*02	IGHA1	TGTGCAAAGTCGAAGGATCCGATCCTCGCAGCCTCTGCTTTTGATATCTGG	62059
1213	IGHV4-59*02	IGHJ3*02	IGHA1	TGTGCAAAGTCGAAGGATCCGATCCTCGCAGCCTCTGCTTTTGATATCTGG	62059
1341	IGHV3-30*03	IGHJ4*02	IGHA1	TGTGCGAGAGGGGCACAGGCAGTGGCTGGAGATCTCCGACACTACTCTGATAGTACTCCTTATTCCGGCCTCCTTGACTACTGG	30816
1462	IGHV1-46*01	IGHJ6*02	IGHG3	TGTGCGAGAGAATTTGTGGCAGCATCTGATAGGAGGGACGTTGACTTAGACTTCTTCGCTTTGGACGTCTGG	10194
1699	IGHV4-59*01	IGHJ5*02	IGHG1	TGTGTGAGGGGCCCGTATTGTAGTAGTAGGAAATGTCGCGAACCTAACTGGTTCGACCCCTGG	64190
1700	IGHV4-59*01	IGHJ5*02	IGHG1	TGTGTGAGGGGCCCGTATTGTAGTAGTAGGAAATGTCGCGAACCTAACTGGTTCGACCCCTGG	64190
1715	IGHV4-4*07	IGHJ5*02	IGHG1	TGTGCGAGAGATGGGAGTGGGCACCGCGACCATACAGTTAACTGGTTCGACCCCTGG	61295
1744	IGHV4-61*01	IGHJ4*02	IGHM	TGTGCGACAGGTTCAGACGCCTACAAGGTGGGCTACTGG	64961
1795	IGHV4-61*03	IGHJ5*01	IGHG4	TGCGCGAGAAGGCGGGGTGACTACGGTGACTACGGTTTCGACTTCTGG	65599
1796	IGHV4-61*03	IGHJ5*01	IGHG3	TGCGCGAGAAGGCGGGGTGACTACGGTGACTACGGTTTCGACTTCTGG	65599
2013	IGHV4-4*07	IGHJ5*02	IGHG3	TGTGCGAGAGAAAGTCATTACGATTTTTGGAGTGGTTGGATGAATTGGTTCGACCCCTGG	61313
2029	IGHV1-69*01	IGHJ6*02	IGHA1	TGTGCGAGCACGGAGGCTTTCGGGTTCTTCGCTATGGACGTCTGG	12910
2065	IGHV1-2*02	IGHJ4*02	IGHA1	TGTGCGAGAGGGGGACCCCTCTGGGCCGGAGAACTCTACTACTTTGACTACTGG	5751
2218	IGHV1-46*01	IGHJ4*02	IGHG1	TGTGCGCGAGATCTCTCTGACCTGGTTGGGCCTACTGTCAGAATTGCCCGTTTCTGCTTTGACCACTGG	9680
2299	IGHV3-11*01	IGHJ4*02	IGHG1	TGTGCGAGCGCATGGACGTATTACTTTGATCATAGTGGTCGTTACTACCCCCCAAATGACTACTGG	18263
2439	IGHV4-34*01	IGHJ4*02	IGHA1	TGTGCGAGAGGATCTAGGCGCAGCATCGACACTTATCCTTTTGACTACTGG	51234
2972	IGHV3-30*18	IGHJ4*02	IGHG1	TGTGTGAAACATGGCAGCCGGGGTCCAAACGACTTAGAGTACTGG	29711
3223	IGHV3-7*01	IGHJ4*02	IGHA1	TGTGCGGCCTTGGATACAGCTCCGGGTCGTGTTGGCGGCTACTGG	40215
3343	IGHV3-53*01	IGHJ3*02	IGHA1	TGTGCGAGAGATCTGATCTCGCGTTATACACACATGTGGGCTTTTGATATCTGG	36751
3546	IGHV3-72*01	IGHJ4*02	IGHG1	TGTGTTAAAGATTCCGGACGTGGGGCCTTCTTTGACTACTGG	42403
3959	IGHV3-48*01	IGHJ4*02	IGHG1	TGTGCGAGAAGGTTTGACTACTGG	33651
4104	IGHV3-48*01	IGHJ4*02	IGHA1	TGTGCGAGGACAAAATATTACTATGACAGTAATGACTCCTGG	34149
4147	IGHV3-15*01	IGHJ5*02	IGHA1	TGCATCACCTCCCTAGCGTTTGACAGTAGTGGTCATTACCATGGCCACTGGTTCGGCCCCTGG	20974
4347	IGHV3-53*01	IGHJ4*02	IGHA1	TGTGCGAGAGAGGGAAGAAGAGATGTGGACAATGGCAGGTATAACTATGACTACTGG	37798
4350	IGHV3-53*01	IGHJ4*02	IGHA1	TGTGCGAGAGAGGGAAGAAGAGATGTGGACAATGGCAGGTATAACTATGACTACTGG	37798
4501	IGHV3-74*01	IGHJ4*02	IGHA1	TGTGCAAGAGGGACTACGGTGACTAAAACCTTTGACTACTGG	44588
5179	IGHV3-49*03	IGHJ5*02	IGHG1	TGTACTAAAGCCATAATAAATCGGAACGGCTGGTTCGACCCCTGG	36307
5314	IGHV3-9*01	IGHJ3*01	IGHG1	TGTGCAAAAGATGTCTTAGTGGCAGCTACTCGGCCCGGCGCTTTGGATCTCTGG	46453
5446	IGHV3-9*01	IGHJ6*02	IGHG1	TGCGCAAAAGTACTCGAAGTCGGCCCTGACTTCTTCTACAACGGTTTTGACGTCTGG	48538
633	IGHV3-7*01	IGHJ4*02	IGHA1	TGTGCGAGAGACAGTCTACGGAGGTTTGACTTCTGG	39412
651	IGHV3-74*01	IGHJ4*02	IGHA1	TGTGTAAGAGACTGTTGTGGTACGTTCGGTGACGACTGG	44453
687	IGHV3-53*01	IGHJ3*01	IGHG3	TGTGCGAGAGGCCCTGGGCACAATGTGTGGAGTGGTTACTATGCTTTTGATGTCTGG	36786
712	IGHV3-7*01	IGHJ4*02	IGHA1	TGTGCGTCAAACTCGGACTACCGTTTTGAGTACTGG	39552
811	IGHV4-39*01	IGHJ4*02	IGHG1	TGTGCGAGACATGTTAGCAGCAGCTGGATTTACTTTGACTACTGG	55437
1118	IGHV1-18*04	IGHJ5*02	IGHG1	TGTGCGAGAGATTGGTATTGTCCTCCCGGTGATCCTGCTTGTTACAACTGTTTCGACCCCTGG	2357
1520	IGHV1-8*01	IGHJ4*02	IGHA1	TGTTCGATAGCGGGTCTCTGGGCTGCCTTGGGGGACTTCTGG	14378
1891	IGHV4-59*01	IGHJ6*02	IGHA1	TGTGCGAGAGGCCCTATTACGGAGGTAACTGATTACGGTATGGACGTCTGG	64395
2592	IGHV1-2*02	IGHJ4*02	IGHA1	TGTGCGCGGGAAGAACGGACCTGGTCCTACTTTGACTACTGG	4542
2602	IGHV4-59*11	IGHJ4*02	IGHA1	TGTGCGAGGTATCCCGACCGCGCCGGTGGGACCTTTGATTACTGG	62944
3025	IGHV2-5*01	IGHJ4*02	IGHG1	TGTGCACACAGCGAGCGTCGATACACCTATGGTGCCTTTGACTACTGG	16058
3076	IGHV4-61*08	IGHJ3*01	IGHA1	TGTGCGAGGGACGACCAGTGGGGAGATCCCTTTGATCTTTGG	64817
3213	IGHV4-34*01	IGHJ6*02	IGHG3	TGTGCGAGACACCAAGCGAATAAAAGACGTATACCAGTGTCTGGTATGAAGTCCTACTACTACTACGGTATGGACGTCTGG	53002
3270	IGHV3-11*01	IGHJ4*02	IGHA1	TGTGCGAGAGATGCCCTTGTGTTTACTTTTGACTATTGG	17609
3271	IGHV4-39*08	IGHJ6*02	IGHA1	TGTGCTCGCTATTTCTACTTCGCTATCGACATCTGG	59309
3273	IGHV4-39*01	IGHJ5*02	IGHG1	TGTGCGAGACGCCTAGCTCGTCAGGGCTGGTTCGACCCCTGG	58045
3279	IGHV3-7*01	IGHJ4*02	IGHA1	TGTGCGAGAGACAGTCTACGGAGGTTTGACTTCTGG	39412
3290	IGHV5-51*01	IGHJ4*02	IGHA1	TGTGCGAGACATGTCATTGGGGGTTTTGGAGCCGCAGTTGGCTGGTCTGAGTGG	68114
3358	IGHV3-7*01	IGHJ6*02	IGHA1	TGTTCGAAATTGGGCAGGGGTAGTGGCCGTATGGACGTCTGG	41729
4000	IGHV3-7*01	IGHJ4*02	IGHA1	TGTGCGGCCTTGGATACAGCTCCGGGTCGTGTTGGCGGCTACTGG	40215
4064	IGHV3-48*02	IGHJ4*02	IGHA1	TGTGCGAGAGGTCAAACCTATGTGGACCAATGG	33773
4432	IGHV3-73*02	IGHJ4*02	IGHA1	TGTACTAGACATTTGTATGGTGGCCCCCCCAATGAGTACTGG	43065
4746	IGHV3-7*01	IGHJ4*02	IGHA1	TGTGCGAGAGACAGTCTACGGAGGTTTGACTTCTGG	39412
4891	IGHV3-53*01	IGHJ5*02	IGHA1	TGTGCGAGAGGGCGATCGGGTGGCCCAAGGTTCGACCCCTGG	37931
5034	IGHV3-15*05	IGHJ4*02	IGHA1	TGTGTAGCGAACAACGCT	19335
5182	IGHV3-49*03	IGHJ5*02	IGHG1	TGTACTAAAGCCATAATAAATCGGAACGGCTGGTTCGACCCCTGG	36307
5193	IGHV3-23*01	IGHJ3*01		TGTGCGAAAGATCTTCCGGGGCGAAGTAGGGTTGATGCTTTTGATGTCTGG	23891
648	IGHV3-73*02	IGHJ4*02	IGHA1	TGTACTAGACATTTGTATGGTGGCCCCCCCAATGACTACTGG	43065
717	IGHV3-7*01	IGHJ4*02	IGHA1	TGTGCGAGAGATATGGCTAGGTCACTTGACAACTGG	39434
962	IGHV1-2*02	IGHJ4*02	IGHA1	TGTGCGAGAGATCCTGTTATTGTGGACTCCTACTTTGACTCCTGG	4697
1229	IGHV1-2*02	IGHJ3*01	IGHG1	TGTGCGAGAGATCAGAGGGGAATTCTTATGGTTCGGGGACCTCTCTCCAATGCTTTTGATTTCTGG	3710
1536	IGHV1-8*01	IGHJ4*02	IGHA1	TGTTCGAGAGCGGGTCTCTGGGCTGCCTTGGGGGACTTCTGG	14378
1681	IGHV4-59*11	IGHJ6*02	IGHA1	TGTGCGAGATTTGGGACCAGCTACTACTACGGTATGGACGTCTGG	64328
1810	IGHV4-59*01	IGHJ4*02	IGHA1	TGTGTGACAAGTCAATACAGCTATGGCCCAATTGCCTATTGG	62792
1970	IGHV4-61*01	IGHJ2*01	IGHA1	TGCGCGAGAAGTCTCCGGTATTGTGGTGGTGGTACCTGCTACTCCTGGTACTTCGATCTGTGG	64784
2059	IGHV1-69*01	IGHJ4*02	IGHA1	TGTGCGAGAGACGTGCAGCAATTGGTTTATTCAGGCGTGGGCAACTGG	11411
2142	IGHV1-46*01	IGHJ4*02	IGHA1	TGTGCGAGAGTGGATGCGCCCATGGTTTCTAATTTCTGG	8823
2397	IGHV1-46*01	IGHJ5*02	IGHA1	TGTGTCAGAGCCGAATTCTCCAACTGGTTCGACCCCTGG	9724
2862	IGHV1-18*04	IGHJ1*01	IGHA1	TGTGCGCGAGATCTAGTGGGATCATTTTCCCGCAAAGGACACCAGAACTGG	23
3296	IGHV5-51*01	IGHJ4*02	IGHA1	TGTGCGAGACATGTAATTGGGGGTTTTGGAGCCGCAGTTGGCTGGTCTGAGTGG	68114
3914	IGHV5-51*01	IGHJ5*01	IGHA1	TGTGTGAGAAGTGCGACGGGTAACTGGTATCAAAAGTTCGACTCTTGG	68744
3947	IGHV3-21*01	IGHJ5*02	IGHA1	TGTGCGAGAGAGGATTGTGATATTACCAGCTGCTCGAAAAAGAACTGGTTCGACACCTGG	22867
4002	IGHV3-7*01	IGHJ4*02	IGHG1	TGTACGAGAGATGGACTTTGG	38922
4003	IGHV3-7*01	IGHJ4*02	IGHG1	TGTATGAGAGATGGACTTTGG	38922
4179	IGHV3-21*06	IGHJ4*02	IGHG1	TGTGTGAGAGACGGATACAGTTATGGTGACCAGTGG	21742
4288	IGHV3-21*01	IGHJ4*02	IGHA1	TGTGCGAGAGATCTCCGGGGAAACAACTATGCGATTGACTACTGG	21999
4803	IGHV3-7*01	IGHJ6*02	IGHA1	TGTGCGAGGCGGTATTACTATGATAATGGTGGTGGTTGCGGTCTGGACGTCTGG	41842
4931	IGHV3-53*01	IGHJ3*01	IGHG3	TGTGCGAGAGGCCCTGGGCACAATGTGTGGAGTGGTTACTATGATTTTGATGTCTGG	36786
5180	IGHV3-49*03	IGHJ5*02	IGHG1	TGTACTAAAGCCATAATAAATCGGAACGGCTGGTTCGACCCCTGG	36307
5269	IGHV5-51*01	IGHJ6*02	IGHA1	TGTGCGAGACAGATGATGTCAGCATCTGGCAGCGACTACTTCTACGGTATGGACATCTGG	69351
5419	IGHV3-9*01	IGHJ4*02	IGHA1	TGTGTAAAAAGTGTGGTCGCAGCAGATGCCACTTACTTTGACGACTGG	47209
5435	IGHV3-74*01	IGHJ4*02	IGHA1	TGTGCAAGAGGCTGGTTAGTGGGAGCTGACTCCTTTGGCTACTGG	44715
760	IGHV4-39*01	IGHJ4*02	IGHG1	TGTGCGACACGCCGAAAAACTGTGGCTGGCCTCTACTTTGACGTTTGG	55809
765	IGHV4-61*03	IGHJ6*02	IGHG1	TGTGCGAGGGGGTCGGACGATTCCGATTTTTGGGGCCACTACACTCTGGACGTCTGG	65850
847	IGHV4-39*01	IGHJ6*02	IGHA1	TGTGCTCGCTACTACTTCTTCGCTATCGACGTCTGG	59309
903	IGHV4-39*01	IGHJ4*02	IGHA1	TGTGCGAGGTTTAGTGGGAGCTACCGAGCGTTTGACTGGTGG	55169
1236	IGHV4-30-4*09	IGHJ4*02	IGHA1	TGTGCGTGGCTCCAGCCGATGACGACAAGTGGGGTGCCCTTTGACTACTGG	49510
1290	IGHV1-69*01	IGHJ4*02	IGHG1	TGTGCGAGTGGAAGTGGCTGGTACTCGGGGCCTTGCGACTTCTGG	11341
1452	IGHV1-2*02	IGHJ4*02	IGHG1	TGTGCGAGAGGGAACTATTACTTTGATAATACTGGTTTACATCCCCTCTTTGACTACTGG	6078
1535	IGHV1-8*01	IGHJ5*02	IGHA1	TGTTCGAGAGCGGGTCTCTGGGCTGCCTTGGGGGACCTCTGG	14811
1791	IGHV4-61*03	IGHJ5*01	IGHG3	TGCGCGAGAAGGCGGGGTGACTACGGTGACTACGGTTTCGACTTCTGG	65599
1794	IGHV4-61*03	IGHJ5*01	IGHG3	TGCGCGAGAAGGCGGGGTGACTACGGTGACTACGGTTTCGACTTCTGG	65599
1797	IGHV4-61*03	IGHJ5*01	IGHG3	TGCGCGAGAAGGCGGGGTGACTACGGTTACTACGGTTTCGACTTCTGG	65599
1873	IGHV4-4*07	IGHJ4*02	IGHM	TGTGCGAGAGATCAGACTGGTTATGGGGAATACTACTTTGACTACTGG	60657
2413	IGHV1-69*01	IGHJ4*02	IGHG3	TGTGCGCGATCTCCTAACTACACCTGGTCTAAGTTTGACTCCTGG	11346
2564	IGHV1-46*01	IGHJ6*02	IGHA1	TGTGCGAGAGATAGGGGGCACATAGAATCAGTTATTACCGAACCGGGGATATTCGGTATTGACGTCTGG	10165
2583	IGHV1-2*02	IGHJ4*02	IGHM	TGTGCGAGAGGGCTCTCTAGTTATAGGGACTACCGGCCGGGTTACTGG	4970
2976	IGHV3-30*18	IGHJ4*02	IGHG1	TGTGCGAAAGCCGGTATGGTAAGGAGCCTTTGGTGGTTCTTTGACTTCTGG	30109
3238	IGHV4-59*11	IGHJ6*02	IGHA1	TGTGCGAGATTTGGGACCAGCTACTACTACGGTATGGACGTCTGG	64328
3255	IGHV4-61*01	IGHJ4*02	IGHA1	TGTGCGAGAGTAACGCTTTTTGGAGTGATTATCAACTGG	64992
3274	IGHV3-30*18	IGHJ4*02	IGHG1	TGTGTGAAACATGGCAGCCGGGGTCCAAACGACTTAGAGTACTGG	29711
3515	IGHV3-21*01	IGHJ4*02	IGHM	TGTGCGAGGAAAAATTGTGGTGGTGACTGCTCATATCCGAACCCCCATGACTACTGG	22579
3600	IGHV3-23*01	IGHJ4*02	IGHA1	TGTGCGAGGCTGACTATACCAGTGGCTGGGATAACTCCATACTTTGACTACTGG	27023
3916	IGHV5-51*01	IGHJ5*01	IGHA1	TGTGTGAGAAGTGCGACGGGTAACTGGTATCAAAAGTTCGACTCCTGG	68744
3937	IGHV3-7*01	IGHJ4*02	IGHG1	TGTGCGAGAAGTCGGTGGTTGAGTGAGAGCTATCCCTCGGAACTTGACTTCTGG	40871
3954	IGHV3-7*01	IGHJ6*02	IGHA1	TGTGCGAGCGGGATAGCAATGGCTGGCTCCTTCTATTACGGTATGGACGTCTGG	41841
3962	IGHV3-15*01	IGHJ4*02	IGHA1	TGTTCCACTTTTTGGGATGGCTATAATGTGATTGACTACTGG	20015
4174	IGHV3-7*01	IGHJ4*02	IGHA1	TGTGCGAGAGGTAGTGGGAACTGTTACAGGCTCTGG	39492
4200	IGHV3-21*01	IGHJ2*01	IGHA1	TGTGCGAGAGGGGAGACCCGCTTCGATCTCTGG	21390
4212	IGHV3-21*01	IGHJ6*02	IGHA1	TGTGCGAGAGGGGAGTACCGTATGGACGTCTGG	22913
4928	IGHV3-53*01	IGHJ3*01	IGHG3	TGTGCGAGAGGCCCTGGGCACAATGTGTGGAGTGGTTACTATGCTTTTTATGTCTGG	36786
5039	IGHV3-21*02	IGHJ5*02	IGHA1	TGTGCGAGCGAGTTTAGCAGTGGCTGGTTCACCCAGGGCTTGGCTCACCGCTGG	22846
5053	IGHV3-48*02	IGHJ4*02	IGHG1	TGTGCGAGAGAAGACCGTTATTATGGTTCGGTGGCCCTTGACTACTGG	34389
5082	IGHV3-74*01	IGHJ4*02	IGHA1	TGTGCAAGAGGCTGGTTAGTTGGAGCTGACTCCTTTGGCTACTGG	44715
5309	IGHV3-9*01	IGHJ3*01	IGHG1	TGTGCAAAAGATGTCTTAGTGGCAGCTACTCGGCCCGGCGCTTTGGATCTCTGG	46453
5331	IGHV3-9*01	IGHJ4*02	IGHA1	TGTGTGAGAGCCAACGGGGGCGTCCCTCTCGACTGG	46672
5438	IGHV3-21*01	IGHJ4*02	IGHA1	TGTGCGAGAGTTGGTATAGCAGTGGCTGGTACTAGGGGAGGAGAACTTGAGTACTGG	22577
638	IGHV3-23*01	IGHJ4*02	IGHG1	TGTGCGAAAGATTGTAGTGGTGGTAGCTGCTGGCTCTTTGACTACTGG	25805
639	IGHV4-39*01	IGHJ6*02	IGHA1	TGTGCTCGCTACTACTTCTTCGCTATCGACGTCTGG	59309
645	IGHV3-15*01	IGHJ4*02	IGHM	TGTACCACAGACTACCAGTATTACTATGGTTCGGGGAGTTATTATAATCTTGACTACTGG	20675
718	IGHV3-73*01	IGHJ4*02	IGHA1	TGTACTAGCCAAAGCCGTCAAGCAGTGGCTGTAGACTACTGG	43077
764	IGHV4-61*03	IGHJ6*02	IGHG1	TGTGCGAGGGGGTCGGACGATTCCGATTTTTGGGGCCACTACACTCTGGACGTCTGG	65850
795	IGHV4-39*08	IGHJ6*02	IGHG1	TGTGCGAGACGCCTCGATTTTTGGAGTGGTTATTATGAGGGGAGGGGGGAAAACTACGGTATGGACGTCTGG	59880
924	IGHV4-39*01	IGHJ4*02	IGHA1	TGTGCGAGGCTATGGAGTGGGAGCCGCCCCCCCGACTATTGG	54820
957	IGHV1-2*02	IGHJ4*02	IGHA1	TGTGCGAGAGATCCTGTTATTGTGGACTCCTACTTTGACTCCTGG	4697
983	IGHV4-39*01	IGHJ4*02	IGHA1	TGTGCGAGGCCCTCCCGTACAGGGAACTACTACTACTGG	54434
1221	IGHV1-2*02	IGHJ4*02	IGHA1	TGTGCGAGGGAATCCTGGCACTACGACTTCTGG	3847
1343	IGHV3-30*03	IGHJ4*02	IGHA1	TGTGCGAGAGGGGCACAGGCAGTGGCTGGAGATCTCCGACACTACTCTGATAGTACTCCTTATTCCGGCCTCCTTGACTACTGG	30816
1450	IGHV1-2*02	IGHJ4*02	IGHG1	TGTGCGAGAGTGAACTATTACTTTGATAATACTGGTTTACATCCCCTCTTTGACTACTGG	6078
1460	IGHV1-46*01	IGHJ6*02	IGHG3	TGTGCGAGAGAATTTGTGGCAGCATCTGATAGGAGGGACGTCGACTTAGACTTCTTCGCTTTGGACGTCTGG	10194
1490	IGHV1-8*01	IGHJ4*02	IGHA1	TGTTCGAGAGCGGGTCTCATGGCTGCCTTGGGGGACTTCTGG	14378
1695	IGHV4-30-4*09	IGHJ6*02	IGHA1	TGTGCGAGAACCAGGAAATATTGTGCTGATGGAACCTGCGCCTTTTACTACGACGGTATGGAAGCCTGG	49974
1922	IGHV4-59*01	IGHJ5*02	IGHG1	TGTGCGAGGCTCCCTGCCAGCGTTCCCAGCTGCTATGGATGTGACTGGTTCGACCCCTGG	64160
1926	IGHV4-61*01	IGHJ4*02	IGHA1	TGTACGACAGGTTCAGACGCCTACAAGTTGCACTACTGG	64961
1945	IGHV4-61*03	IGHJ5*01	IGHG3	TGCGCGAGAAGGCGGGGTGACTACGGTGACTACGGTTTCGACTTCTGG	65599
1954	IGHV4-30-4*09	IGHJ4*02	IGHA1	TGTGCGAGATACGGTGATTACCCTCTATGGGGATTTGACTCCTGG	49355
2087	IGHV1-69*01	IGHJ4*02	IGHA1	TGTGCGAGAGACGTGCAGCAATTGGTTTATTTAGGCGTGGGCAACTGG	11411
2190	IGHV1-2*02	IGHJ5*02	IGHA1	TGTGCGAGAGTTGAACTGCATAGCAGCCATTTATTCCGGTTCGACCCCTGG	6676
2275	IGHV1-8*01	IGHJ1*01	IGHA1	TGTGCGAGACAGAATAACTACGGGGAATTCCAGCACTGG	14002
2283	IGHV3-11*01	IGHJ4*02	IGHA1	TGTTCGAGAGATCCAAGGCGCCTGCCCTACTGG	17535
2401	IGHV3-11*01	IGHJ4*02	IGHG1	TGTGCGAGCGCATGGACGTATTACTTTGATCATAGTGGTCGTTACTACCCCCCAAATGACTACTGG	18263
2408	IGHV1-69*01	IGHJ4*02	IGHG3	TGTGCGCGATCTCCTAACTACACCTGGTCCAAGTTTGACTCCTGG	11346
2707	IGHV1-69*01	IGHJ4*02	IGHG1	TTTGCGAGAGATCGCTACTATGGTTCGGGGAGTCCCTTTGACTTCTGG	11426
2836	IGHV4-28*01	IGHJ3*02	IGHA1	TTTGCGAGAAGTCCGGATAGATATGGCAAACCAGAGGCTTTTGATATCTGG	48907
2942	IGHV3-33*01	IGHJ5*02	IGHA1	TGTGCGAGAATGGGGAGCCATTACTCTGATGGCAGTGGTTACGGCTACGGGGCATTTTACCTCTGG	32841
2985	IGHV1-18*04	IGHJ4*02	IGHA1	TGTGCGAGAGACACCACCTATAGTAGTGGCTGGGGATTTGACCACTGG	1023
3297	IGHV5-51*01	IGHJ4*02	IGHA1	TGTGCGAGACATGTCATTGGGGGTTTTGGAGCCGCAGTTGGCTGGTCTGAGTGG	68114
3448	IGHV3-7*01	IGHJ4*02	IGHM	TGTGCGGGCATGCATAGCAGCTATTGGTACGTGGAGGGGACTGACTATTGG	40845
3619	IGHV3-7*01	IGHJ4*02	IGHG1	TGTGCGCAGGACACCTATCGTCAAGATGACCACTGG	39536
3648	IGHV3-15*01	IGHJ4*02	IGHA1	TGTACGACTGACCGGAGTTATGGTTACTACTCTGCCCACTGG	19951
3769	IGHV3-23*01	IGHJ4*02	IGHM	TGTGCGAAACAGGCGGTGTCGGATGGCAGTGGCTGGTACTGGGGCCACTGG	26244
3809	IGHV3-23*01	IGHJ6*02	IGHA1	TGTGCGAAGACCCTTCCGGCTCTAAATACACGACAAAACTATCATGGCATGGACGTCTGG	28753
4199	IGHV3-21*01	IGHJ4*02	IGHG1	TGTGCGAGAGTGGGGGCGGGCTACTCTGGTTCGGGGAATTATTATCTTGACTACTGG	22576
4359	IGHV3-53*01	IGHJ4*02	IGHA1	TGTGCGAGAGAGGGAAGAAGAGATGTGGACAATGGCAGGTATAACTATGACTACTGG	37798
4604	IGHV3-74*01	IGHJ4*02	IGHG1	TGTGCAAGAGATCTCATTGTGGATAACTACGTTAGTGGTGGAGACGACTTTGACTACTGG	45331
4648	IGHV3-74*01	IGHJ4*02	IGHA1	TGTGCAAGAGATGTCGGTGGGAGGTCCGGCTACTGG	44097
4924	IGHV3-53*05	IGHJ3*01	IGHG3	TGTGCGAGAGGCCCTGGGCACAATGTGTGGAGTGGTTACTATGCTTTTGATGTCTGG	36786
5024	IGHV3-7*01	IGHJ1*01	IGHA1	TGTGCGAGAGTCGAATCCGGTTCTTTCCAGCACTGG	38411
5064	IGHV3-53*01	IGHJ3*02	IGHA1	TGTACGAGAGATGACGGGAGATCCTTGATTCATATCTGG	36606
5202	IGHV3-7*01	IGHJ2*01	IGHA1	TGTGCGAGAAGGGTGGCAAGTGGGGGCCCGAAGGGTACGGTGGTAAATACGGACTGGTACTTCGAGCTCTGG	38542
5459	IGHV3-48*01	IGHJ5*02	IGHA1	TGTGCCAGAGATCAGTGGGACTCACTGGGTTACAACTGGTTGGACACCTGG	35106
5480	IGHV3-74*01	IGHJ4*02	IGHA1	TGTGCAAGGGCGTCCGGAGATAAATATGACAATAGGAGGCCCTTCGACTACTGG	45252
814	IGHV4-39*01	IGHJ4*02	IGHG1	TGTGCGAGACATGTTAGCAGCAGCTGGATTTACTTTGACTACTGG	55437
1048	IGHV1-18*04	IGHJ4*02	IGHA1	TGTGCGAGAGATCTGGAAAACTGGCTGGTCTTTGGGTTCTGG	699
1081	IGHV1-18*04	IGHJ4*02	IGHA1	TGTGCGAGAGCGGGGCAGTGGCTGATCCACTGG	446
1152	IGHV3-30*18	IGHJ6*02	IGHA1	TGTGCGAAGACCCGAGACGATTTTTGGAGTGGTTATGATTTCGATATGGACGTCTGG	31270
1256	IGHV1-69*01	IGHJ5*02	IGHA1	TGTGTATCTGTTGACTGTGGTGAAGACTGTTACTCGCCCCACTGGTTCGACCCCTGG	12675
1281	IGHV4-4*07	IGHJ6*02	IGHA1	TGTGCGAGACAGGGAAGTTATTATTACTACCTTATGGACGTCTGG	61437
1569	IGHV4-34*02	IGHJ2*01	IGHA1	TGTGCGAGGGACTCTGGCGTGGTGCGCGGTCCTGTTCTAATCACTGGTGGGGATCCACACTTCGATCAGTGG	50253
2021	IGHV4-4*07	IGHJ5*02	IGHG3	TGTGCGAGAGAAAGTCATTACGATTTTTGGAGTGGTTGGATGAATTGGTTCGACCCCTGG	61313
2038	IGHV1-46*01	IGHJ4*02	IGHA1	TGTGCGAGAGGAGGGCGGCCAAGTGAGGGTATCTACAGAGCGCCATGGGAGTTCTGG	9539
2092	IGHV1-69*01	IGHJ4*02	IGHA1	TGTGCGAGAGACGTGCAGCAATTGGTTTATTCAGGCGTGGGCAACTGG	11411
2159	IGHV1-8*01	IGHJ5*02	IGHG1	TGTGCGAGAGGCGGGGGATACTATGATAGTGGTGGTTATCATATCTCCGGATTCGACCCCTGG	14967
2585	IGHV1-2*02	IGHJ4*02	IGHM	TGTGCGAGAGGGCTCTCTAGTTACAGGGACTACCGGCCGGGCTACTGG	4970
2951	IGHV1-8*01	IGHJ6*02	IGHA1	TGTGCGAGAATTGGACTAGAGTGTAGTACCACCAGCTGTTATACTGCCGTTTACGACTACTACGGTATGGACGTCTGG	15252
3160	IGHV1-2*02	IGHJ5*01	IGHA1	TGTGCGACAGATAGGGGAGTGGAGCGACTCCCGTTTGAGTCCTGG	6473
3241	IGHV3-7*01	IGHJ4*02	IGHA1	TGTGCGAGAGACAGTCTACGGAGGTTTGACTTCTGG	39412
3733	IGHV3-7*01	IGHJ4*02	IGHA1	TGTGCGAAGTACAGTGGGGCCTACTCCTTTGAGTCCTGG	39646
3744	IGHV3-23*01	IGHJ4*02	IGHM	TGTGCGAAAGCACGTGGCTATGATACCAAGAACTGTGACTACTGG	25224
3815	IGHV3-23*01	IGHJ6*02	IGHA1	TGTGCGAAGACCCTTCCGGCTCTAAATACACGACAAAACTACTATCATGGCATGGACGTCTGG	28808
4062	IGHV3-48*01	IGHJ1*01	IGHG1	TGTGCGAGAGGCTACGGTGACGACGGATACTTCCAACACTGG	33359
4560	IGHV3-74*01	IGHJ3*02	IGHA1	TGTGCAACCTTGGCGGATACCTCCCGCGGAGCTTTTGATATCTGG	43614
4594	IGHV3-74*03	IGHJ4*02	IGHG1	TGTGTAAGTGCCTTTAGTGGCAGCAGTAACTACTGG	44263
4653	IGHV3-74*01	IGHJ4*02	IGHA1	TGTGCAAGAGATGTCGGTGGGAGGTCCGGCTACTGG	44097
4704	IGHV3-74*03	IGHJ5*02	IGHG1	TGCACAAGAGATCTCCCTTACTCCGATCGTCGCAGTCCGATGGGTAGAAACTACTTCGACCCCTGG	45688
4776	IGHV3-7*01	IGHJ4*02	IGHG1	TGTGCGAGAGATGGGACGACAGTGGCCCCATATTCCTTTGACTACTGG	40568
4797	IGHV3-21*01	IGHJ4*02	IGHA1	TGTGCGAGGAGGGGCCCTCTAGATGGCCCTGTTGACTACTGG	21935
4869	IGHV3-53*01	IGHJ6*02	IGHG1	TGTGCGAGTAGGTGGTTGTGGAACTACTACTCTATGGACGTCTGG	38068
5102	IGHV3-7*01	IGHJ4*02	IGHA1	TGTCTGTACTGGAACGACTTCGCACCACCACACTACTTCGACTATTGG	40488
5183	IGHV3-49*03	IGHJ5*02	IGHG1	TGTACTAAAGCCATAATAAATCGGAACGGCTGGTTTGACCCCTGG	36307
5346	IGHV3-9*01	IGHJ4*02	IGHA1	TGTGTAAAAGTTTCCCGCGGGGGTTATGTTGGCTCCTTTTATGACAGACGTGGTTTTTATTTTGACGGCTGG	48008
655	IGHV3-74*03	IGHJ4*02	IGHG1	TTTGTAAGTGCCTTTAGTGGCAGCAGTAACTACTGG	44263
763	IGHV4-61*03	IGHJ6*02	IGHG1	TGTGCGAGGGGGTCGGACTATTCCGATTTTTGGGGCCACTACACTCTGGACGTCTGG	65850
826	IGHV4-39*01	IGHJ6*02	IGHA1	TGTGCGAGACATTTATACGGAAAGGGTATGAAAGTCTGG	59327
892	IGHV4-39*01	IGHJ4*02	IGHA1	TGTGCGAGGTTTAGTGGGAGCTACCGAGCGTTTGACTGGTGG	55169
917	IGHV4-39*01	IGHJ4*02	IGHA1	TGTGCGAGGCTATGGAGTGGGAGCCGCCCCCCCGACTATTGG	54820
1026	IGHV3-30*18	IGHJ4*02	IGHA1	TGTGCGAAGGATTGGCAACCTTATAACTGGAACTACCATGGAGTCCTTGACTCCTGG	30491
1028	IGHV4-39*01	IGHJ2*01	IGHA1	TGTGTGAGACACGATTTGGCGGTAGGACTTTCGCACTGGTACTTCGATCTCTGG	53309
1045	IGHV1-18*04	IGHJ4*02	IGHA1	TGTGCGAGAGATCTGGAAAACTGGCTGGTCTTTGGGTTCTGG	699
1164	IGHV4-4*07	IGHJ4*02	IGHG1	TGTGCGAGATCTGATAGTGGGAGCTTCCAGTTCCACTTTGACAACTGG	60707
1270	IGHV1-2*02	IGHJ4*02	IGHA1	TGTGCGAAAAATCCCACTACCGGCAGCTGGTACCCATATGACTTTGACTACTGG	5570
1279	IGHV4-4*07	IGHJ6*02	IGHA1	TGTGCGAGACAGGGAAGTTATTATTACTACCTTATGGACGTCTGG	61437
1400	IGHV1-8*01	IGHJ5*02	IGHA1	TGTTCGAGAGCGGGTCTCTGGGCTGCCTTGGGGGACCTCTGG	14811
1435	IGHV1-46*01	IGHJ6*02	IGHA1	TGTGCGAGAGCGGTAGTCTCTGGAACTGGCGACTACTACGGTCTGGACGTCTGG	10053
1516	IGHV1-8*01	IGHJ5*02	IGHA1	TTTTCGAGAGCGGGTCTCTGGGCTGCCTTGGGGGACCTCTGG	14811
1655	IGHV6-1*01	IGHJ4*02	IGHM	TGTGCAAGAGTGGAGGGTATAATTGGAACTCGGAGTTTTGACTACTGG	70401
1798	IGHV4-61*03	IGHJ5*01	IGHG3	TGCGCGAGAAGGCGGGGTGACTACGGTGACTACGGTTTCGACTTCTGG	65599
1799	IGHV4-61*03	IGHJ5*01	IGHG3	TGCGCGAGAAGGCGGGGTGACTACGGTGACTACGGTTTCGACTTCTGG	65599
1938	IGHV4-30-4*09	IGHJ4*02	IGHG1	TGTGCGAGAGCCTATCATTACTCTGATACTAATGGTTACCTCGAGTGG	49402
2206	IGHV1-2*02	IGHJ4*02	IGHA1	TGTGCGAGAACAAGCTATGGTGACAAAGTGGGTGCTGATGACTGCTGG	4996
2294	IGHV3-11*01	IGHJ4*02	IGHA1	TGTTCGAGAGATCCAAGGCGCCTGCCCTACTGG	17535
2444	IGHV4-34*01	IGHJ1*01	IGHG3	TGTGCGAGAGGCGGGGCGTATTCCTATGATAAGAATCAGTTCCAACACTGG	50126
2578	IGHV1-2*02	IGHJ4*02	IGHM	TGTGCGAGAGGGCTCTCTAGTTATAGGGACTACCGGCCGGGCTACTGG	4970
2590	IGHV4-59*13	IGHJ2*01	IGHA1	TGTGCGAGAGATAGCCCAAAAGTGGGGCCGCGAACGGAGGACTGGTACTTCGATCTCTGG	61853
2591	IGHV1-2*02	IGHJ4*02	IGHA1	TGTGCGCGGGAAGAACGGACCTGGTCCTACTTTGACTACTGG	4542
2645	IGHV1-2*02	IGHJ5*02	IGHA1	TTTGCCAACAACCGCAATCCTGGCAGTGATTACTTCCTGTCGTCCTGG	6529
2685	IGHV3-30*18	IGHJ4*02	IGHA1	TGTGCGAAAGAGACTCAGAAGTATGCGAGTGGCTGGTTCTTTGAGTCCTGG	30014
3100	IGHV3-11*01	IGHJ3*02	IGHG1	TGTGCGAGACTAAATAGGATTGATATCTGG	17295
3324	IGHV3-7*01	IGHJ4*02	IGHG1	TGTGCGCAGGACACCTATCGTCAAGATGACCACTGG	39536
3519	IGHV3-74*01	IGHJ4*02	IGHA1	TGTATAAAAGTCCCAGAGTACTGG	43823
3792	IGHV3-23*01	IGHJ6*02		TGTGTGAAGTATGGGCCCTGGTACGGCCATTTCCACTACTACTATGCTATGGACGTCTGG	28767
3796	IGHV3-23*01	IGHJ4*02	IGHA1	TGTGCGAAGAAGGGAGCCAGTACCTCCGAGTTCTACTTTGACTATTGG	25557
3894	IGHV5-51*03	IGHJ6*02	IGHA1	TGCGCGAGAGAGAAGATATTTTGTACTAGTAGCAATTGCTATGGCAACTACTATGGTATGGACGTCTGG	69546
3896	IGHV3-74*01	IGHJ6*02	IGHG1	TGTGCAAGAGTTCACTATGATTCGGGGACGAACGTCTGG	45766
3918	IGHV3-21*01	IGHJ4*02	IGHA1	TGTGCGAGAGATCTCCGGGGAAACAACTATGCGATTGACTACTGG	21999
4096	IGHV3-48*02	IGHJ4*02	IGHA1	TGTGCGAGTGAGTTTTGTGCTGGTTCCAGCTGCTACCGTGGGGTTTGTGACAACTGG	34816
4119	IGHV3-13*01	IGHJ3*02	IGHG1	TGTGCAAGAAGAAATTGGAACCAAGGGGGTGGTTTTGATATCTGG	18813
4184	IGHV3-21*01	IGHJ4*02	IGHA1	TGTGCGAGAGACAGGGGTCTTGTAGTGGTGGCAACCGGACAATTTGACCACTGG	22416
4213	IGHV3-21*01	IGHJ6*02	IGHA1	TGTGCGAGAGGGGAGTACCGTATGGACGTCTGG	22913
4339	IGHV3-53*01	IGHJ4*02	IGHA1	TGTGCGAGCCCCCATGGTAGTAGTGGTTATTACTATCTTGACTACTGG	37593
4438	IGHV3-73*02	IGHJ4*02	IGHA1	TGTACTAGACATTTGTATGGTGGCCCCCCCAATGACTACTGG	43065
4696	IGHV3-74*03	IGHJ5*02	IGHG1	TGCACAAGAGATCTCCCTTACTCCGATCGTCGCAGTTCGATGGGTAGAAACTACTTCGACCCCTGG	45688
4771	IGHV5-51*03	IGHJ4*02	IGHA1	TGTGCGAGACAACTTAATCGGTTTGGAAGTGGTTTTTATCCTCCCGGGGACTCGCCGTTTGACTACTGG	68535
4838	IGHV3-53*01	IGHJ6*02	IGHG1	TGTGCGAGTAGGTGGTTGTGGAACTACTACTCTATGGACGTCTGG	38068
4868	IGHV3-53*01	IGHJ6*02	IGHG1	TGTGCGAGTAGGTGGTTGTGGAACTACTACTCTATGGACGTCTGG	38068
4927	IGHV3-53*01	IGHJ3*01	IGHG3	TGTGCGAGAGGCCCTGGGCACAATGTGTGGAGTGGTTACTATGCTTTTGATGTCTGG	36786
5054	IGHV3-48*02	IGHJ4*02	IGHG1	TGTGCGAGAGAAGACCGTTATTATGGTTCGGTGGCCCTTGACTACTGG	34389
5234	IGHV3-7*01	IGHJ6*02	IGHA1	TGTGCGAGACCAATGCGTCCGTATGGCAGCAGCTGGGCAACGGACGTCTGG	41788
5326	IGHV3-9*01	IGHJ6*02	IGHA1	TGTGCAAAAGATCGTAACTCCTACTTCTACTACGGTGTGGACCTCTGG	48289
5394	IGHV3-7*01	IGHJ4*02	IGHA1	TGTGCGAGTGGCTTTCCCCCTACCAGTGGCTATTACGACTACTGG	40211
5399	IGHV3-7*01	IGHJ4*02	IGHA1	TGTGCGAGTGGCTTTCCCCCTACCAGTGGCTATTACGACTACTGG	40211
5429	IGHV3-9*01	IGHJ6*02	IGHA1	TGTGTAAAAGACGGGGAACGGATGACGGCCTTTGGACTGGTCATCGGCCCCAATTCACACCACGGAATGGACGTCTGG	48867
5439	IGHV3-73*01	IGHJ4*02	IGHA1	TGTACTAGCCAAAGCCGTCAAGCAGTGGCTGTAGACTACTGG	43077
5440	IGHV3-20*01	IGHJ6*02	IGHA1	TGTGCGAGACCCTTTGTTACTCATCACTATTTCTACGGTATGGACGTCTGG	21347
661	IGHV3-11*06	IGHJ5*01	IGHG1	TGTGCGAGAGCGGGTTGTAGTGGTGCCGGCTGCTTTCTAAGGCAAAATTGGTTCGACTCCTGG	18431
689	IGHV4-4*07	IGHJ5*02	IGHA1	TGTGCGAGAGGTCTCGGTGGTTATTACTACCAAGACACCTGG	61120
899	IGHV4-39*01	IGHJ4*02	IGHA1	TGTGCGAGGTTTAGTGGGAGCTACCGAGCGTTTGACTGGTGG	55169
972	IGHV4-39*08	IGHJ5*02	IGHA1	TGTGCGAGACATGAGACGATTTTCGAAGCATCAGCTGCTGTGGGTTTCGACCCCTGG	58778
1030	IGHV4-39*01	IGHJ2*01	IGHA1	TGTGTGAGACACGATTTGGCGGTAGGACTTTCGCACTGGTACTTCGATCTCTGG	53309
1237	IGHV4-59*01	IGHJ6*02	IGHA1	TGTGCGCGAGCCCTCCAGTACTACTACGGAATGGACGTCTGG	64302
1391	IGHV4-34*02	IGHJ5*02	IGHA1	TGTGCCTCCCGGGGAGTACCTGGGGCTCTCAGATCGTGGTTCGACCCCTGG	52011
1590	IGHV3-30*03	IGHJ4*02	IGHA1	TGCGCGAGAGATCACAAGACCATCTATGATGGTAGCGGTTATTTCTTTGACTACTGG	30538
2011	IGHV4-4*07	IGHJ5*02	IGHG3	TGTGCGAGAGAAAGTCATTACGATTTTTGGAGTGGTTGGATGAATTGGTTCGACCCCTGG	61313
2020	IGHV4-4*07	IGHJ5*02	IGHG3	TGTGCGAGAGAAAGTCATTACGATTTTTGGAGTGGTTGGATGAATTGGTTCGACCCCTGG	61313
2115	IGHV1-69*01	IGHJ6*02	IGHA1	TGTGCTAGCACGGAGGCTTTCGGGTTCTTCGCTATGGACGTCTGG	12910
2134	IGHV1-2*02	IGHJ6*02	IGHG1	TGTGCGAGAGATTACGAACGGTGGGTGGTTTTGCCCTACTACTTCTACGGTTTGGACGTCTGG	7591
2146	IGHV1-46*01	IGHJ3*02	IGHA1	TGTGCGAGAGGTAGAAATGGCTACAACTGGTACGCTTTTGATATCTGG	8555
2545	IGHV1-46*01	IGHJ6*02	IGHA1	TGTGCGAAAGATTGGGGGGCGATGGGAAGTGTTATTACCGAACCGGGAATATTCGGAATGGACGTCTGG	10165
2881	IGHV6-1*01	IGHJ4*02	IGHG1	TGTGCAAGAAGCCTCCATTACTATGACAGTAGTGGTTATTACTACTTTGACTACTGG	70508
2909	IGHV4-30-4*09	IGHJ4*02	IGHA1	TGTGCGAGAGAAAGGGGGTCCACGGCGCCTCCTCGCGGGGTATTTGACGACTGG	49517
2969	IGHV1-69*01	IGHJ4*02	IGHA1	TGCGCGAGGACCAAGGAGGGCGATTGTAGTGGCGGTACCTGCTACTCTCTCTTTTGTGACTCGTGG	12297
3027	IGHV2-5*01	IGHJ3*01	IGHA1	TGTGCACACATATCCACACCTATGTCTTCGGGATATGATACTTTTCATGTCTGG	15677
3029	IGHV2-5*01	IGHJ5*02	IGHA1	TGTGCACACAGAGTGGGGGGGGAAGTGGTTCGGGGAGTTTTTACTCCCGGCTGGTTCGACCCCTGG	16644
3149	IGHV1-2*02	IGHJ5*02	IGHA1	TGTGCGAGAGGGGACTCGGTCGGGTGGAGGTGGTTGGTCGACCCCTGG	6562
3155	IGHV4-4*12	IGHJ5*02	IGHA1	TGTGCGAAGTTTACGGATGGAGACTTAATTTTGGGCAGCTGGCTCGACCCCTGG	61257
3370	IGHV3-74*01	IGHJ2*01	IGHA1	TGTGCGAGGGTATCGCCCAACTGGTACAACGATCTCTGG	43473
3460	IGHV3-7*01	IGHJ5*02	IGHA1	TGCGCGAGAGATTTAGCTAAACAACGGGTGGCCAATGGGGAAGCCGACCACTGG	41546
3740	IGHV3-7*01	IGHJ6*02	IGHA1	TGTGCGAGCGGGATAGCAATGGCTGGCTCCTTCTATTACGGTATGGACGTCTGG	41841
3808	IGHV3-23*01	IGHJ6*02	IGHA1	TGTGCGAAGACCCTTCCGGCTCTAAATACACGACAAAACTACTATCATGGCATGGACGTCTGG	28808
3827	IGHV3-23*01	IGHJ3*01	IGHG1	TGTGCGAGAGATGGCTGGGTGGCAGTGGCTGGTACGAATGATGGATTTGATTTCTGG	24075
4206	IGHV3-21*01	IGHJ4*02	IGHG1	TGTGCGAGAGTGGGGGCGGGCTACTCTGGTTCGGGGAATTATTATCTTGACTACTGG	22576
4251	IGHV3-21*01	IGHJ5*02	IGHG1	TGTGCGATATCGGGTATAGCAGCAGCTGGTGTTTTCTGGCTCGACCTCTGG	22821
4253	IGHV3-21*01	IGHJ5*02	IGHG1	TGTGCGAGATCGGGTATAGCAGCAGCTGGTGTTTTCTGGCTCGACCTCTGG	22821
4420	IGHV3-73*02	IGHJ4*02	IGHA1	TGTACTAGACATTTGTATGGTGGCCCCCCCAATGACTACTGG	43065
4575	IGHV3-74*01	IGHJ4*02	IGHA1	TGCGCAAGTAGTAGAGGCGTG	43813
4616	IGHV3-74*01	IGHJ6*02	IGHA1	TGTGTAAGGGGTACCGTTGGCTGGAGTGGTGTGGACGTCTGG	45805
4649	IGHV3-74*01	IGHJ4*02	IGHA1	TGTGCAAGAGATGTCGGTGGGAGGTCCGGCTACTGG	44097
4804	IGHV3-7*01	IGHJ6*02	IGHA1	TGTGCGAGGCGGTATTACTATGATAATGGTGGTGGTTGCGGTCTGGACGTCTGG	41842
4900	IGHV3-15*01	IGHJ5*02	IGHA1	TGTACCACAGATCCCAGGAGGGGGTTCCGTGACTGGTCCGACCCCTTG	20928
4926	IGHV3-53*01	IGHJ3*01	IGHG3	TGTGCGAGAGGCCCTGGGCACAATGTGTGGAGTGGTTACTATGCTTTTGATGTCTGG	36786
5173	IGHV3-73*02	IGHJ4*02	IGHA1	TGTACTAGACATTTGTATGGTGGCCCCCCCAATGACTACTGG	43065
5195	IGHV3-23*01	IGHJ3*01	IGHA1	TGTGCGAAAGATCTTCCGGGGCGAAGTAGGGTTGATGCTTTTGATGTCTGG	23891
2970	IGHV1-2*02	IGHJ5*02	IGHA1	TGTGCGAGAGATCCGGGTAGTCCACCAATTGGTCCCTGG	6399
4595	IGHV3-74*03	IGHJ4*02	IGHG1	TGTGTAAGTGCCTTTAGTGGCAGCAGTAACTACTGG	44263
