success:	True
minus_ll:	1.3734446415273769
n_points:	20000
eps:	0.01
ftol:	4.9999999999999996e-06
best parameters:
beta:	2.5101892130445513
fmin:	-6.11030602817799
a:	0.0871882156909017
b:	0.9942143042729835
errors:
beta:	0.01631668792405541
fmin:	0.04349947039127485
a:	0.013163423300337367
b:	0.057401861931990615
