success:	True
minus_ll:	1.2711084447506555
n_points:	20000
eps:	0.01
ftol:	1e-05
best parameters:
beta:	2.50943450669088
fmin:	-5.941311936020237
a:	0.08577793080664957
errors:
beta:	0.021504654472787193
fmin:	0.05678743432283056
a:	0.005844595681522545
