success:	True
minus_ll:	3.480363782790414
n_points:	20000
eps:	0.01
ftol:	1e-05
best parameters:
beta:	10.0
fmin:	-3.5623540932334516
a:	12.391155931907429
b:	2.742085081050522
errors:
beta:	2.6721992720616767
fmin:	0.03635900072967073
a:	1.935647779708498
b:	0.08778805717948246
