success:	True
minus_ll:	3.6608386296580897
n_points:	20000
eps:	0.01
ftol:	1e-05
best parameters:
beta:	2.556540289815878
fmin:	-4.2813056512155026
a:	8.562147569821475
errors:
beta:	0.1874771057588632
fmin:	0.24673012668362193
a:	0.5399482553896211
