success:	True
minus_ll:	1.2711735106078224
n_points:	20000
eps:	0.01
ftol:	4.9999999999999996e-06
best parameters:
beta:	2.5060881430238426
fmin:	-5.950266458003973
a:	0.08095954192291023
b:	0.9798035556815785
errors:
beta:	0.02681522958685046
fmin:	0.07707406694498513
a:	0.020732658183948597
b:	0.10288986291473713
