success:	True
minus_ll:	5.16988696511268
n_points:	20000
eps:	0.01
ftol:	1e-05
best parameters:
beta:	2.4881625919684707
fmin:	-3.554347953358758
errors:
beta:	0.03448682437883345
fmin:	0.022386132053727595
