success:	True
minus_ll:	1.3734848301524338
n_points:	20000
eps:	0.01
ftol:	1e-05
best parameters:
beta:	2.493740860753297
fmin:	-6.147362738666913
a:	0.08622541574352355
errors:
beta:	0.015203087389531657
fmin:	0.04181111036561133
a:	0.0044815079992266155
