success:	True
minus_ll:	4.210362743203246
n_points:	20000
eps:	0.01
ftol:	1e-05
best parameters:
beta:	2.3740802036383264
fmin:	-4.936928258506195
a:	8.366329905450193
b:	0.9714417609929741
errors:
beta:	0.09618523169899366
fmin:	0.2773039518543658
a:	0.7240365575538117
b:	0.03823532334814724
