success:	True
minus_ll:	3.715572844599812
n_points:	20000
eps:	0.01
ftol:	1e-05
best parameters:
beta:	6.794597562311216
fmin:	-3.8376012051005564
a:	11.499308334128537
b:	2.2514539651859686
errors:
beta:	1.3426086119815406
fmin:	0.03242027049435177
a:	1.1022829004183463
b:	0.07511606373256156
