success:	True
minus_ll:	1.4746833072002001
n_points:	20000
eps:	0.01
ftol:	4.9999999999999996e-06
best parameters:
beta:	2.543735098561122
fmin:	-6.163211748367137
a:	0.1800742877207967
b:	0.9856253513594669
errors:
beta:	0.017439199129506717
fmin:	0.04126269117192279
a:	0.01927497523455947
b:	0.041026990485322955
