success:	True
minus_ll:	1.4746591962096776
n_points:	20000
eps:	0.01
ftol:	1e-05
best parameters:
beta:	2.532436522247268
fmin:	-6.186522122329721
a:	0.18650467362008544
errors:
beta:	0.015203118454016696
fmin:	0.03541785259779204
a:	0.004874650874785721
