success:	True
minus_ll:	1.285539556618171
n_points:	20000
eps:	0.01
ftol:	1e-05
best parameters:
beta:	2.5855684051182273
fmin:	-6.011588263378996
a:	0.0561001136600124
errors:
beta:	0.01914227849173962
fmin:	0.040470573208921966
a:	0.004273071098392873
