success:	True
minus_ll:	5.61595523949544
n_points:	20000
eps:	0.01
ftol:	1e-05
best parameters:
beta:	2.3354631447891907
fmin:	-3.9233816964089976
errors:
beta:	0.021130826139131142
fmin:	0.02063497366845201
