success:	False
minus_ll:	1.2855339196697093
n_points:	20000
eps:	0.01
ftol:	4.9999999999999996e-06
best parameters:
beta:	2.5829858028200365
fmin:	-6.025674186582769
a:	0.055451371089749936
b:	0.9687113328413717
errors:
beta:	0.021719890853016035
fmin:	0.0484610800832115
a:	0.009744242630713726
b:	0.0691141462727682
