success:	True
minus_ll:	4.2103327265214086
n_points:	20000
eps:	0.01
ftol:	1e-05
best parameters:
beta:	2.3775604692311965
fmin:	-4.901962028143799
a:	8.744672463551519
errors:
beta:	0.09074961518123523
fmin:	0.23385536710709587
a:	0.4109565272338996
