success:	True
minus_ll:	3.620897689167756
n_points:	20000
eps:	0.01
ftol:	1e-05
best parameters:
beta:	2.22924591834226
fmin:	-4.8333445788293945
a:	5.0
b:	0.8944086555045535
errors:
beta:	0.05026355119256584
fmin:	0.17935223246950113
a:	0.4059080236062179
b:	0.040990294617996914
