success:	True
minus_ll:	4.164939907466375
n_points:	20000
eps:	0.01
ftol:	1e-05
best parameters:
beta:	2.1819758460473975
fmin:	-3.737477317283757
errors:
beta:	0.018348668047164847
fmin:	0.027169079032489152
