success:	True
minus_ll:	1.4105139451093731
n_points:	20000
eps:	0.01
ftol:	4.9999999999999996e-06
best parameters:
beta:	2.5324005359682085
fmin:	-6.061012835527644
a:	0.06952507977539807
b:	1.0022265891399216
errors:
beta:	0.011868780336281652
fmin:	0.02660469978783408
a:	0.01005373682871095
b:	0.060701821627169784
