success:	True
minus_ll:	3.6382354379066477
n_points:	20000
eps:	0.01
ftol:	1e-05
best parameters:
beta:	2.0634299113533574
fmin:	-4.435321219117546
a:	2.6870150914951214
errors:
beta:	0.031021404072823635
fmin:	0.15054306064064135
a:	0.19198888879195672
