success:	True
minus_ll:	3.6221434778998995
n_points:	20000
eps:	0.01
ftol:	1e-05
best parameters:
beta:	2.171979120208256
fmin:	-4.866589536868411
a:	4.486096507582473
errors:
beta:	0.03270872308662416
fmin:	0.14231697471053156
a:	0.19890011008318498
