success:	True
minus_ll:	1.3076262640185945
n_points:	20000
eps:	0.01
ftol:	1e-05
best parameters:
beta:	2.539642515996616
fmin:	-6.005413037157634
a:	0.05056489958403934
errors:
beta:	0.01633350435285364
fmin:	0.03891284329880284
a:	0.004416162424867312
