success:	True
minus_ll:	1.4105587875657288
n_points:	20000
eps:	0.01
ftol:	1e-05
best parameters:
beta:	2.5206472251008316
fmin:	-6.083385007826505
a:	0.06765319623860318
errors:
beta:	0.011191424748608377
fmin:	0.025616162089665252
a:	0.004023328734823825
