success:	True
minus_ll:	1.4146004330900368
n_points:	20000
eps:	0.01
ftol:	1e-05
best parameters:
beta:	2.5768182754739795
fmin:	-5.895642521932144
errors:
beta:	0.010099665080873718
fmin:	0.01630840261061948
