success:	True
minus_ll:	1.3076173018977846
n_points:	20000
eps:	0.01
ftol:	4.9999999999999996e-06
best parameters:
beta:	2.5375538578920556
fmin:	-6.0156900282310914
a:	0.051981172031563924
b:	0.9886075512070099
errors:
beta:	0.018213320954211312
fmin:	0.04560460356665151
a:	0.010328767563048727
b:	0.07878417243171193
