success:	True
minus_ll:	24642.331183294817
best parameters:
alpha:	2.56834579553434
fmin:	-5.772240488017977
a:	0.5250836054995104
b:	1.8548732359606483
