success:	True
minus_ll:	24696.35676167161
best parameters:
alpha:	2.5094514131025516
fmin:	-5.941307438653255
a:	0.08580624123027132
