success:	False
minus_ll:	1.375757242055288
n_points:	20000
eps:	0.01
ftol:	4.9999999999999996e-06
best parameters:
beta:	2.5113972002296854
fmin:	-6.439864863559886
a:	0.10864078528924079
b:	0.8940325130071558
errors:
beta:	0.01515270016237246
fmin:	0.043589537228026914
a:	0.009851153318907803
b:	0.02943063405420961
