success:	True
minus_ll:	4.770535518728045
n_points:	20000
eps:	0.01
ftol:	1e-05
best parameters:
beta:	3.015323801275434
fmin:	-3.443908846322316
a:	8.125352957501024
b:	0.20000000000000004
errors:
beta:	0.29164526794865553
fmin:	0.10102352403188455
a:	6.540442439392757
b:	1.0181955878224132
