success:	True
minus_ll:	3.5034377400504217
n_points:	20000
eps:	0.01
ftol:	1e-05
best parameters:
beta:	3.333485320259675
fmin:	-3.9505059025293736
a:	11.652228285917102
b:	1.7854995589212777
errors:
beta:	0.24535176538607414
fmin:	0.05521501203023421
a:	1.4687138791895515
b:	0.09629945621263737
