success:	False
minus_ll:	1.3606245524942453
n_points:	20000
eps:	0.01
ftol:	4.9999999999999996e-06
best parameters:
beta:	2.518895029998135
fmin:	-6.519192418982185
a:	0.11704261861892483
b:	0.8710005065952886
errors:
beta:	0.017781324482022992
fmin:	0.05260925423746792
a:	0.010795176011643785
b:	0.027142795921028116
