success:	True
minus_ll:	3.522645033253439
n_points:	20000
eps:	0.01
ftol:	1e-05
best parameters:
beta:	2.385023912922803
fmin:	-4.555255113792601
a:	7.258071517711747
errors:
beta:	0.07103474769803188
fmin:	0.16353232837420853
a:	0.37479731492448753
