success:	True
minus_ll:	1.3950097320576174
n_points:	20000
eps:	0.01
ftol:	1e-05
best parameters:
beta:	2.6941301910044793
fmin:	-5.878464780738119
errors:
beta:	0.012001650893206189
fmin:	0.014351596982702487
