success:	True
minus_ll:	4.777643455707362
n_points:	20000
eps:	0.01
ftol:	1e-05
best parameters:
beta:	3.0
fmin:	-3.431001210732142
a:	3.7496432689355332
errors:
beta:	0.10803287820805522
fmin:	0.028119443356871276
a:	0.20441465190518104
