success:	True
minus_ll:	1.3757175048090244
n_points:	20000
eps:	0.01
ftol:	1e-05
best parameters:
beta:	2.5262819474894376
fmin:	-6.405900444529906
a:	0.15588034571368053
errors:
beta:	0.013411240227460533
fmin:	0.03459779869959495
a:	0.0038969054205625912
