success:	True
minus_ll:	1.3605680276318135
n_points:	20000
eps:	0.01
ftol:	1e-05
best parameters:
beta:	2.5296251569282187
fmin:	-6.481237081611921
a:	0.17910576057235625
errors:
beta:	0.01578894824821588
fmin:	0.042281471055530054
a:	0.003999353028946975
