success:	True
minus_ll:	4.554401105374518
n_points:	20000
eps:	0.01
ftol:	1e-05
best parameters:
beta:	2.1039810531905916
fmin:	-4.956098426840392
a:	4.761741909665522
errors:
beta:	0.022918527225366695
fmin:	0.12262044676175511
a:	0.19371094177570536
