success:	True
minus_ll:	4.554564736851905
n_points:	20000
eps:	0.01
ftol:	1e-05
best parameters:
beta:	2.1183646316949214
fmin:	-4.946612655787581
a:	5.0
b:	0.9774253405891438
errors:
beta:	0.025669461006689414
fmin:	0.13805602508946735
a:	0.25730643110483936
b:	0.030131903451045255
