success:	True
minus_ll:	2.88188961066412
n_points:	20000
eps:	0.01
ftol:	1e-05
best parameters:
beta:	2.6073740041958025
fmin:	-4.400935367536017
a:	6.792186262591518
errors:
beta:	1.6551646067237809
fmin:	4.084658043356497
a:	0.6835139535394933
