success:	True
minus_ll:	1.3122223183497361
n_points:	20000
eps:	0.01
ftol:	4.9999999999999996e-06
best parameters:
beta:	2.5205185464117177
fmin:	-6.389314819201159
a:	0.1787118493028
b:	1.0850562440645686
errors:
beta:	0.01665791549437978
fmin:	0.0466669356244877
a:	0.01811978892178411
b:	0.034752751974390685
