success:	True
minus_ll:	2.85340334563722
n_points:	20000
eps:	0.01
ftol:	1e-05
best parameters:
beta:	2.1988268247994545
fmin:	-4.928429197743914
a:	1.9999999999999998
errors:
beta:	0.055493780562175674
fmin:	0.3276156700349651
a:	0.09544368126025886
