success:	True
minus_ll:	2.8007395261849473
n_points:	20000
eps:	0.01
ftol:	4.9999999999999996e-06
best parameters:
beta:	2.4825003732566957
fmin:	-4.775757165181952
a:	2.0
b:	0.7411393221537657
errors:
beta:	0.13509855910519067
fmin:	0.3355203986523007
a:	0.3522414664905836
b:	0.06670197661973415
