success:	True
minus_ll:	1.3126538879696985
n_points:	20000
eps:	0.01
ftol:	1e-05
best parameters:
beta:	2.514164024344406
fmin:	-6.3970002269867585
a:	0.13142910407705005
errors:
beta:	0.014693975047677194
fmin:	0.041418893960987795
a:	0.004151230702937759
