success:	True
minus_ll:	3.3114704788046825
n_points:	20000
eps:	0.01
ftol:	1e-05
best parameters:
beta:	2.535693639427716
fmin:	-4.415674776458933
a:	6.278533882438501
errors:
beta:	0.19496010787256096
fmin:	0.3118537478881357
a:	0.37890480565576734
