success:	True
minus_ll:	4.708353525652852
n_points:	20000
eps:	0.01
ftol:	1e-05
best parameters:
beta:	2.862998877924224
fmin:	-3.369527601656576
errors:
beta:	0.07100986546759866
fmin:	0.022478141219445278
