success:	True
minus_ll:	1.4296257404307364
n_points:	20000
eps:	0.01
ftol:	1e-05
best parameters:
beta:	2.4844974757132627
fmin:	-5.972744035167473
a:	0.07486345996143269
errors:
beta:	0.014916788566603981
fmin:	0.03948502262483824
a:	0.005051500850583613
