success:	True
minus_ll:	1.429614646545196
n_points:	20000
eps:	0.01
ftol:	4.9999999999999996e-06
best parameters:
beta:	2.4808183349882236
fmin:	-5.97932283077098
a:	0.07710441705513797
b:	1.0188752808644823
errors:
beta:	0.018856362217783165
fmin:	0.05394020090953223
a:	0.012730348711370246
b:	0.0771761466742877
