success:	True
minus_ll:	1.4348103743970908
n_points:	20000
eps:	0.01
ftol:	1e-05
best parameters:
beta:	2.5440928309488804
fmin:	-5.745550653471235
errors:
beta:	0.012862262506732645
fmin:	0.023476348606627586
