success:	True
minus_ll:	1.6477804586356282
n_points:	10000
eps:	0.01
ftol:	1e-05
best parameters:
beta:	2.170002604256942
fmin:	-7.0
a:	0.6429391913602897
errors:
beta:	0.05632473423421267
fmin:	0.8052030655574154
a:	0.04299645676499228
