success:	True
minus_ll:	3.9770486882097917
n_points:	10000
eps:	0.01
ftol:	1e-05
best parameters:
beta:	2.1741819232127035
fmin:	-5.402091901592386
a:	0.12522913568958732
errors:
beta:	0.007355057755929103
fmin:	0.034045523269902796
a:	0.007757148986487203
