success:	True
minus_ll:	2.5991080756886205
n_points:	20000
eps:	0.01
ftol:	1e-05
best parameters:
beta:	2.436848678708237
fmin:	-5.633458402421025
errors:
beta:	0.012896345011732188
fmin:	0.03229749761595976
