success:	True
minus_ll:	2.760486434286084
n_points:	20000
eps:	0.01
ftol:	1e-05
best parameters:
beta:	2.4551449272283454
fmin:	-5.577795255253561
a:	0.008686027427919562
b:	1.017075502312465
errors:
beta:	0.012105551726801889
fmin:	0.027273023575700536
a:	0.004320350630043714
b:	0.23758463888134151
