success:	True
minus_ll:	2.7605083811503657
n_points:	20000
eps:	0.01
ftol:	1e-05
best parameters:
beta:	2.455269803470623
fmin:	-5.577098907814959
a:	0.007763781326396477
errors:
beta:	0.011709668374213562
fmin:	0.025490758242213557
a:	0.0030581757896401287
