success:	True
minus_ll:	0.9399639867235351
n_points:	10000
eps:	0.01
ftol:	1e-05
best parameters:
beta:	2.5792195378025147
fmin:	-6.02720188017997
a:	0.12426386860205425
b:	0.905350889403903
errors:
beta:	0.04847091343960725
fmin:	nan
a:	0.13287376846122567
b:	0.15663346220342933
