success:	True
minus_ll:	3.9479287770953673
n_points:	10000
eps:	0.01
ftol:	1e-05
best parameters:
beta:	2.178826599275762
fmin:	-5.345420235715214
a:	0.44959449075336577
b:	1.665418403885675
errors:
beta:	0.007073004163419826
fmin:	0.03063089592204454
a:	0.023240670760305462
b:	0.02994184297949653
