success:	True
minus_ll:	2.612366547570895
n_points:	20000
eps:	0.01
ftol:	1e-05
best parameters:
beta:	2.4101610546595285
fmin:	-5.885558027919849
a:	0.023418534484973143
errors:
beta:	0.010288301270011138
fmin:	0.029793218137393437
a:	0.0027770289601840407
