success:	True
minus_ll:	2.48510676400759
n_points:	20000
eps:	0.01
ftol:	1e-05
best parameters:
beta:	2.504049947982498
fmin:	-5.747225859601863
a:	0.019081902474536748
b:	1.0113715733199975
errors:
beta:	0.014897077566778497
fmin:	0.03404902443568003
a:	0.004514260722544173
b:	0.09351614308493701
