success:	True
minus_ll:	2.4851283973055107
n_points:	20000
eps:	0.01
ftol:	1e-05
best parameters:
beta:	2.5005586584884596
fmin:	-5.754655602419006
a:	0.018185969517581505
errors:
beta:	0.014317570462726931
fmin:	0.03212607012296745
a:	0.002674465650233893
