success:	True
minus_ll:	0.7094852639425474
n_points:	10000
eps:	0.01
ftol:	1e-05
best parameters:
beta:	2.296583158528579
fmin:	-5.478713488094099
a:	0.12338048757849941
b:	0.977009138969728
errors:
beta:	nan
fmin:	nan
a:	0.04653110969515402
b:	0.10191170066975015
