success:	True
minus_ll:	0.7091215666124921
n_points:	10000
eps:	0.01
ftol:	1e-05
best parameters:
beta:	2.3639712260784775
fmin:	-5.094450154755676
a:	0.07749358755079909
errors:
beta:	0.0891538161717346
fmin:	0.426280405901519
a:	0.07931354714916736
