success:	True
minus_ll:	1.8469864068544588
n_points:	10000
eps:	0.01
ftol:	1e-05
best parameters:
beta:	2.2239374958876823
fmin:	-5.121490185808302
a:	0.01623087087806667
errors:
beta:	0.012355187382530353
fmin:	0.05344399835323807
a:	0.013507119674454728
