success:	True
minus_ll:	1.8469903401615095
n_points:	10000
eps:	0.01
ftol:	1e-05
best parameters:
beta:	2.2234629286008163
fmin:	-5.123460427058545
a:	0.01632229079043123
b:	0.9990248414239639
errors:
beta:	0.012978470138714227
fmin:	0.05708123014129375
a:	0.021589564493824317
b:	0.6256526753187017
