success:	True
minus_ll:	2.5785481761645244
n_points:	20000
eps:	0.01
ftol:	1e-05
best parameters:
beta:	2.459087458226533
fmin:	-5.846391087423962
a:	0.01036430528484015
b:	1.052031365901414
errors:
beta:	0.012760500775765867
fmin:	0.03322930385053063
a:	0.0033084343442014905
b:	0.16441096433373031
