success:	True
minus_ll:	1.9447751557419823
n_points:	10000
eps:	0.01
ftol:	1e-05
best parameters:
beta:	2.413049481641535
fmin:	-5.21842702432175
a:	0.7335815814787777
b:	1.6362601072963412
errors:
beta:	0.031148789760066575
fmin:	0.09338553528913772
a:	0.08920561239448319
b:	0.07807765425900381
