success:	True
minus_ll:	1.9540984860364992
n_points:	10000
eps:	0.01
ftol:	1e-05
best parameters:
beta:	2.396689035030078
fmin:	-5.327788286500056
a:	0.16015125350326684
errors:
beta:	0.03205676833587969
fmin:	0.10484634140328732
a:	0.012993466619467672
