success:	True
minus_ll:	2.612283084750932
n_points:	20000
eps:	0.01
ftol:	1e-05
best parameters:
beta:	2.423654371282945
fmin:	-5.842558946667539
a:	0.01985734172612921
b:	1.0205679305567663
errors:
beta:	0.01034915575471161
fmin:	0.02866814367783435
a:	0.004873434795949822
b:	0.08866337819259293
