success:	True
minus_ll:	2.5790035205634765
n_points:	20000
eps:	0.01
ftol:	1e-05
best parameters:
beta:	2.4705326696688235
fmin:	-5.809163584126269
errors:
beta:	0.011297245201950913
fmin:	0.025705738580686328
