success:	True
minus_ll:	2.5990342139116858
n_points:	20000
eps:	0.01
ftol:	1e-05
best parameters:
beta:	2.441478079235211
fmin:	-5.623280049355867
a:	0.001
b:	0.9661448460168461
errors:
beta:	0.01275953666364519
fmin:	0.031113862380439627
a:	0.0009943356433145013
b:	nan
