success:	True
minus_ll:	2.599037498357886
n_points:	20000
eps:	0.01
ftol:	1e-05
best parameters:
beta:	2.435556795988044
fmin:	-5.638719600985557
a:	0.0017575122756381607
errors:
beta:	0.013389806476757849
fmin:	0.0348040227845422
a:	0.00287566109806167
