success:	True
minus_ll:	2.5786037115208313
n_points:	20000
eps:	0.01
ftol:	1e-05
best parameters:
beta:	2.459390952330567
fmin:	-5.844252604399841
a:	0.0075037257923248665
errors:
beta:	0.01179113340463806
fmin:	0.029085633811608124
a:	0.002375265182867458
