n_points:	300000
logM_logn0_slope:	1.2152661233708797
logM_logn0_offset:	-8.0833700263102
logM_logn0_offset_slope1:	-6.324000000015976
plateau_rank:	10
mean_ll:	-1.433847397748115
tau:	3.771792729137058
theta:	2.388981025792886
tau_err:	0.42784580922798565
theta_err:	0.30343505144483773
n0:	47424.19852427987
