n_points:	300000
M_tot:	10000000000
n0:	42037.44998607096
ll:	-1.4476034890106833
tau:	15.538701407343062
theta:	9.691481019590425
