n_points:	300000
M_tot:	10000000000
n0:	12695.106940641756
ll:	-1.878743215612545
tau:	15.541910323897227
theta:	9.119984178395539
