n_points:	300000
M_tot:	10000000
n0:	16.805207992445812
ll:	-1.278556500979625
tau:	16.631470700300426
theta:	10.421848888353804
