n_points:	300000.0
logM_logn0_slope:	1.104608658436434
logM_logn0_offset:	-6.506816717098546
logM_logn0_offset_slope1:	-5.722727272741939
plateau_rank:	10
mean_ll:	-1.2784875623829048
tau:	16.019661747538994
theta:	10.116029481280142
alpha:	1.265015232099459
tau_err:	1.298012875994048
theta_err:	0.6877476944528269
alpha_err:	0.04613799709938243
birth_rate:	6863.777012767233
