success:	True
minus_ll:	1.3744390596315104
best parameters:
alpha:	2.602929335379597
fmin:	-5.901355512503921
a:	0.09266956813470026
