success:	True
minus_ll:	1.2712367611900743
best parameters:
beta:	2.49431844485738
fmin:	-6.000554268232411
a:	0.09425445938105335
