success:	True
minus_ll:	3.68742627770145
n_points:	20000
eps:	0.01
ftol:	1e-05
best parameters:
beta:	2.0447293366354695
fmin:	-8.0
a:	6.396116882008401
b:	0.9597323684009845
errors:
beta:	0.011047461647976119
fmin:	nan
a:	0.37538207186794176
b:	0.01781512468282384
