success:	True
minus_ll:	1.374258084673726
best parameters:
alpha:	2.600153161013266
fmin:	-5.8988768550958
a:	0.09564935781073766
b:	1.0388607220035868
