success:	True
minus_ll:	5.1698947044149195
n_points:	20000
eps:	0.01
ftol:	1e-05
best parameters:
beta:	2.4875788711138758
fmin:	-3.5547317680490895
errors:
beta:	0.03447332775366748
fmin:	0.02240999817135645
