success:	True
minus_ll:	3.7576012264887857
n_points:	20000
eps:	0.01
ftol:	1e-05
best parameters:
beta:	2.3773278644771945
fmin:	-4.704496989295715
a:	9.053400620571121
errors:
beta:	0.09066838897769214
fmin:	0.20332168786125476
a:	0.45096325255707087
