success:	True
minus_ll:	62025.677851158514
best parameters:
alpha:	2.5173216303276975
fmin:	-6.094821245870135
a:	0.07165804327732953
