success:	True
minus_ll:	62025.07132262175
best parameters:
alpha:	2.52127908245341
fmin:	-6.083450198301323
a:	0.07149989795238827
b:	1.0137686909259869
