success:	True
minus_ll:	44008.58631535839
best parameters:
alpha:	2.4951787215318264
fmin:	-6.146832480812374
a:	0.08803776738160085
