success:	True
minus_ll:	43999.16745805518
best parameters:
alpha:	2.4871408350703086
fmin:	-6.169040533010121
a:	0.16182235984404836
b:	1.2028247334858975
